0.782521,1.472817,-0.003162,0.587545,0.792286,0.080691,-0.003886,1.090219,0.434711,0.652371,-0.102486,-1.423640,0.101753,-0.010611,-0.060655,-1.056613,-0.455241,-1.009328,0.812442,0.305911,0.699397,-0.189412,-0.643849,-0.310716,-0.140731,-0.281621,-0.052235,-0.568295,0.026332,0.336962,1
1.501271,-0.696018,-0.753564,-0.415595,1.232084,0.472005,-1.450528,0.196970,-1.171598,0.634748,0.928734,0.568744,-0.768878,-0.122947,-1.142339,0.558233,0.230186,-0.659103,-0.517812,-1.084924,-0.037549,-0.423137,-1.418339,0.577682,0.385610,-1.437541,-0.513335,-0.272451,0.208235,0.792767,1
0.257740,0.981979,0.660144,-0.752711,-0.297172,-0.455705,1.601324,0.203638,-0.900330,1.622921,0.505689,0.184226,0.632812,0.223711,0.734174,0.900328,1.045250,-0.446184,-0.615040,-0.210671,-0.047319,0.049371,-0.812552,0.265379,0.039633,0.111305,-0.399196,-1.443005,-0.095715,-0.350392,1
1.448605,1.154793,-0.264533,0.259587,-2.011526,1.026290,-0.417624,0.635100,1.369342,0.469733,-1.782832,-1.282269,0.191169,1.607356,0.886775,0.478271,-0.204714,-0.387187,-0.070987,0.523968,0.126065,-0.239241,-0.444755,0.200329,-0.105366,0.710961,-0.235334,-1.140889,1.242827,-0.495475,1
1.162227,0.005484,-0.309779,0.887296,0.245747,0.200451,-1.121117,-0.341229,-1.187028,0.611250,0.650786,-0.293091,-0.390070,-0.718003,0.354376,0.775925,0.860309,0.452744,-0.072505,0.648957,-0.320064,0.114219,-0.734361,0.153787,-1.261034,0.014519,-0.917405,-0.929440,1.034726,0.341190,1
1.656824,0.349097,1.051664,0.508824,1.150464,0.564433,0.720666,0.599255,-0.622510,0.511489,0.466733,-1.630381,-0.503881,-0.573383,0.893116,0.480762,-0.300798,0.223708,-0.213199,-0.736084,0.347828,0.278203,-0.725420,-0.128694,-0.507262,-0.352696,-0.980603,0.972744,0.285467,-0.736418,1
1.565782,2.597013,1.155735,1.288789,-0.094250,1.015998,-0.760068,0.077794,-1.138326,-0.256170,-1.399988,0.115428,0.664340,-0.017465,-0.683150,0.198314,0.139262,-0.846186,0.177450,0.484665,0.166994,-0.242631,0.035014,-0.951560,-1.065214,0.760439,-0.200385,0.030475,-0.284701,0.104246,1
1.404181,-0.137704,0.146958,0.221851,-0.909572,-0.534696,1.043537,-0.483716,-1.338010,1.114547,-0.434943,-0.472014,0.440804,0.485512,-0.084722,-0.399429,0.539953,-0.034319,-0.177500,0.477633,0.300010,1.494388,0.426877,0.128481,0.242575,-0.076892,0.304874,-0.750191,-0.654256,-0.629253,1
0.822085,-0.160682,-0.269609,0.487630,0.890804,-1.141495,-0.360384,0.334061,1.751768,0.677723,-0.099585,0.539795,0.210135,-0.694782,0.328815,0.605219,0.347011,0.981806,0.414439,0.491178,-0.220075,-0.544558,-0.706338,0.453179,-0.250592,1.252388,0.032727,0.450708,-1.393852,0.242813,1
0.910126,-0.822783,0.594521,-0.486498,-0.194224,1.074529,-0.497722,0.631999,0.132209,0.249992,0.769569,0.181623,-0.193960,-0.743072,-0.392546,-1.345187,-1.263849,-1.065014,1.319965,-0.056268,-0.361584,0.267522,-0.233211,-0.103931,0.391547,1.734102,-0.989467,-1.474976,0.683738,-0.074671,1
1.025455,0.595706,-1.561672,-0.277752,1.056954,-0.084208,-0.826927,-0.020083,0.582664,0.031778,0.804178,-0.747581,0.158624,-0.356409,-0.470760,-0.027952,0.130193,0.407359,0.264149,-0.405687,-2.127988,0.546977,-0.183357,-0.189850,-0.547043,0.019269,-0.580173,0.805906,0.168302,0.822146,1
0.133116,0.183463,0.365723,-1.034747,-0.730803,-0.345824,0.547324,1.479490,0.522783,0.988651,-0.859044,0.398592,0.010627,-0.094491,-0.538804,-0.578857,-0.450091,1.310618,-0.824950,0.160614,-0.200880,-0.011664,-1.895647,1.468925,1.298691,-0.279356,0.607952,0.488214,1.404123,0.475926,1
0.424462,1.226559,-0.233082,-0.333006,0.271202,0.886621,-0.472450,0.612065,-0.693009,0.232426,-0.500682,0.011810,-1.117068,-0.243121,0.039201,0.914273,-0.784031,0.285133,0.104525,1.029584,1.425883,-0.473329,-1.074532,-0.524535,0.016385,0.747431,0.226956,-0.291788,1.041065,-0.300582,1
1.376922,-1.404429,-0.378481,-0.408613,0.826126,-0.547458,0.682344,0.588978,0.659103,0.537127,0.595448,-0.785966,0.830921,0.453664,1.170955,0.636893,0.864848,-0.773243,-1.181517,0.222504,0.159531,0.130836,0.336055,0.311184,-0.894504,-1.329995,-0.069767,-1.380930,0.508244,-0.003086,1
1.865619,-0.371188,-0.584955,-0.158184,0.751237,0.240557,-0.099540,-0.022190,-0.711338,-0.968673,0.674452,-1.199106,-0.820218,0.174751,-0.019238,-1.047301,-0.901029,0.331486,0.499197,-1.441855,0.687188,-0.107573,-0.319337,0.671288,0.409694,-1.353401,-0.446543,-0.668247,0.288085,0.150029,1
0.183874,-0.195253,-0.120564,-0.607807,0.159209,-0.195392,-0.043808,0.483342,-0.884256,0.455078,0.610099,-0.417908,0.429901,-2.141952,-0.320838,-0.094409,1.144101,-0.077806,-0.674357,-0.007805,1.306895,0.770210,0.294746,-0.794945,0.678074,-1.311977,-0.544951,-0.973876,0.579027,-0.025142,1
1.221377,-0.494534,-0.358190,0.014801,1.154130,-0.020216,0.538845,0.156213,-0.691650,-0.473117,1.064174,-0.177753,-0.046051,0.157401,1.458918,1.132025,-1.595423,0.249357,1.470809,1.033250,-0.218606,-0.559322,-0.349996,-0.889877,0.463694,-0.082113,0.267703,-0.853527,0.155917,-0.948932,1
1.521865,-0.443373,-0.228414,-0.154414,-0.427252,-0.038510,-0.133381,-0.417008,-0.919798,-0.049068,1.128357,0.898352,1.389189,0.080959,-0.616735,-0.095303,-0.289340,-1.261345,-1.197049,0.466743,0.371883,0.380323,0.137170,-0.140495,1.246593,-0.025491,-0.044740,0.862876,0.733844,0.579381,1
1.958296,0.199958,0.101929,-0.390697,0.641464,0.396145,0.762401,1.917890,-1.264735,-0.102578,-0.080043,0.626798,-0.166347,0.032442,-1.100471,-0.675224,0.055182,-0.540545,0.661504,0.017142,-0.212259,0.577538,0.048034,1.707123,0.024449,-0.186877,-0.172447,-0.700185,0.712125,-0.283919,1
0.092381,0.874021,-1.140505,0.149177,-0.466830,-0.712713,0.235740,0.121180,-0.762849,-1.029468,0.877907,-0.123795,0.432049,-0.173382,-1.008526,0.778175,-0.055466,-1.928845,0.714745,0.739715,0.140936,0.327459,-0.530646,-0.831360,-1.032223,-0.422543,-0.908069,-1.569943,-0.208585,0.564919,1
1.526608,1.269252,-2.387683,1.205203,-0.284037,-0.211641,1.175781,0.343064,-0.944717,0.985580,0.293171,-0.551754,-1.614141,0.794488,0.386650,1.099683,-0.246549,-0.533245,0.048360,0.425853,0.512708,-0.799956,-1.035450,0.664469,-0.684815,0.457934,-1.503444,-0.570942,0.647754,-0.755984,1
1.947804,-0.667202,-1.066661,0.453829,-0.273569,-0.016917,-0.667014,-0.161696,-0.229175,-0.841967,1.036432,0.412100,0.767426,2.376651,-0.792565,0.255066,1.344260,0.051068,-0.028500,-0.737235,-1.447499,1.379209,-0.643419,0.092488,-0.161285,-1.150002,0.140496,-0.086672,-0.516416,-0.335203,1
0.679079,-0.467136,-0.347782,0.244411,0.375254,-1.061286,-0.755025,-1.565320,0.682825,-1.648531,0.192584,0.696977,0.732089,0.186054,-1.798207,-0.411556,-0.008264,1.242882,0.109359,0.218381,0.522787,0.246461,-1.425721,0.019672,0.810697,-0.253733,-1.049049,-0.236229,-1.888336,0.152333,1
0.979131,-0.494919,0.218768,-0.218394,-0.053220,0.778598,-0.642395,0.517484,0.510509,-0.766774,1.042502,-0.291713,-0.887723,1.464202,-1.883939,0.521249,-0.016391,0.896441,1.042900,-0.266522,0.055785,1.073698,-0.547502,-0.014984,0.258836,0.167172,0.348885,1.062680,-0.619586,-1.749446,1
0.512154,-0.635339,0.329985,1.165890,1.205204,1.410519,-1.098849,-0.335592,0.184174,0.519528,-0.375630,0.928946,-0.738419,-0.583400,0.128061,0.324314,-1.272154,-0.745430,-1.202143,0.444025,-1.379682,0.317658,-0.075776,0.128833,0.263249,0.277483,-0.824065,-1.109256,0.168150,0.238076,1
0.717789,-0.201025,-0.045700,-0.921514,0.093379,-1.037241,0.082663,-0.847155,1.050059,-0.269670,0.464086,1.189072,-0.311192,0.321425,1.100706,0.453996,0.372608,0.367920,-0.415435,1.093756,-0.537524,-1.213433,0.437632,0.862844,1.541131,-0.466215,0.068926,-0.154789,0.477756,-1.313296,1
1.024259,0.893836,-0.350871,-0.143118,-0.502812,-0.607316,-0.483608,0.969597,-0.140718,-0.830020,-0.074930,-0.462046,-0.386597,-1.083636,0.005771,-0.128583,0.640018,-0.018268,1.069556,0.309382,0.082382,0.801067,0.841696,-0.577977,-0.942636,0.113072,0.992323,-0.819121,-1.286165,-0.891856,1
0.629838,0.760824,0.107547,-0.740287,0.345169,0.856422,0.183794,0.861487,-0.542212,-0.374444,-0.650536,0.156867,-0.738025,-0.320268,0.607968,-0.168983,-0.607617,-0.397866,0.694380,-0.913975,-0.250082,0.536949,-1.087187,-0.722196,1.018645,-0.437513,-0.148741,0.655896,0.663141,0.196011,1
1.578084,1.130108,0.842035,-0.463147,-0.729922,-1.334216,0.127635,-0.962986,0.505799,0.347985,0.549907,1.870326,0.669534,-1.153987,0.307749,-1.063638,0.120818,0.107027,0.536969,-1.312370,-0.119986,0.037160,0.079887,0.581750,-0.051047,0.208938,-0.713070,1.558195,0.666889,0.260088,1
0.792077,0.596531,0.739681,-0.452030,-0.527395,-0.045932,0.391637,-1.044386,-0.126384,-1.007424,-0.365221,-0.546126,0.795908,-0.235493,0.387171,0.976419,-0.019641,0.418268,1.818067,0.312533,1.297025,-0.639505,-0.748530,-0.649441,-0.086845,-0.399210,0.541394,0.829452,0.031995,0.215804,1
0.710694,0.717806,1.307194,1.490036,-0.535123,-0.395765,-1.027014,1.071545,-0.878980,-0.367156,0.747740,0.467567,0.701550,0.177600,-0.456764,-1.126995,-0.213682,0.434414,-0.576415,-0.551311,0.840576,0.803714,0.345085,0.744720,-0.805745,0.116035,-0.697097,-0.200556,-0.677888,-0.326103,1
1.531393,0.311361,-0.332217,0.994802,-0.028154,0.594961,-0.308528,0.163635,-0.364261,0.000581,-0.802716,-0.721383,-0.043836,0.975027,-0.182907,-1.441465,0.061519,-0.194438,-0.320859,-0.305388,0.052154,-0.088840,-0.418467,0.404446,0.034370,0.302620,-0.760634,-0.256223,-0.236961,-0.436494,1
0.759812,1.743437,-0.588847,0.612869,2.183326,-0.439859,0.440915,-1.551452,-0.642960,0.020722,-0.444383,0.317062,0.652649,1.429822,0.017395,-0.099153,-0.750219,0.213338,1.155402,0.438153,0.798814,0.892665,-0.591058,-0.788854,-0.741331,-0.274928,-0.826717,0.521945,0.525641,0.066107,1
1.161671,-0.615178,-0.816084,-0.342262,0.225408,-0.442863,0.656264,-0.147082,-1.578914,0.156066,-2.644394,0.319983,-0.645778,-0.377457,-0.647909,-0.473130,0.273417,-0.423398,-0.080464,-0.183333,-0.235617,0.173807,0.135710,-0.615527,0.808616,2.160417,-0.635224,0.867659,0.647330,-0.014119,1
0.399257,-1.219617,-0.188168,-0.285175,-0.152377,-0.586205,-1.385763,0.181601,0.643791,-0.050400,0.597222,-0.638061,-0.011536,0.867687,-0.060005,-1.839915,0.497318,-0.314275,-0.821542,0.620114,-0.675419,-0.156699,2.346451,0.667809,0.024409,-0.204074,-0.088820,-0.648694,-1.264284,0.563815,1
1.360620,-0.050241,-0.386370,0.703635,0.341724,0.570092,0.230765,0.904956,1.151706,-2.356989,-0.055319,-1.035599,0.673761,0.022856,0.830504,0.239701,-0.043029,-0.622630,0.008095,-1.715120,0.338249,-0.452847,1.930378,-0.493883,-0.050360,0.069731,0.152095,0.945451,0.251945,0.549640,1
1.592198,0.821304,-0.522643,0.848238,0.000722,-0.985147,-0.251103,-0.487915,1.396904,-1.406615,0.819844,0.085939,0.843181,-0.165463,-0.537955,-0.211676,1.282475,0.000015,-1.107415,0.567998,0.901156,0.173062,0.477910,0.263774,-1.833202,1.464905,0.563680,-0.958400,1.782324,0.232898,1
1.926129,0.017348,-0.248367,-0.384009,-0.728219,0.499347,0.193596,-0.906468,-0.972548,0.211249,0.070870,0.418344,-0.852181,-0.639220,0.224416,0.424468,0.142989,-0.770396,0.181331,1.086706,0.541485,-0.602414,-1.154621,-0.031366,0.482565,-0.147439,1.173697,1.050857,0.425581,0.966707,1
0.027807,-0.314164,0.699766,-0.129351,0.957550,-1.119045,0.803708,0.535318,0.478878,0.889039,0.302769,0.339993,0.494658,0.452380,-1.340579,-1.124971,-0.376150,-1.043268,-0.428598,0.331947,0.442080,-1.843360,0.577055,-0.089509,-0.286686,0.450861,1.099293,0.546124,0.691530,0.666286,1
0.668696,-0.751310,-0.353624,-0.632465,-0.331963,0.206793,0.338968,-0.643582,0.560651,0.895575,0.256221,0.304053,0.331534,0.368133,1.122993,0.492872,0.397290,-0.301780,-0.503109,-0.730088,-0.743849,1.400517,-0.077310,1.430111,-0.758296,-0.902308,0.614856,-1.091854,0.101293,1.674495,1
0.458438,-0.020593,0.847138,0.577324,0.063735,0.385696,1.157878,-0.997942,-0.288476,0.942424,0.888165,-0.823762,0.086832,0.678504,1.152796,0.119689,-1.308736,0.797012,1.299108,-0.788333,-0.809855,-1.256809,-0.496690,1.253843,0.088432,-1.141664,-0.462219,-0.435184,-0.015928,-1.348048,1
0.454286,0.909893,0.131528,-0.917287,0.412148,-0.595259,-0.509791,0.932655,0.782315,-0.451346,-1.398393,0.223588,-0.101222,-0.056346,0.792233,-0.109345,-0.527250,0.363956,0.399471,0.573268,-1.206461,0.488680,1.081997,0.584031,-0.176821,-0.955846,-0.813039,0.806183,0.604124,0.762940,1
2.219372,-0.673525,-0.062122,1.123041,-0.447490,0.548176,0.250550,0.121799,-0.509716,1.167784,0.107734,0.920442,1.148925,1.019477,-0.461119,0.214273,-0.307563,-0.238753,0.375299,-0.611653,0.201375,0.147868,0.063637,0.194758,-0.709745,0.690364,-0.210779,-0.570552,1.643661,0.286401,1
1.452665,0.209132,0.131017,-0.749850,-1.476418,-0.467997,0.056580,0.692664,-1.549349,0.864041,0.234320,0.037550,0.809815,0.319877,-0.519645,0.045669,0.972891,-0.532177,1.207078,-0.228544,0.438206,-1.585935,0.489719,-0.484067,1.460517,-0.016093,-0.943161,0.585393,1.082064,-0.288534,1
1.544056,0.414614,-0.094275,-0.223228,-0.146044,0.557795,-0.182980,-0.614942,0.233073,0.688713,0.001837,-1.166229,1.145656,-1.114328,1.034049,-0.270944,-0.029821,-0.396753,-1.098054,1.152752,1.162784,-0.164975,0.630033,0.216460,-0.003746,0.686620,-0.874039,-0.218144,-0.522093,-0.202814,1
1.824466,0.544094,0.921997,1.106093,0.407166,-0.065668,-0.412210,-0.014035,0.372979,0.208624,0.414069,-0.566624,-0.349166,-0.485361,-0.503463,-1.709970,-0.431830,-0.746142,0.568902,0.816087,-0.524785,-1.001777,0.583478,-0.811547,0.988019,-0.193367,-0.213027,0.117086,-1.123647,0.702136,1
-0.206764,-0.204630,-0.334944,-0.020292,0.439301,0.284570,0.202226,1.497565,-0.689836,-0.462243,0.869459,0.965969,0.236062,-1.426437,0.636747,0.006590,0.625859,0.265370,-0.344436,-0.744396,1.285361,-2.040435,-1.262169,-0.057462,-0.483480,-0.770486,0.983412,0.221311,-0.059221,-0.256278,1
0.390161,2.413745,-1.113750,-0.245574,0.227166,-0.926414,-0.813091,0.489352,-0.381383,1.712733,-0.051836,-2.006751,-1.446608,-0.347210,0.191316,0.187011,-0.372797,-0.164634,0.565974,2.073599,1.267207,-0.448436,-0.682926,-1.176389,-0.301172,-0.507755,-0.270698,-0.047543,2.177642,0.811828,1
0.087855,-0.196997,1.340112,-0.964841,0.243952,0.340167,0.288476,-0.552865,-0.692394,-1.368451,-0.301902,-0.243842,0.303346,-0.706936,-0.806908,-0.852899,-0.009983,-0.124020,-0.453838,0.329447,0.668045,-0.066864,-0.271372,0.482885,-0.930824,0.080034,0.885644,-0.763082,0.779865,-0.878582,1
1.649137,-0.767096,-0.745310,-1.255022,0.489082,0.177800,-0.177027,-0.543233,-0.561510,0.145082,1.421920,1.039456,0.175358,-0.145881,1.299082,-0.115476,-0.034998,0.882154,-0.620554,-0.229227,-0.181383,0.641043,-0.044772,-0.216578,0.457681,-0.837883,0.088650,-0.084717,0.063290,0.359416,1
1.655699,0.537024,-0.014291,0.664191,0.464439,-0.076802,-0.563296,0.217449,0.411551,-1.488998,0.194267,0.439565,0.204185,0.262535,1.102379,-0.506077,0.660203,0.039222,0.560203,0.650864,-0.800725,0.606212,-0.647474,0.296207,0.429253,-1.524917,-0.726089,0.991606,0.076930,-0.151396,1
2.417549,-1.273620,-0.208748,0.796126,-0.597023,1.177052,-0.987071,-0.368820,-0.006011,0.156014,0.767387,0.478101,0.235277,1.198248,0.365005,0.630661,0.855270,0.503344,0.124310,-1.104105,0.497853,-0.241969,0.150730,0.765474,0.805220,-0.793965,-0.906019,-0.709647,0.327163,-0.137116,1
0.245379,-0.668339,-0.766608,-0.495310,-0.116722,-0.433539,-0.649634,0.193589,0.400290,-0.471540,-0.963420,-0.237994,-1.119944,1.531770,0.341968,0.350574,0.076524,0.800138,0.357288,0.460145,-1.013319,0.096700,0.953347,-0.062685,-0.631130,-0.397303,-0.691798,-1.478237,-0.940764,0.408840,1
2.056641,0.366639,-0.268988,1.100114,-1.007270,-0.328914,-0.567374,1.186556,0.521963,0.776307,-0.395750,0.104719,-0.048248,-0.402214,1.075379,0.096870,-0.570248,-0.122035,0.356601,-0.321327,-0.628996,0.622529,-0.075946,-1.207001,-0.409203,0.409442,-0.057260,-0.349174,0.263989,-0.863616,1
1.182814,0.390654,-1.281577,0.302313,0.388402,0.031680,-0.185556,-0.675586,-0.168276,1.330090,0.022594,-0.583243,0.408870,0.876447,-0.476846,-1.073807,1.646618,-1.383737,1.090939,0.215172,-0.177931,-0.538585,-0.197716,-0.422795,1.649571,-0.463237,-0.272828,-0.007162,-0.267035,-0.126949,1
1.189499,0.684270,-0.909290,0.135181,1.559563,-0.839978,0.075114,-0.632424,-0.884850,0.807544,-0.501551,0.584957,1.371633,0.928739,-1.081114,-1.153849,-0.338241,0.998958,0.457378,-0.234651,-0.390354,0.244993,0.024833,-1.045803,0.242663,-0.397052,0.367863,-0.122092,-0.040066,1.272717,1
1.134735,-1.225504,-0.489721,1.142089,0.113616,-1.751326,0.166722,0.092810,0.846313,-1.012196,0.390617,-0.025543,-0.097364,0.476774,-0.344164,-0.852036,0.156349,0.635835,-1.661201,-1.188335,0.108394,-1.545010,1.501059,-1.178192,-0.388347,-0.297971,-0.263193,0.779988,-0.376281,-0.194719,1
0.959426,0.974988,-1.040398,-0.936660,-1.375447,1.260275,0.572181,-0.162622,0.814707,-0.316379,1.119113,-0.390999,-0.938431,0.816629,0.977662,0.415952,0.903861,-0.824732,0.819552,-1.439273,0.254974,1.284230,-0.312193,-0.909557,0.221632,0.160360,-0.139456,0.264638,-0.020512,0.034795,1
1.542542,-1.134246,1.152443,-0.414446,-0.325019,0.097051,-0.043800,-1.075543,0.892901,0.340354,-0.214447,-0.140516,-0.216978,0.481429,-0.727818,-0.337020,-0.885948,-0.240508,-0.663936,-1.769007,-0.454184,-0.423354,0.714657,0.818727,-1.382331,0.901659,0.530604,0.519694,0.186949,-0.652057,1
0.230755,0.297038,-0.273150,-0.963326,0.384632,-0.377611,0.931567,-0.073199,0.327002,1.039773,0.830647,-0.599841,0.586219,-0.001932,-0.338327,0.075558,-1.099894,-0.860556,0.246720,1.754433,-0.073143,-0.131714,0.020352,-0.146662,1.290590,0.602674,0.049323,-0.564270,-0.596339,-1.406179,1
1.163332,-0.606268,0.009181,-0.071356,-0.168409,0.408609,0.043736,0.305912,0.045385,-1.264762,0.952666,1.299924,0.222653,0.670472,-0.119956,0.319253,-0.026555,0.451328,0.014068,-1.133505,0.279676,0.781173,-0.608659,-0.083586,0.427225,1.361984,-0.617790,-0.306648,-0.105401,-0.848097,1
2.085278,-0.517672,-0.689164,0.168775,-0.399166,-1.155990,-0.474096,-1.532684,-1.088415,1.553313,-0.156608,0.453448,0.398250,-1.493750,-0.353832,-0.085525,0.483683,-1.375253,0.144291,-0.140025,-1.697598,1.060640,0.282215,0.297685,-0.842384,0.495161,-1.244412,0.198164,-0.378693,-0.026498,1
0.562057,0.402112,0.318719,-0.057525,-1.432304,-0.318246,1.410539,0.350320,0.373288,0.214065,0.127966,0.430269,0.369932,0.222261,-0.502688,1.378335,1.193238,-0.530243,0.622478,-0.425519,0.604133,0.126473,0.700624,0.109301,-0.613807,0.515332,-0.036531,-0.010835,1.891875,-0.456993,1
2.391978,0.630088,-1.145412,-0.208932,0.657806,-0.241293,-0.306179,-0.178804,0.061796,-0.211184,0.130554,-0.364698,0.625202,0.698444,-2.054581,-1.082485,1.110492,-1.621082,0.366872,-0.173886,-0.965971,0.578592,-0.084778,-0.282811,-0.826887,2.021030,-0.464493,-1.656220,-0.025323,-1.370773,1
1.278709,-0.475206,-0.407957,-0.476651,-0.437855,-0.447616,1.224395,-0.414422,-0.591843,-0.207712,0.479513,-1.206535,-0.564858,-0.736565,0.797576,-0.151940,-0.727466,1.117109,-0.172437,0.393629,-0.654329,-0.274393,0.911105,-0.911355,2.079095,-0.424963,0.375040,-0.147740,-0.398913,0.032762,1
1.002460,0.753095,-0.198697,-0.961489,0.181091,0.388402,0.240205,0.003088,0.448527,1.027321,1.503441,0.561162,-1.460225,-0.342207,-0.094157,-1.359869,0.447571,2.020919,-0.622789,0.793210,-0.318211,0.183752,0.645957,-0.218082,1.095823,1.737293,-0.536819,-0.160226,0.287176,0.646672,1
-0.110224,0.276578,0.398072,0.006394,-0.033496,0.506729,-0.059890,0.636419,0.746255,0.127384,0.360770,-1.077836,-0.551429,0.050219,0.197138,1.284715,-1.347016,1.280837,-0.164750,-1.349485,-0.710909,0.286494,-1.255173,-0.349914,1.081264,0.666590,-1.517358,-0.247159,1.199465,-1.455440,1
1.115951,-1.260482,-0.486176,-1.196364,-0.177765,-0.361762,0.430763,0.724927,-0.899484,-0.267253,1.188022,-0.579687,-1.252708,0.700912,0.104540,1.209309,0.549891,0.240533,0.799828,-0.037654,1.255779,-1.130008,0.802260,-1.422394,-0.841662,0.167445,1.014512,-1.260989,0.074692,-2.107708,1
0.640062,0.657345,-1.690219,-0.272667,-0.435419,0.651361,0.316411,0.084343,0.807662,-1.205539,-0.080789,0.235462,1.005309,-0.265994,0.846138,-0.751190,-1.019510,0.736095,0.416113,0.025364,0.847003,0.128122,-0.652303,-1.289900,0.435523,0.669611,0.719579,-0.049929,-0.759574,-0.392071,1
-1.049293,0.169654,-0.040028,0.128816,-0.930075,0.283990,-0.213339,-0.862644,-1.159582,1.509164,-0.468910,0.002321,-0.422983,-0.061608,-0.272429,1.256666,-0.375125,0.052776,-0.343347,-0.716473,1.281057,0.202182,0.142877,0.087002,-0.164520,0.510453,1.287514,0.802309,0.419977,-0.609908,1
1.096938,-0.451562,-1.001182,0.465356,0.211296,1.111256,0.709338,-0.115158,-0.625302,0.262215,-0.486205,0.245103,0.814287,0.258918,-0.736842,-0.205950,0.453610,0.219497,0.318496,0.053936,-0.132199,-0.198884,-0.248849,-1.371212,0.964111,-0.732016,1.259326,0.688622,-0.528611,-0.567031,1
0.511034,-0.762384,-0.904850,0.056414,0.865009,0.438973,0.494288,0.267245,-0.137154,0.860831,0.611848,-0.775424,-0.710328,0.410525,0.190082,-0.851807,-0.729031,-0.115939,-1.111020,0.653862,-0.111828,0.112010,0.237427,-0.054443,-0.777483,0.890168,-0.616581,0.132084,-0.130411,-0.290891,1
1.647996,0.081270,1.015974,-1.190778,-0.529603,-0.051054,-1.619678,0.603639,-0.961253,0.265872,1.755285,-0.164095,-0.285090,0.217380,-0.425557,0.480687,-1.299501,-0.961189,0.113243,1.139387,0.722521,0.677020,-0.123471,0.925666,0.121930,-0.442293,0.465546,0.230654,0.309119,-0.409385,1
1.466385,0.656011,0.288092,0.655148,-0.825714,-1.482662,1.097041,-0.895596,0.311836,-0.516296,1.142207,-1.025045,-0.256009,-0.223138,-0.438593,-0.646754,1.312219,0.611338,1.214758,0.140715,0.623136,0.963622,-0.488446,-0.594528,0.227744,-0.832259,0.029186,0.151844,0.166454,-0.348226,1
0.264377,-0.534827,0.292054,-1.340709,0.768734,-1.410566,-0.294798,0.278574,-0.996835,-0.220137,-0.923536,0.468489,0.311574,0.459648,0.552781,-0.447258,2.076197,-0.413177,0.094772,0.171967,0.644619,-0.259546,-0.532893,0.623725,-0.786546,-0.816867,0.260936,-0.224717,-0.218429,-0.074434,1
0.981236,-0.897510,-0.294352,-0.491532,-0.874419,0.994773,0.115463,0.478609,0.059228,0.371701,-0.313112,-1.519210,0.754178,-1.913494,-0.017545,1.375261,-0.066984,-0.387433,0.566110,-1.562841,0.347787,0.985261,2.029281,-0.102498,1.630338,0.516393,0.976851,1.378451,0.438529,0.043542,1
1.622563,0.725616,-0.157194,-0.648496,-0.065826,0.316088,-0.913712,-0.008935,0.183369,-0.144670,-0.013377,-0.592174,0.134005,-0.461282,0.372293,-0.191370,-0.609856,0.410913,0.105630,-1.877196,-0.461498,0.914005,0.630692,-0.787274,0.140891,0.858975,-0.227003,0.521823,-1.165987,0.026499,1
1.433831,-0.346087,-0.825024,0.445024,-0.680417,0.955039,0.409230,0.182312,0.310981,0.883095,1.110622,-0.286297,0.765358,0.978468,-0.465564,0.728779,0.944405,-0.007422,0.687243,0.034250,-0.295607,0.183557,-0.959222,0.780297,-0.313978,0.373614,0.379632,0.218165,-0.204796,0.390480,1
2.423585,-0.197911,-1.565546,1.384479,-0.223758,-1.102851,-0.421602,0.351278,-0.050143,-0.599136,0.906472,-0.615406,0.230981,-0.169599,-0.188355,-0.134357,-0.480370,-1.415960,-1.321916,-0.820260,-0.371421,0.535647,0.740504,-1.263515,0.490261,-0.115475,-1.026335,-0.906237,1.000364,-1.028306,1
0.969229,-0.850537,-0.542773,0.634727,-0.226987,-0.199764,-1.012753,0.884093,0.482175,-1.130255,1.144955,-0.260321,0.811015,1.068180,-0.945887,-0.610508,0.621790,-0.702860,-0.210095,0.641908,-0.261732,0.329267,0.106095,-0.604266,0.488701,-1.124357,-0.922549,0.225847,0.045969,-0.032793,1
1.116440,-1.136897,-0.956991,0.831443,-0.074984,0.268861,-0.286862,0.550626,-0.258465,0.150658,1.414778,-0.193512,1.225587,0.482656,-0.010386,0.266925,-1.273518,0.085649,1.249815,0.342807,0.717982,0.994152,0.764524,0.130077,0.110815,0.279019,-0.244200,-0.249726,0.577823,0.409565,1
0.453337,0.215952,-0.162116,-0.413736,0.552212,-0.632572,0.019798,-1.011540,1.218742,-0.112555,-0.517414,-0.053258,0.127607,-1.268478,-0.461417,-1.495018,0.051274,0.778975,0.140497,0.051684,1.334865,1.381564,-0.581104,0.092389,-0.053971,0.730973,0.171232,-0.415681,-0.352209,-0.005100,1
1.669691,0.854471,0.181886,-0.520445,0.143932,-0.532601,0.289568,-0.339866,-2.124799,-0.122528,0.179138,0.650391,0.576882,0.865633,0.332300,-0.168034,-0.266861,0.566878,-0.486119,-0.904335,-1.062798,-0.159189,0.258008,0.637152,-0.338331,-0.526584,-0.398932,-1.157196,0.734842,-0.735957,1
1.029871,0.219643,-0.544572,-0.202393,0.387656,-0.460959,-0.432236,-1.220510,-0.630511,1.952585,-0.301306,-0.126974,-0.413262,0.072161,-1.595486,1.624461,-0.186811,-1.080530,0.584218,0.380198,-0.608068,0.376923,1.010466,0.153592,-0.245126,0.568799,1.049445,-0.889870,-0.182796,0.077097,1
1.332211,-1.312490,-0.920986,-0.408684,0.939610,1.623282,0.209761,1.075076,0.557633,1.135839,-0.812599,-1.678321,1.120928,1.417090,-0.456062,0.267452,0.323472,-0.897066,1.312809,1.215659,-0.448529,1.206091,-0.375345,-1.110944,-0.758917,0.418038,0.216916,0.730268,1.825148,0.906967,1
1.574922,-0.236613,0.537772,0.436070,0.185685,-0.645051,-0.440862,0.668978,1.245980,-0.513359,0.040401,-1.475026,0.078483,0.365725,-0.453607,-0.308825,0.813709,1.208435,0.685221,-0.036356,-1.084814,0.105891,-0.395937,0.120201,-0.097585,2.094294,-0.884583,-0.231093,0.765253,-0.289233,1
-0.276876,0.576792,-0.013455,1.456589,0.480240,0.077443,1.492423,-0.070105,-0.869773,0.925986,-0.002441,-0.389256,-1.270161,-0.376469,-0.561329,1.416956,-0.363874,-0.684231,0.482970,-1.124073,-0.280570,1.415013,-1.187937,0.206664,-0.552346,0.711734,-0.217356,0.010099,0.244144,0.062129,1
2.050106,-0.577471,-0.612195,0.157076,0.212912,-0.050757,0.171467,-0.945238,0.032697,-0.316687,0.051928,0.065462,-0.311080,-1.236895,-0.815260,0.524406,0.271233,0.856347,-0.036830,-0.717214,-0.277145,0.173943,0.040856,-0.643854,0.060296,-0.171340,1.267678,0.212040,-0.194222,-0.686584,1
1.656191,-0.431902,-0.422267,0.543387,-1.061113,-0.155205,0.059429,1.355451,0.171348,1.692109,1.023497,1.227062,0.098443,0.186146,0.021366,-0.995345,-0.107115,0.720143,-0.464717,0.742589,-0.575242,0.338661,-1.259914,0.884452,-0.394895,0.377261,-0.838081,0.940144,-0.204505,0.883571,1
-0.022410,-0.688385,0.279519,-0.243943,-0.652322,-0.441102,-0.021554,0.491981,-2.078181,0.142543,-0.105835,0.942441,-0.223974,1.340971,-0.913218,-0.062973,0.955289,1.639803,-0.329728,-0.784605,0.299495,-0.028883,1.191855,-0.240051,0.297968,-0.112771,0.597095,0.963279,-0.542176,-0.927289,1
2.404609,0.845557,0.092980,1.706748,0.798084,0.301807,-0.469110,1.057772,0.411133,-0.637153,0.218169,-0.532246,0.477786,-0.492241,-1.357641,-0.179061,-0.035876,1.278425,0.639066,-0.789565,0.089583,0.727663,-0.203101,-0.295017,0.542823,-1.180598,0.023987,-0.397000,0.324137,-0.571121,1
-0.433815,1.505473,0.022419,0.930171,-0.117133,0.580353,0.260530,-0.861087,1.105478,0.349419,-0.220394,0.451454,-0.838628,0.466468,-1.864121,0.511671,-0.085591,1.009883,-0.668389,0.693306,0.008313,-1.081172,0.927843,-0.784575,0.693538,0.004747,0.370525,0.219571,0.184381,-0.297894,1
0.731390,-0.256385,0.446273,-0.405658,1.170415,0.292216,-0.155163,0.412519,0.808815,0.043918,0.579309,0.881591,0.554433,1.136954,-0.978699,0.091794,1.144742,-1.174013,-0.015301,0.712122,0.516361,0.741016,-1.023044,-0.112154,-0.907346,0.450982,1.541615,0.155438,0.988566,1.451728,1
0.506111,0.211163,0.922050,0.786357,-0.550949,0.636204,0.914113,0.584752,-0.128248,0.193272,-0.312067,0.576707,1.018474,0.080671,0.177029,0.051325,0.312205,0.099002,-0.138263,0.090966,0.218073,-1.908489,0.514502,0.839202,-0.430719,1.069870,0.176674,-0.087362,-1.165779,1.029705,1
1.531748,0.697144,-0.000592,-0.668099,-0.125092,-0.289456,0.571320,0.587441,0.117186,0.450075,1.350272,0.701428,0.660873,0.170038,-0.219562,-0.370178,-0.167177,-0.560374,-1.183031,0.047134,-0.729886,-1.300689,-0.934047,-0.983573,0.683319,-1.086096,0.053814,1.158404,1.005338,0.004929,1
0.880367,0.717888,-0.605158,0.179662,1.062946,0.432162,0.299869,1.442907,0.477860,0.003561,0.244468,1.162519,-0.312295,0.191199,0.880960,0.152135,1.331900,-0.805864,-0.335343,-0.385720,0.852577,0.793122,-0.584628,-1.766565,1.259859,0.395814,0.323870,-0.107149,0.683274,-1.330606,1
1.075637,0.082263,-1.522092,0.495673,-0.486598,0.298252,-1.085860,-0.428644,-0.138710,0.505383,0.243250,0.164654,-0.271893,0.061880,-0.975851,0.786168,-1.107640,0.169334,0.003655,-1.085207,-0.376301,0.989274,0.146442,-1.428959,-1.795724,0.068276,0.634057,-0.731471,-0.855668,-0.436060,1
2.343408,-0.838423,0.874525,-1.268825,0.045707,-0.138904,1.088869,0.436917,-0.219665,0.552439,0.158963,-0.008079,0.154534,-0.380979,0.148773,0.743581,-0.152360,-1.604855,0.566596,-0.722001,0.132370,-0.875170,0.875107,0.184508,-0.004081,-0.973315,-0.143053,0.189883,0.581694,-0.697051,1
1.742962,0.327388,0.164147,0.631380,0.195971,-0.753323,0.147400,0.102927,0.601685,-0.868124,0.337579,-0.189702,0.332877,-0.555530,-0.044926,0.149447,-1.002327,-0.387518,0.151987,0.453088,-0.431546,0.549623,-0.329105,-1.065108,0.279627,-0.419529,1.395111,0.200843,0.008157,-1.026857,1
0.942029,1.849893,0.945343,-1.252851,-0.279202,-0.352532,-0.443538,-0.442504,-0.027192,0.980475,-0.379424,0.672717,0.109954,-1.174203,-0.096475,0.490240,0.557336,0.182445,0.925452,-0.176299,-0.093073,0.654547,0.390504,0.011036,-0.998373,-0.326368,-0.861079,0.725794,0.376116,-0.908874,1
0.546396,0.609874,-0.224935,0.393331,-0.510148,1.104062,0.273482,0.195225,2.163814,0.826715,-0.288695,2.130476,-0.678385,-0.273172,-2.022063,0.879370,0.408388,0.923282,0.539145,0.166161,0.144429,-0.590453,0.212404,1.160760,0.062046,-0.385904,-0.878978,-0.659618,-0.615819,0.650269,1
-0.251290,-0.243052,-0.034455,-0.618151,-0.581119,0.873473,-1.036514,-1.139763,0.000720,-1.535448,0.149660,-1.528236,0.082461,-0.073874,-0.437923,-0.222031,0.892584,0.527881,-1.350451,0.561258,-0.073714,-0.804854,0.833181,-0.340283,0.657888,-0.587729,0.307135,0.189183,-0.044930,0.818392,1
1.428151,-1.700614,-0.450465,0.338377,-0.131761,1.097982,-1.448723,-1.224679,0.739730,0.709694,-0.475239,0.404737,0.100937,0.804692,0.101535,-1.562121,1.754802,0.920608,0.612835,-0.342806,1.105487,-0.031996,0.191162,-0.656502,-0.255068,0.142905,0.877862,-0.813287,0.883650,-0.920499,1
0.161933,-0.207985,-0.084372,1.752668,0.227947,0.513427,0.391002,0.223081,-1.010079,-0.244946,0.772293,-0.854997,-0.510081,-0.336104,-0.733623,-0.095828,-0.798054,-0.433518,1.314927,-0.698143,-0.310751,1.220806,1.381898,0.040128,0.050103,-0.831680,-0.175823,0.466624,1.835489,0.544676,1
0.188181,-0.367723,-0.243834,0.141620,0.404438,0.583732,0.263434,0.497476,0.375576,0.270199,0.767027,0.483720,-1.032165,-0.766779,-0.009621,-1.240326,-0.493258,-0.389472,-0.752827,0.055580,2.205870,-0.793429,-0.086211,0.368623,1.731178,-0.150670,-0.703198,0.070160,-0.290844,-0.226970,1
1.212926,-0.223627,0.116322,1.659261,0.251214,-0.111074,-0.191272,2.288763,-0.621859,-0.029152,0.671335,-0.179161,1.070290,-0.422235,0.403287,0.860306,-0.494138,-1.423692,1.606258,0.375275,-0.373802,0.374433,-0.398772,0.419384,-1.159120,-1.300583,0.830772,-0.156870,0.683711,2.359282,1
0.444034,0.689002,-1.301292,0.934358,-1.710160,0.970448,0.567855,0.595763,0.447722,-0.704723,-0.139416,0.238149,-0.297967,0.008116,0.309001,-1.867911,0.710700,1.462912,2.079939,-0.517098,-0.175600,-0.227311,-0.570751,-1.404857,0.688804,0.525308,0.208707,0.909538,-2.302017,-1.355335,1
1.407941,-0.671691,-0.538424,-0.099470,0.926502,0.774980,-0.135453,-1.301114,0.278778,0.684339,0.076895,0.356338,-0.518306,-0.205012,-0.285845,-0.751913,-0.322625,-0.259115,1.193625,-0.745685,0.528077,0.407176,0.406666,0.873665,0.574639,-1.561418,1.255934,1.007329,-0.554407,0.268867,1
2.031409,1.327425,-1.370541,-0.457088,-0.049083,0.853118,-0.283268,0.947209,0.759605,0.197033,-0.015052,-0.068187,-0.286357,-2.206023,-0.198370,0.676874,-0.778367,0.753306,-0.096685,0.272639,1.196531,1.287560,0.291815,-0.250230,0.170765,0.761233,0.179924,-0.207668,0.525981,1.447245,1
1.938179,0.443066,0.478746,-0.552284,-0.036816,-1.879479,-0.377796,0.584594,0.470173,-0.380468,-0.442247,-1.663673,-0.988335,-0.451485,-0.676805,-1.354895,-0.794761,-0.404887,-0.027928,0.471855,-0.188344,-0.566834,0.002042,-0.663604,-0.189877,-1.025798,0.275879,0.993558,-0.107555,0.048422,1
0.499020,-0.284289,0.024475,-0.498318,0.549320,0.334894,1.475789,1.040803,-0.374583,-1.319363,-1.432268,0.180868,0.751778,-0.975898,-0.155652,-0.049172,0.076480,-0.006358,0.769477,-0.075789,-0.513222,0.952229,0.349091,0.072500,-0.746098,0.561182,0.714886,-0.185868,-0.220196,-0.349807,1
0.883349,-0.158678,0.640299,-1.310621,-0.140762,0.690582,-0.805709,-0.181137,-0.164498,-0.054166,0.244715,-0.154495,-1.097769,-0.415044,0.202631,-0.433388,0.911018,1.004815,0.066763,0.902842,-0.284175,0.081741,0.760655,0.640179,0.013238,1.154057,0.385615,-0.449427,-0.783632,-0.041256,1
1.835387,0.015380,0.345145,0.290457,0.573205,-0.446775,0.534896,0.456657,-0.347875,0.696739,-1.172721,0.321093,0.088938,0.937645,-2.625912,2.188801,-1.195789,-0.851147,0.170412,-0.169796,-0.868741,0.284230,0.749188,-0.388931,-0.325690,1.640015,1.037284,-0.809155,0.595643,-1.331264,1
1.056010,-0.511111,0.377008,0.023757,-0.254540,-0.464520,-0.894074,-0.040123,1.294413,-1.636247,1.093184,-0.255567,-0.177929,-1.728744,-0.552922,-0.392687,1.469493,0.104578,-1.400159,0.431559,1.051338,0.676167,-0.868094,0.202172,-1.078734,0.540942,-0.805380,-1.715615,0.376421,-0.453877,1
0.381624,-0.933932,0.517824,0.695121,-1.164338,0.622620,-0.164364,0.043725,-1.192426,-0.444025,-0.398204,0.099662,0.876337,-1.085812,0.250545,-0.623090,-0.087983,-0.227008,-0.193560,1.463387,-1.429381,0.338164,0.279260,0.769499,0.473937,0.071791,-0.438787,0.617815,-0.339578,-1.028295,1
0.955509,0.198231,0.829552,0.217273,-0.452333,-2.004234,1.242243,1.461348,-1.880426,-0.569440,-0.259866,-0.545138,1.326048,-1.496507,0.571726,0.238798,0.568212,1.495591,0.304767,-0.539501,-0.300015,1.398558,0.862669,-0.056082,-0.586812,-1.358296,0.405941,-0.047928,-0.065102,-0.338901,1
0.581985,-0.164702,-1.320761,-0.010400,-0.805531,0.370064,-0.435760,-0.392625,-0.085855,-0.820537,-1.095474,-0.725421,0.833647,-1.690621,-0.002729,-0.436264,0.091061,-0.642930,0.114196,-0.173742,1.212074,-1.414575,0.579700,-1.777272,0.247641,0.877610,-0.119602,-0.682982,-1.519700,-0.063922,1
0.783781,-0.675479,0.206704,-0.200027,-0.741795,-0.785761,0.752722,-0.271648,-1.054719,1.530770,-0.289146,-0.775565,-0.116597,0.582794,-0.307316,0.059039,-0.499702,0.569323,-0.255820,-0.891295,1.089332,0.827721,-0.600683,1.645516,-0.383035,0.134623,-0.650688,0.639532,0.715538,0.422711,1
0.631091,0.559968,-0.696809,1.168801,-0.308296,0.211845,0.296095,0.559855,-0.311720,-0.604321,-0.036085,0.362926,-0.464486,-0.037941,0.283149,-0.674309,0.050516,0.015491,0.796297,0.055820,0.449031,0.601052,1.044450,0.254108,-0.032871,-0.618957,-0.805344,0.579066,-1.026249,1.524152,1
0.940906,-0.201813,-0.258848,-0.476404,-0.240317,-0.084750,-0.029486,-0.697362,-0.669070,-0.976752,0.271950,0.698382,-0.703481,-1.230192,0.904172,1.650741,1.181766,-0.481606,0.493745,0.583314,0.037519,0.017747,0.577856,-0.486614,1.166960,-0.797472,-0.236050,0.367251,-0.458431,-0.550262,1
0.277081,0.382819,0.288073,0.552936,0.229301,0.763143,0.544115,-0.342496,-0.551440,0.826387,-1.029802,0.289464,0.291623,0.751214,0.256795,1.146723,0.305475,-1.501324,-0.010441,0.949393,0.189217,1.449823,-0.399912,0.060400,-0.190602,-1.616782,-0.547318,0.177735,0.978405,0.207787,1
2.497310,0.288909,0.214016,-0.301764,0.328843,-1.254596,-0.035938,0.277654,-0.791303,-0.728973,-0.449342,0.770641,0.004560,0.002276,-0.019388,0.068708,0.061683,0.090189,1.503290,-0.794060,-0.803845,0.881615,-0.544381,-0.889848,0.704500,-0.202894,0.013602,0.427534,-0.852827,0.456337,1
1.734232,-0.557548,-0.401341,1.460957,-0.083538,-0.184631,1.012508,-0.835266,0.320983,0.681896,0.160451,0.348793,-0.766989,0.137507,1.068291,-1.866569,0.607315,-0.219745,0.301486,1.042629,0.219217,-0.592151,0.437786,-0.008819,0.045323,-1.776274,-1.155579,1.409791,-1.039390,0.455688,1
0.406611,0.426274,-0.152434,0.011510,-0.133584,-0.550278,-1.165129,-0.152579,0.601375,0.432076,-0.117832,0.000481,-0.049706,0.042149,0.663504,-0.024286,-0.674433,-1.742580,1.128584,0.504414,-0.051593,0.210269,-0.313075,0.033320,-0.911319,-0.005652,-0.279642,0.889491,0.799250,0.579368,1
0.230518,1.182242,0.007595,-1.334079,0.697448,-0.412935,1.134552,0.965921,-0.345970,-1.111409,-0.187095,0.060794,0.820210,0.041320,-0.176678,0.318709,-0.687059,1.872286,-0.427278,-1.909974,0.248775,-0.360954,-0.738219,-0.880003,1.274632,-0.154109,-0.745280,-0.348352,1.385309,-0.780089,1
-1.082278,-0.957880,0.590289,0.680370,-0.639951,-0.754200,0.224464,0.663291,-0.941470,-0.534579,0.492329,-0.163595,0.991726,1.020449,-0.561359,0.210812,-0.469775,1.177179,1.306074,-0.137068,1.265690,-0.562351,0.104706,-0.947079,0.614790,0.627242,0.476657,-1.721594,-0.363871,0.059190,0
-0.529955,-0.788540,-0.341684,0.187392,0.941559,-0.169123,-0.113741,-0.344299,0.409704,-0.500107,0.516403,0.401494,0.075228,0.794422,0.122349,0.990031,-0.595313,-0.228470,0.643062,0.415231,-0.262669,-1.703915,-0.869143,0.298615,-0.331893,0.223927,-1.689901,-0.425661,0.140660,-0.677534,0
-0.870234,0.445729,-0.295300,0.124137,1.118250,0.498817,-0.626359,0.490947,0.162146,-0.675080,-0.188280,-1.590224,0.657541,0.134149,0.735907,-0.389181,-0.089433,-0.690882,0.264524,1.332024,0.269835,0.176052,0.529488,-1.041947,-0.183795,1.739479,-0.097039,1.969442,-0.239536,0.036190,0
-1.309541,-0.369013,0.595896,-1.484210,-0.204179,-0.559036,0.545991,0.087629,-0.126633,-1.166656,-0.060205,0.719492,0.595039,0.607599,-0.421090,-0.396697,0.121270,1.235145,0.320551,0.413113,-0.874518,0.287234,2.131869,-0.517734,0.091005,-0.440789,2.122601,-0.083192,-0.012879,0.767513,0
0.007561,0.290932,-1.364527,0.166385,0.274457,-1.313989,0.516366,0.007307,-0.404300,-0.229812,-0.173786,0.828015,-0.900941,0.221495,0.360651,0.163946,-0.015031,0.703367,0.859326,-1.024731,-0.445543,0.517091,1.856987,0.294476,0.125085,0.717865,-0.490059,-0.284133,0.737707,-0.582158,0
-0.491405,0.799048,0.882316,0.459896,0.767838,0.665771,0.649230,-0.393601,-0.907199,-0.426124,0.275856,-0.229210,-0.509502,-0.833279,-0.985150,-0.186532,0.242911,-0.127411,-0.389531,0.134255,0.327284,-0.838109,0.983478,-0.143243,-0.203632,-0.899059,0.674956,-1.265988,0.632359,0.975992,0
-0.943532,-0.548728,0.579524,-0.727382,-1.041215,-1.806507,0.346513,-0.229479,0.342094,0.388197,0.397539,1.660090,-0.225693,0.168382,0.366691,-0.510793,1.125973,0.341290,-1.020774,0.294162,1.684000,-1.870580,1.080180,-0.918539,0.310775,-1.252350,0.196132,0.650270,-0.110452,0.995996,0
-1.585574,-0.748957,0.347008,-0.001396,0.541719,-0.074170,0.130024,-0.016930,-0.833256,1.315207,0.058161,0.619509,-1.476551,0.229737,-0.108807,-0.375718,-0.410521,-1.373902,-0.868300,0.199637,-0.326907,-0.714371,0.867466,1.007223,1.253319,-0.355425,0.542715,-0.198652,0.150347,-0.240152,0
-1.212837,-0.614266,-1.041421,-0.005222,-1.353066,-0.479161,-0.759477,-0.479949,-0.475679,1.584343,1.223758,0.549736,-0.255434,0.068624,-0.862371,0.369469,-0.511796,0.676814,0.466405,-0.667941,0.770720,0.262012,-0.394451,-0.465075,-0.432419,0.933611,-2.085546,-0.271212,-0.533100,-0.151941,0
-1.093893,0.286143,-0.907989,-0.739497,1.355835,0.612215,0.712590,0.136906,0.066562,0.597366,-0.020401,0.159895,-1.274654,-0.984559,0.455005,-1.393584,0.049511,0.690311,-0.724051,0.000625,-0.297062,-0.136570,0.050829,-0.445195,0.029798,-0.005688,-1.378752,0.374650,0.421253,1.491132,0
0.084148,0.518456,0.551681,0.910065,-0.051872,0.745535,-1.133522,0.881334,-0.046136,-1.430149,-0.240002,-2.299534,-0.587260,0.008672,0.191597,-0.365587,-0.517017,-0.093318,-0.548553,0.110009,0.102926,-0.032499,0.355100,0.215852,0.242319,1.268275,-1.188499,-1.063025,1.694440,0.111828,0
0.138500,0.474005,-0.542720,0.175591,-0.192146,-0.541041,-0.432378,0.320474,0.367524,0.166585,0.204526,0.204025,2.383839,0.282054,0.566757,0.283180,1.912106,0.402278,-0.340962,-0.841606,-0.249690,0.234576,0.338774,-1.186906,0.362906,0.908899,-0.167723,-0.285492,0.288778,0.200971,0
-0.939732,-0.042291,1.592140,0.277291,1.024879,-0.647344,0.269906,0.451176,0.306260,-0.787338,0.478363,-0.454422,-0.056404,0.946976,1.411896,-0.168803,-0.080914,0.540146,0.772472,0.402242,0.065846,0.164531,0.552508,0.485396,0.482612,0.495177,-0.450322,-1.364434,-0.765056,0.659006,0
0.542904,-0.012509,-0.771226,0.193863,-0.047795,-0.139628,-0.419569,-1.054727,0.937601,1.544809,-0.919092,1.748732,0.310391,-0.722266,1.010678,-0.739411,0.479831,-0.409795,-0.959890,-0.230728,-0.653713,1.440223,1.317433,-0.439609,-0.723590,0.465107,-0.240870,-0.834780,0.016250,-0.220227,0
-1.705062,0.714813,0.629672,-0.528820,0.041518,-0.336707,0.656109,0.291397,0.643806,-0.667994,0.737459,0.362975,-0.471208,0.503417,-0.009262,-0.432444,0.873686,0.699976,-1.330949,0.118576,-0.086978,-0.114964,-0.008329,1.263103,-1.336130,1.454278,0.726177,-0.176783,-1.452508,-0.147048,0
0.471629,-0.110579,0.606339,-1.348511,0.356748,-0.294908,-0.557726,-0.676102,0.225548,-0.186913,0.350932,-0.411607,-1.390633,-1.431387,0.157089,1.029986,-0.344691,-1.327535,0.852148,-0.427804,-0.907192,1.003795,0.703303,-0.023283,1.154457,-0.296985,-0.535200,-0.321218,-0.769512,-0.212156,0
-1.548978,1.244613,1.291417,-1.671425,-0.362215,0.097239,0.771776,-0.494843,-0.794483,1.583881,-0.225846,0.642610,0.531070,0.134005,-0.626766,-0.319571,0.346087,0.543891,0.391133,-0.665353,1.142784,-1.074112,1.401804,-0.308086,-0.121048,-0.568883,-0.026820,0.690310,1.051169,0.178935,0
-1.773129,0.681045,-1.030685,-0.277921,-0.160007,-0.463799,-0.396891,0.182013,0.723802,-0.595546,-1.123314,0.066952,-0.166605,-0.872955,-0.079544,0.588831,1.346302,0.794281,-0.738100,0.503510,0.244429,0.990471,1.081234,-0.091944,-0.111525,-0.646650,-0.713346,-0.696193,0.240197,-1.716057,0
-1.282640,-1.023257,-1.054416,-0.118251,-0.065753,-0.910913,-0.135825,1.250847,-0.842304,-0.530160,-0.785633,0.043764,0.358351,-0.044816,0.304991,-0.780177,-0.971451,1.106198,-0.191125,0.637753,-1.112907,0.482405,0.433477,-0.891768,-0.260074,0.334146,-0.228694,0.237177,1.142081,0.855040,0
-0.653565,0.662310,0.493453,0.431748,0.233562,0.557805,0.256959,-0.823017,-1.294159,0.273365,-0.806668,-1.334661,0.308489,0.665713,0.184268,-1.018483,0.191738,0.344751,-0.308835,-1.056289,-0.982482,-0.731964,-0.096727,0.863796,-0.571079,0.944102,-0.063407,0.361951,-0.278969,-0.073308,0
-1.687715,-0.976150,-0.722095,0.524920,-0.602995,-0.360031,-0.599119,-0.804435,-0.321911,0.101578,0.470253,-1.053137,-1.805370,-1.483198,0.930046,0.426537,0.072604,-0.961855,0.378274,-0.639296,-0.637477,0.211892,-1.380824,-0.329540,-2.058930,-0.045372,-0.160932,0.257873,1.077271,1.862487,0
-0.656493,0.517092,-0.296283,0.766718,1.185715,-1.436263,0.243517,-0.394158,-0.237931,-0.444867,0.482182,0.178200,-0.842950,-0.772719,-0.493591,0.099384,-0.059226,1.054316,0.769086,-0.927966,-0.114868,-0.017814,-2.112120,-0.770228,-0.124653,-0.505641,0.246824,-0.909859,1.025578,0.558752,0
0.570099,-1.359864,-1.042423,-0.801745,-0.087946,0.235404,0.487151,-1.118132,-0.880711,-0.208995,-0.290167,0.608599,-0.393529,0.531621,-0.881593,-0.556243,-0.364848,0.139752,-0.458975,-0.606592,-0.491933,-1.014945,0.490282,-0.754886,0.049839,-0.753584,-0.175081,0.377881,0.190095,1.037782,0
-1.899609,-1.587768,-0.439345,-0.239201,-0.815311,0.679724,1.127475,-1.611619,1.406923,0.578710,1.159208,0.906166,-1.067110,-0.905090,-0.635915,-0.428476,0.498355,-0.277468,-0.352537,1.419727,0.732190,-0.130818,0.670300,-1.117121,0.940294,-0.297559,0.029302,-0.271186,-0.231821,0.528535,0
-2.704755,-0.533915,0.073005,-0.191347,-0.578419,0.125901,0.581130,-1.084129,-0.667107,-0.800451,-1.691113,-0.656521,1.068798,-0.484663,0.256464,0.658528,-1.255741,0.058843,-0.196916,0.304384,-0.605806,0.480447,0.113492,-0.690664,0.316452,-0.614321,0.186519,0.059225,-0.085934,0.948882,0
-2.490986,-1.143376,-1.128517,-1.221126,-0.298368,-0.532372,0.330503,-2.193918,-0.791755,1.505519,-0.654027,0.159469,1.011467,0.024811,0.201976,-0.242872,-0.520360,-0.143328,0.718830,0.549404,1.220827,0.252833,0.499933,0.827778,-0.419803,-0.934436,-0.266818,-0.729288,-0.671618,0.413159,0
-1.367749,0.929258,1.077574,-1.293640,-0.149833,-1.932302,-0.968522,0.319509,0.179098,0.354829,0.257903,0.033419,-0.017010,-0.323263,-0.674517,-0.145935,0.615229,0.588431,-0.011249,0.877162,-0.568823,0.597940,0.081520,0.954043,-0.215615,0.055439,-0.421135,-0.003962,0.939882,0.377051,0
-0.790720,0.739048,-0.550053,-0.129848,-0.513369,0.341107,0.992771,1.462350,0.164382,-0.251230,-0.770364,0.555875,-0.626675,0.015331,-1.375001,0.267195,-1.097053,-0.750154,0.658222,-0.881962,0.297935,-0.992441,0.389854,0.088912,-0.237434,-0.102190,0.785409,1.385368,-0.501612,1.732992,0
-0.691938,0.059509,-0.600475,0.077081,0.242087,-0.044803,-0.379689,0.712847,-0.934937,-0.432406,-0.862755,-0.421174,0.388390,0.355733,1.126061,0.021058,-0.768304,-1.516616,-0.335051,-1.175094,-0.103947,0.131789,-0.905668,-2.659814,0.786230,-0.252559,1.652778,1.013383,0.062109,-0.028089,0
-0.647046,0.740115,0.496091,0.077173,-0.573612,1.052938,0.511432,0.045789,-0.417659,-0.235613,0.731858,-1.057781,-0.013624,-1.114471,-0.675605,-0.063780,-0.390664,-0.319094,0.167806,-0.402029,1.318929,-0.567330,0.101496,0.794939,0.232831,0.082373,-0.379992,-0.176955,-0.272352,-0.066399,0
0.266061,-0.932116,-0.368279,-0.026943,0.612365,0.182038,1.249966,-0.234755,0.802799,0.099727,1.305774,0.690672,-0.902181,-0.217293,-0.578652,0.067613,-0.729992,-0.541973,0.811604,0.126981,-0.266275,0.512637,0.281882,0.512045,-0.452793,1.031503,0.635851,0.477217,-2.015702,1.370712,0
-1.270709,1.332583,-1.056705,0.430754,0.304185,0.245073,0.251006,-1.651729,1.024373,-0.354420,-1.383224,-0.615218,0.253609,-0.597475,0.454254,1.030733,1.096435,1.115359,0.475653,-0.062979,-0.441604,0.674698,0.645478,-0.127874,0.144967,0.571117,-0.665342,0.119623,-0.507626,-0.647474,0
-0.659626,0.281714,0.569579,-0.288377,0.804109,0.020956,-1.120802,-1.359034,0.432376,0.691489,-0.881306,1.336821,-0.607715,0.382712,0.410316,-1.047750,0.614726,1.261692,-0.265018,-0.143292,-0.514238,0.780204,-0.427773,0.396338,-0.018088,-0.064650,0.253883,0.783846,-0.017810,0.137794,0
-0.233515,-0.064018,0.245753,1.263230,-0.458698,-0.718672,1.203583,0.449400,-0.368367,-0.264327,-0.887047,-0.476590,-0.286099,-0.969670,0.473525,-0.309576,0.078249,-0.076787,-0.037544,0.061475,-0.247174,-0.176259,-0.240767,-1.337045,-0.189965,-2.107681,0.429728,0.188720,-1.038275,0.956936,0
-1.902695,0.492228,-0.865577,0.439531,0.674583,-0.249436,0.291725,0.966260,-0.110991,-0.537154,-0.491149,-0.811843,-0.099973,0.868605,0.703083,0.342040,-0.370395,0.629815,-0.270486,0.093120,0.634836,1.422998,0.511394,0.204413,-0.646167,0.630237,0.278782,0.400576,-0.363770,0.170183,0
-0.843769,0.207303,0.611221,-0.175690,-0.299407,0.580759,0.076976,0.377088,0.652668,0.008864,0.626766,-0.714185,-0.700538,1.398329,0.864105,0.295210,1.665287,-0.789500,-0.830981,0.815229,0.120353,0.452699,-2.033110,0.354964,-0.192893,0.808975,-0.543646,-0.685497,-0.083120,0.360664,0
-2.084823,-0.932528,-0.043691,-0.135314,0.773217,0.069232,0.157772,-0.868958,0.293835,0.504611,-1.258069,-0.022521,-0.384902,0.127566,-1.019988,1.630067,0.872488,0.278978,0.075292,0.371252,1.634351,0.726161,0.510400,1.465100,1.126238,-0.357523,-0.166688,-0.278886,-0.403954,-0.427717,0
-1.020674,1.183483,0.671446,-0.781522,0.335409,0.157945,0.206911,-0.379495,-0.643677,-0.405124,-0.519058,0.706665,-0.740400,-0.459901,-0.870629,0.119526,0.612336,1.227263,-1.761501,0.640954,0.206154,-0.745050,-0.609611,0.472754,0.031883,0.982008,-0.434097,-0.057145,1.050796,-0.378890,0
-1.109365,-1.218751,0.595017,0.114406,1.023653,0.082155,0.679769,-1.176246,0.073917,0.302619,-0.744386,-0.915453,1.264297,0.417752,1.569856,-0.520262,-0.433187,-0.148517,-0.023548,1.039144,0.250013,-0.860690,-0.225660,-0.717976,-0.191236,0.845387,-0.430188,-1.178966,0.240211,0.417550,0
-0.870753,0.213362,-0.397055,-0.423577,-0.477358,-0.171925,0.267981,-0.230243,-0.065187,-0.745189,-0.690665,0.672160,-0.513061,0.380758,0.293170,-0.171941,0.334533,0.632082,-0.447088,0.006932,0.695199,-0.038406,0.378755,-0.463838,1.140908,-0.439510,0.034768,0.462534,-0.498819,-1.643096,0
-0.965033,-0.507431,-0.105065,-0.702971,-0.682823,-1.583272,0.433188,-0.329532,-0.837287,-1.239063,-0.010490,0.431418,-0.915314,0.779664,0.161533,-0.498494,0.884803,-0.144084,0.654181,-0.396430,-0.213254,0.202865,0.271235,-0.974568,-0.979446,-0.157154,0.349725,-0.218699,-0.643921,-0.115275,0
-1.736784,-0.726591,0.558624,-1.140538,-0.621220,0.674095,0.170331,-1.021159,-0.498106,1.069627,0.013788,0.586352,-0.828285,1.202032,0.629786,-0.825095,0.378954,-1.451448,-1.391219,-1.967688,-0.754091,-1.490313,0.987955,0.278212,-0.885736,-0.680779,-1.759420,0.542732,-0.303165,0.237080,0
-2.122510,1.619675,-0.494227,-0.601583,-0.255103,-0.265405,0.183976,-0.317406,-1.074093,1.119822,1.186234,-0.569027,1.100045,0.101928,0.143160,-0.023293,-1.280912,0.799282,-0.887640,-0.491466,0.725458,-0.233367,-0.179215,1.015868,-0.588094,0.803745,-0.079693,-0.610744,-0.568418,1.033733,0
1.271200,-0.710543,-1.208456,-0.062720,-0.295254,1.149598,-1.136410,0.315941,1.325252,-0.617449,-0.575629,0.809344,0.372110,-1.170148,-0.360776,0.554578,-1.002260,0.087066,-0.786519,-1.042140,-1.055477,-0.739830,-1.221412,0.676165,0.549523,-0.131539,0.334541,0.221604,-0.204215,0.668998,0
0.252790,0.606448,-0.729214,0.731130,-0.161082,0.359276,-0.106664,0.245027,-0.373276,-0.279928,1.325811,0.294607,0.812064,-0.779077,-1.403626,0.363596,-0.873779,-0.227117,-1.022463,-0.448797,-0.203143,-1.201839,0.189539,-0.158696,0.991291,-0.003315,-0.378655,-0.002537,-0.634174,0.655215,0
-1.736402,0.706666,-0.226631,-0.672844,0.238800,-1.281010,-0.878942,0.719899,0.679792,-0.845797,-1.627217,-0.521007,-0.123660,0.624743,-0.934873,-0.657541,0.574960,-1.291074,-0.912309,1.038222,-0.577467,0.773828,0.474055,0.500011,-0.846721,0.150090,0.682766,-0.404016,-0.770125,-0.299380,0
-0.298997,0.896347,-0.205926,-0.526237,-0.544466,0.787787,0.788093,0.456086,-1.489701,0.880574,0.489234,0.587093,0.405719,-0.260006,0.141199,-0.575707,0.141475,-0.080923,-1.282861,-0.381219,-0.692378,-0.768498,0.964397,0.096345,0.134019,0.682889,-0.884355,0.262760,1.361005,-0.768947,0
-1.671527,-1.069437,-0.066892,0.895286,0.847647,0.371237,1.677343,-0.185078,-1.018418,0.343967,0.755581,-0.142454,0.446122,0.862813,0.438302,-0.981840,-0.417011,0.836695,-1.065865,-1.331168,0.579100,0.406641,-0.131146,-0.199119,-0.214927,1.272905,0.596452,0.998590,-0.164052,0.069696,0
-1.194148,0.379092,0.169844,0.789661,0.650323,-1.386304,0.068180,0.270553,0.143556,-0.356352,-0.340503,0.914958,0.640776,-0.072832,-0.008160,-0.411887,-0.394173,-0.699119,-0.768369,0.481617,0.553171,-0.244761,-1.083887,-0.392058,1.070569,0.691406,0.218446,-0.136855,1.025121,-1.170421,0
-0.689428,1.089330,-0.168131,-0.137460,-0.055565,0.097940,0.200578,-0.044704,-0.203492,-0.183799,-0.558094,-0.657779,0.296934,0.166528,0.881415,0.001843,0.486993,-1.938262,0.603658,-0.992047,-0.577875,-0.153289,-1.295385,0.046785,-1.113911,0.287401,-0.373856,0.023354,1.045768,-0.278473,0
-2.609134,-0.313969,-0.696656,-0.729091,-1.505472,0.066757,-0.348471,0.674392,-1.050435,1.124570,0.214405,1.525448,-0.361212,-0.250443,-0.860544,-1.095690,-0.414569,0.448561,1.076155,-0.137847,0.465579,0.324797,-0.446565,0.477087,0.718173,0.934148,-0.666112,0.261275,0.243276,-1.086118,0
-0.092450,-0.070691,-0.102927,0.706514,-0.890392,-0.763359,-0.195041,-0.421790,-0.960652,0.556710,-1.542406,0.648897,-0.363749,0.353841,0.194120,0.478125,0.977499,-0.324474,0.294741,-0.416586,0.878470,1.027263,0.173959,-0.407758,-1.134379,0.799595,-0.607789,-0.691016,0.375556,-0.484309,0
-0.980241,-0.772274,-0.382596,0.030245,0.478027,0.094433,-0.528421,0.696085,0.628465,-0.168527,1.605086,0.328319,0.268330,-0.466240,-0.686556,-1.049400,-0.013622,-0.513611,0.235896,-0.629879,-0.145940,0.715024,-0.376060,0.926644,-0.221140,-0.483590,-0.485187,0.137984,-0.408268,-1.263666,0
0.042192,0.545258,1.495696,0.443755,0.140437,-0.366199,0.500989,1.020832,0.024025,-0.425113,0.468862,1.469824,0.661117,0.360016,-0.392938,0.267182,1.673462,-1.610948,-0.206731,-0.212185,0.306084,0.172353,0.849540,-0.600597,-1.096470,0.253654,0.314266,0.112724,-0.739218,0.619534,0
-1.257873,0.293412,-0.433781,-0.452825,0.345500,-1.161243,-0.416445,-0.358297,-0.076803,-1.732359,-0.676073,-0.790933,0.888863,-1.649165,0.483189,-0.816974,1.254314,-0.169278,-0.087652,-1.086711,0.947207,1.252034,0.905645,0.836890,0.364577,-0.093105,0.331276,0.561916,0.679347,-1.551336,0
-0.693393,-1.014819,0.474466,-0.208155,0.285314,-0.867422,-0.680265,-0.957874,-0.239278,0.775061,-0.140114,0.836251,0.496463,0.140598,0.159528,-0.143000,0.188366,-0.948016,0.845075,-0.459833,0.259011,-0.687118,0.950384,-1.145608,-0.391297,-0.328717,-0.028707,0.096243,0.098002,0.352336,0
-1.540304,-0.297297,-1.179389,-0.389226,0.083475,-0.111821,-2.072928,-0.321074,-0.215532,-0.173598,1.242669,0.847822,0.800107,0.095763,0.521286,1.242486,-0.384651,0.242052,0.345421,0.003126,0.435287,-0.278576,-1.361426,0.257221,-0.223338,0.716296,0.387657,-0.005444,0.258030,0.721609,0
-0.366859,-0.533304,0.622687,0.065284,1.128861,0.058349,0.495711,2.360612,-0.121320,-0.610641,0.082183,-0.820144,0.955877,-0.734102,-1.004369,-0.298686,0.656505,0.180596,-0.778737,0.901066,-0.217332,0.189257,1.983369,-0.043838,0.175916,-0.111147,1.026044,-1.591602,-0.060394,0.115752,0
-1.214944,0.256506,-1.003486,-1.044289,0.787471,0.093186,-0.943564,0.795125,-0.137773,0.514935,-0.755476,0.600894,0.490058,-0.683405,0.561684,1.541617,-0.138927,-1.069884,1.113049,0.327012,1.020720,0.188447,0.020669,1.284847,1.068130,-0.130618,0.652994,-0.091363,0.600622,-0.662795,0
-0.210230,0.488927,0.345108,-0.695643,-0.289246,-0.576158,0.599794,-0.568317,0.481031,0.157460,-2.243576,0.639816,-0.422511,-0.888865,-1.264763,0.717046,1.028487,-0.266360,-0.185347,-0.301828,1.207904,-0.071945,-0.586800,-0.949149,0.162242,0.615600,0.418539,-0.261056,0.293008,-0.168276,0
-2.010394,-0.021268,0.176966,-0.363544,-0.469185,-0.723416,0.025053,0.944157,0.330436,0.290477,0.415391,1.459787,-0.347125,0.544144,0.041420,-0.664078,-0.495170,-0.023340,-0.182231,0.426286,0.355498,0.806732,-0.328126,-0.239228,-0.149143,-0.066135,1.028665,-0.175736,-0.656855,0.188325,0
-2.323125,-0.932406,-0.112990,-0.812471,0.847135,-1.019258,0.021649,-0.096767,0.523917,0.827689,0.723377,0.534284,-0.422139,0.911700,-0.643839,0.526790,-0.297263,-0.341596,-0.621658,-0.209275,0.004207,-0.536044,0.290971,-0.763384,-0.449867,-0.381558,0.913580,-1.525971,-1.309030,0.499881,0
-2.883487,1.383530,-0.631565,-0.569328,-0.185750,-0.302604,0.661489,-0.285383,-0.059651,1.545170,1.029611,-1.549085,0.899585,-0.416564,-0.770366,0.110285,1.595564,0.392033,0.254988,0.098889,1.349346,-0.181734,-0.747130,1.954820,-0.446419,-0.010388,-0.850933,-1.150896,-0.776927,0.370098,0
-0.602070,-0.857523,0.375516,1.268548,-0.691837,-0.399520,0.231719,-0.552552,-0.164068,0.203979,-1.484790,-0.418044,-0.217004,0.557367,1.148142,-0.372325,0.593773,0.370256,0.913673,0.477844,-0.950321,-0.086791,-0.507076,0.094843,0.084365,0.609936,0.862749,-0.130709,-0.515270,0.087014,0
-1.018739,0.727520,0.369671,-0.763247,-0.531855,1.166922,-1.066484,0.257507,0.760252,0.626459,-1.255119,-0.246188,0.602724,1.077123,0.006383,0.852609,-0.008638,0.530239,0.307627,0.167623,-0.422064,-0.201246,0.762682,0.757713,0.142166,0.329690,0.871453,0.880354,-0.814592,-0.264375,0
-0.548778,1.020665,1.301411,0.887435,0.095649,1.988112,0.286816,0.305817,1.124579,-1.246041,0.587821,0.450582,0.577743,-0.163325,0.114005,-0.776549,0.847810,0.538849,-0.866271,0.964427,0.064320,-0.234426,-0.566283,-0.429855,-1.411192,-0.426747,1.426960,-0.567356,0.028149,0.294347,0
-1.218267,0.112484,0.486499,0.413233,-0.158326,0.338953,-0.506502,-0.004131,-1.053020,-0.417061,-0.264476,-0.602187,-1.139106,0.173719,0.997728,0.840405,1.045683,-1.547035,-0.523796,-0.400606,-1.591103,1.546572,1.102781,-1.457093,0.957090,-0.340798,0.410241,1.078774,-0.372872,-0.102851,0
-0.622218,-0.072470,0.422767,-0.899493,0.121644,0.044377,1.033147,0.061239,0.734745,-0.205020,-0.701562,0.687422,-0.539951,0.516381,0.156523,0.430000,1.450430,-0.275196,-0.557514,-1.268491,-1.183764,-0.161388,-0.207268,-0.621890,1.439884,0.503005,-1.171546,-0.073347,-0.680497,-1.196763,0
-1.149222,0.251657,0.628263,0.916264,-1.005485,-0.317386,-0.596286,0.027251,0.389959,-0.431998,-0.014175,-0.951665,-0.151316,-0.836121,-0.100438,0.908684,-1.665617,0.085402,-0.297404,-0.583875,0.154708,-0.313708,0.290330,0.881016,-1.104680,0.548912,0.033870,-0.669595,0.195462,-0.834458,0
-1.371395,-0.827404,0.065362,1.239169,0.199908,-0.104403,-0.011048,1.091951,0.581023,-0.133057,0.489120,-0.639743,0.058082,0.667352,0.122873,-1.029255,0.037878,-0.233680,0.390826,0.507778,-0.256930,1.002677,-1.151479,0.475583,-2.170635,0.769497,0.686264,0.500693,-0.185021,0.066360,0
-1.391970,-0.728570,-0.787757,-0.003270,-0.338544,0.566453,-2.028517,0.321296,-0.407981,0.616404,-0.253857,0.788603,0.724809,1.004678,0.126403,-0.413209,-1.004014,0.152769,0.642324,-1.126919,-1.366096,-1.116895,-0.226293,0.398468,-1.300558,-0.188809,0.791990,0.081008,0.335278,-0.446423,0
-0.421280,-1.575513,-1.283147,0.196002,0.080899,-0.437577,-0.113310,-0.640098,0.169980,-1.476352,-0.079235,0.447852,0.494599,0.431666,-0.529660,0.367394,-0.156162,0.826030,-0.432329,-0.836783,0.605318,-0.955512,-0.048280,0.049595,0.406117,-0.525715,-0.264712,0.486696,-0.980327,-0.289778,0
-0.034792,1.096695,0.883537,0.113378,1.534323,-0.476979,0.045657,0.346922,-0.211898,-0.008170,-0.011129,-0.043775,0.352819,1.040959,-0.288577,-0.578798,-0.447486,0.737199,0.107895,0.321700,0.185370,-0.688218,-0.044260,-0.289598,0.433486,-0.144598,-1.027855,-0.231848,0.672591,0.299381,0
-1.750455,0.091764,-0.371449,1.230828,0.619097,0.126881,-0.280046,-1.577505,0.081564,0.270689,-0.219335,-0.014058,0.429072,0.895918,-0.080207,0.716224,-0.002513,-0.575628,-0.901360,0.644471,1.259236,0.508309,0.297593,-0.420001,0.934450,-0.084212,0.942018,-0.393014,-0.393567,-1.487395,0
-0.069572,-0.964037,0.255585,-0.322571,0.021356,0.142675,0.302786,-0.407605,-0.349660,0.145972,-1.094659,0.569397,-0.004211,0.587775,-0.293366,0.285712,0.737586,-0.773664,0.207976,-0.183722,0.012948,0.190387,0.942463,0.152741,1.104777,-0.450673,-0.655855,0.654102,-0.358622,0.892821,0
-0.217935,-0.313159,-0.906399,-0.580368,0.878118,-1.631328,0.156466,1.098757,0.115899,-0.498708,1.555437,-0.077548,-1.344217,-0.039360,0.715490,-0.624391,1.252521,0.079851,0.057757,-0.491545,-0.405919,-0.188893,0.419621,-0.842597,0.077795,-0.444162,0.534411,-0.061560,1.121275,0.633920,0
-0.511983,-0.797940,1.063678,-0.835965,-0.311189,-1.528147,0.812082,-0.018677,-0.958937,-1.928631,-0.739412,0.123922,-0.614567,-0.244162,0.869983,1.135743,-0.348802,-0.605939,-0.033276,0.205799,1.106794,-0.134277,-0.632431,-0.528384,-0.154863,0.863853,-0.488200,0.142574,0.298238,-0.601987,0
-1.218991,-1.084558,-0.742391,0.152582,-0.083188,0.494209,0.600266,0.341549,0.456744,0.579397,-0.210600,1.449290,-0.536509,0.774478,-1.213042,-0.027197,1.181361,-0.605333,-0.991461,-0.669203,0.330654,-0.478846,0.018139,1.387475,-0.232814,0.586268,0.144506,0.657315,1.109353,-0.252091,0
-1.399728,-0.641633,0.647755,-0.734142,0.175248,-0.885309,-0.513934,-0.612122,0.433982,-1.158501,0.369339,-0.552592,-0.078130,-1.014048,0.410906,0.339589,0.345951,0.707814,1.021742,0.488818,0.536920,-1.046739,-0.077894,-0.532322,0.855737,1.478047,1.075708,0.726173,0.014275,0.590638,0
-0.162979,-1.333132,0.203999,0.591840,0.491089,1.120771,0.851587,-0.540321,-0.252202,-0.091008,-0.110019,0.312647,0.617120,-1.081914,0.070188,0.480077,-1.278464,0.961816,-0.668978,-0.404562,0.289201,-1.647687,-0.975870,-0.272394,-0.169978,-0.209032,-0.259591,-1.183258,-0.904895,0.406770,0
-0.530014,0.367827,-0.519016,-0.482902,0.326801,-0.596253,-0.041507,-0.433526,-0.253781,0.494689,-0.227617,1.034224,-0.752383,-0.388163,-0.459075,-0.153702,-0.989566,0.243854,0.070197,1.479865,1.008505,0.894054,0.592498,1.087474,0.923597,0.610655,0.166896,0.693972,-0.105916,0.561692,0
-0.744031,-0.171870,1.136600,0.304472,0.999195,0.640680,-0.063215,-0.246140,1.801631,0.206538,0.505047,0.582487,-0.919703,-1.044696,0.532261,0.080688,0.089296,0.856474,-0.623515,0.155635,0.263724,1.128183,-0.067219,-0.088984,0.258442,-0.658295,-0.806002,-0.481303,-1.169779,0.418179,0
-1.710553,0.383961,-0.642967,0.098610,0.300712,-0.083901,-0.748942,-1.619103,0.667861,0.557707,-0.293254,-0.174227,-1.152264,0.244738,0.364241,-0.751396,0.278549,0.427670,-0.074189,-0.497215,0.020743,0.309144,0.006610,-0.256172,0.101609,0.501969,0.682250,-0.126500,0.598021,-0.053380,0
-0.331011,-0.698272,-0.079016,-1.313079,0.442619,-0.387019,-0.609831,1.657891,1.159658,-0.552291,-0.510264,1.118017,1.560051,-0.703553,-0.934486,0.859262,-1.354271,-0.713208,0.085114,-2.370119,-0.017997,-0.083509,-0.220439,0.004236,2.096603,0.544037,-0.306277,0.399741,-0.385343,0.446811,0
-1.005210,-1.438438,-0.317674,-0.272958,0.743384,-1.005180,0.502634,0.249810,0.246098,2.112059,1.428452,0.850257,-0.715351,0.590872,0.527834,-0.004010,1.733083,0.937740,1.511003,0.485148,-0.458750,0.272369,-0.646982,-0.343519,1.100472,0.082443,-0.502548,1.110857,-2.037209,0.078009,0
-1.182965,0.171539,1.576084,0.102241,-0.698611,-0.596871,0.523119,0.491792,-0.143103,0.297982,-0.634574,0.633721,0.897064,0.950629,0.613622,0.257281,0.410509,-0.960679,0.252070,-0.732047,-0.186041,-0.230547,-1.331536,0.078643,0.156097,-0.322140,-0.922971,-1.364287,-0.559728,-0.356788,0
-1.188102,-0.612673,-1.237506,-1.028733,0.979640,1.203241,0.604183,0.081735,0.155203,-0.587121,0.663145,-0.363447,-0.012072,-0.067566,-0.201833,0.717006,0.795505,-0.038518,0.458265,-1.051345,-1.014867,0.581213,-0.221863,-0.501186,-0.962362,-0.059566,0.079245,0.327826,-0.486368,-0.706227,0
-1.325550,-0.533332,0.725025,-0.187131,-0.124786,0.499611,-0.093161,0.404874,0.987253,0.493497,-0.084967,0.737858,-0.009012,-0.530314,-0.033652,-0.858617,-0.067597,-0.102754,0.030344,-0.750122,1.138752,-0.094163,0.631925,0.724212,0.700936,1.529205,0.523872,-0.222025,-0.284816,0.306601,0
-0.728597,-1.034759,1.022608,-1.003429,0.724352,0.530265,-0.369319,0.221475,0.443140,-0.690863,0.253467,-0.177939,0.339450,1.737782,-0.351091,-0.249514,0.357321,0.219465,-0.319948,-0.328296,1.400879,-0.187632,0.306350,0.282025,2.025662,-0.434550,0.524719,0.636846,1.079467,-0.621820,0
-1.459119,-0.396328,0.191072,-0.969615,0.067499,0.321195,0.018683,0.022440,-0.692441,-0.786945,0.900668,-0.961854,1.092271,0.615796,0.171923,-0.060387,0.384019,-0.594702,-1.196952,0.321767,0.139715,-1.111439,0.444119,-0.993863,-0.122319,-0.460465,1.385574,0.718333,1.138274,1.113123,0
-1.517878,0.415318,0.929279,1.614626,-0.967203,0.168854,0.207844,0.450797,0.407308,-0.280443,0.726351,-0.414357,-0.613735,0.550284,-0.791952,-0.683464,0.080726,0.464712,-0.063755,-1.217085,0.088768,0.453763,0.163649,0.380186,0.379629,0.757428,0.954003,0.886901,-0.623011,0.196368,0
-1.189148,-0.252034,0.079949,1.297718,-0.371911,-0.101584,-0.219770,-0.150933,-0.370461,1.562206,-1.489715,-0.200862,-1.537505,-0.917936,1.809482,-0.479714,0.814009,0.735759,0.803942,-0.122054,0.141973,-0.546673,-0.777880,0.242195,0.434564,-1.373968,0.725680,0.036051,-0.727040,-0.533406,0
0.904372,1.145422,0.621680,-0.669565,0.797284,-1.143233,0.283952,-0.421291,0.510288,0.932690,-0.344550,0.716003,-1.072193,0.416845,-1.131514,0.887936,-0.520215,0.870606,-0.142101,0.325314,-0.404094,0.161151,0.616066,0.834354,1.388993,0.033460,0.745741,-0.511755,-1.027936,-0.042374,0
-0.989884,-1.447782,-0.628504,0.538228,1.201118,0.015538,-0.890070,0.398164,-1.086999,0.355259,0.423615,-0.686129,-1.872917,0.700004,-1.079931,-0.080442,-0.125657,0.175984,-0.351650,-0.458960,-0.190388,-0.786834,-0.855067,-0.826659,-1.262790,0.359014,-0.289467,-0.518276,-1.476642,0.602555,0
-1.604156,-0.715359,0.942969,-0.286192,-0.700118,0.771091,-0.532364,-0.341200,0.901731,0.435696,-1.563611,-1.145126,1.244579,0.970379,0.198490,0.331265,-1.674939,0.547973,0.822465,-0.413309,-1.580410,-0.834763,0.221289,1.179528,0.111063,0.633704,0.092560,-0.672378,-0.444924,0.214553,0
-0.923826,-0.169802,0.037916,-0.707171,-0.542438,0.795986,-0.314845,0.750246,-0.301090,0.951193,0.024421,0.202117,-0.017887,1.659191,0.389100,0.400304,-0.471074,-1.561876,0.143635,-0.282698,0.082101,0.136142,-1.927177,0.025080,0.195842,0.307765,0.701972,0.209645,-0.481573,-0.559881,0
-1.416963,-1.606863,-0.530833,-0.232476,-0.015332,0.406579,0.260975,-0.116976,0.779755,-1.031239,1.395071,0.534241,-0.816873,0.219605,-0.266026,-0.076387,0.771777,0.882951,-0.360368,-1.032598,-0.406610,-1.240087,-0.378871,0.201873,0.214455,1.042653,-0.929910,-0.042376,-0.575653,0.032244,0
-2.444681,-0.317994,-0.640388,1.383013,0.090005,0.575734,-0.159644,-0.754688,0.866626,-0.355217,0.722034,-0.894012,-0.399240,-0.056673,-1.653358,-0.090789,-1.375953,-0.091465,-0.264449,-0.222904,-0.736683,-0.483487,0.198823,1.333535,-0.289754,-0.649446,0.679339,0.368648,-0.475032,0.938135,0
-0.483596,0.768315,-1.435554,-0.762050,-0.337323,0.753741,0.121586,1.270874,-0.583411,1.031647,0.880898,-0.561817,-1.564253,1.672358,-1.992768,0.234074,-0.086676,1.396985,1.018635,-0.315683,-0.067730,0.151232,-0.404178,-0.750049,0.139363,-0.003108,0.060441,-0.813396,0.555989,0.078089,0
-0.966434,-1.229090,0.030006,0.674780,-0.129544,1.138703,0.905407,0.889133,0.212683,-0.490930,0.041651,0.609497,-0.635649,-0.230148,-0.000478,-0.270291,1.271885,-0.082857,-0.601422,0.060501,0.850936,0.113725,-0.752971,0.239223,-0.366852,-0.957134,-0.198761,0.432478,-0.987525,-0.291770,0
-0.148788,0.653399,-0.329950,0.429358,-0.152084,1.477779,-0.087472,-1.077933,0.199162,-0.776351,0.070035,-0.509655,0.495209,-0.716178,0.958692,-0.931266,0.498826,-0.990101,0.577636,0.938693,0.508680,0.473879,0.710766,0.490700,0.847270,0.127638,0.239671,-0.019542,-0.502225,0.108315,0
-0.656806,-0.308544,-0.313679,-0.849011,-0.649021,0.837706,0.668850,-1.312426,-0.416903,0.507536,-0.924222,0.576670,0.244548,-0.213717,0.147274,-1.280864,-0.602535,-0.156915,-0.221395,-0.501240,0.505771,-0.332470,-0.337037,-0.564747,0.271434,-0.050288,-0.225512,0.115890,0.191196,-1.336329,0
0.296578,-0.554838,0.284410,0.522832,0.137642,-0.659647,-1.030032,0.307220,0.041682,0.224449,-0.248288,0.645075,-0.226794,-0.353335,-0.115340,0.783640,0.354230,0.006840,1.670679,-0.612676,0.059858,-0.669548,-2.172559,-0.436732,-0.425172,0.156852,1.235615,0.273381,-0.407373,0.100690,0
0.291588,-0.239669,1.271979,1.616554,0.700388,0.169220,0.366522,0.097376,0.284444,0.267715,-0.252672,-0.157610,-1.141843,2.332150,0.253595,-1.024302,0.400863,0.393213,0.341779,-0.078598,-0.208244,0.346680,0.153265,-1.024640,-0.813303,0.327703,-1.126103,-0.708602,0.229085,-0.015103,0
-1.587091,0.506629,0.499172,0.993859,-0.704061,0.098836,-1.560724,0.309464,-0.044312,-0.668726,-0.394571,0.000684,-0.168795,-0.265360,0.895636,0.267981,0.477417,-1.106164,-1.475039,-1.600843,1.852903,-0.111079,-0.515272,0.210973,1.234350,0.355271,-1.375483,-0.076636,0.524618,-0.244111,0
-0.815963,0.010591,0.239115,2.120169,0.658556,-1.081868,-0.877523,-1.059141,-0.601320,-0.178944,-0.321272,-0.639303,0.408913,0.330081,0.440413,0.948225,-1.153126,0.737695,-0.870236,-1.202436,-0.824913,-0.601681,0.236104,0.479352,-0.010193,-1.399703,-0.306361,2.545704,-0.818259,0.685649,0
-0.307016,0.229996,-1.323221,-0.263981,-0.150801,-1.141363,0.597254,-0.218329,-0.303440,-0.123746,-0.395062,-0.635222,-0.012150,0.052968,-0.263810,-1.209753,0.645201,-0.198852,-0.471310,1.029104,0.664503,0.018350,-0.936336,-0.421241,-0.322051,0.003006,0.535590,-0.325897,-0.832598,-1.024206,0
-1.548282,0.762714,0.496907,2.247357,0.198043,-0.255848,1.016859,-0.192548,-1.044440,0.744943,-0.378844,-0.045459,-0.436201,1.023723,-1.736981,0.296520,1.026795,1.191191,0.359875,-0.142060,-0.613124,-0.154064,0.144189,0.548537,0.502349,0.161291,0.073619,-0.486671,0.256176,0.323167,0
-1.621624,-0.793952,-0.083492,-0.795610,-1.357864,-0.206911,-1.051191,0.565504,1.155809,-0.717480,1.783084,0.586413,0.485869,0.230736,0.477501,0.498663,0.631489,0.796702,0.664744,-0.053175,-0.110303,-0.102591,-1.549019,0.446911,-0.447819,-0.041213,0.368273,-0.907323,-0.458240,-0.854163,0
-1.385240,1.109261,-0.638046,0.022217,-0.589107,-0.461504,-2.016864,-0.301247,-0.506491,-0.177330,-0.207244,-0.605704,0.500140,-0.131557,-0.641684,0.605883,0.651629,-0.494820,-2.051443,0.457585,0.397249,1.217530,1.871774,0.982200,0.059875,-0.065596,0.274039,-0.317901,-0.803043,-1.020559,0
-0.552506,0.883430,0.679586,0.974069,-0.994760,-1.371666,-1.167500,0.707036,-0.846905,-0.472938,-0.046604,-1.227376,-0.236610,0.165913,0.783981,0.160450,-0.122414,-0.350999,0.765375,-0.232761,-0.567807,-0.063477,1.087785,0.033757,-0.980679,-0.169133,-0.265792,0.275138,-0.605964,-0.499512,0
-1.359498,0.529725,-0.563036,-0.058544,1.061917,0.326200,0.543748,-0.545831,0.614814,-0.891375,-1.001909,-1.578230,-0.519289,-1.076382,-0.138379,1.062533,-0.580199,0.694366,-0.909190,-1.280528,0.503383,-0.460398,0.790962,0.554921,-1.300089,0.561015,-0.378947,-0.106090,0.592515,0.111475,0
-1.125016,-0.233225,0.100399,0.354185,-0.822978,-0.707075,1.105038,0.601250,-0.285109,0.032418,0.085967,-1.162617,0.605062,-0.648870,0.890532,-0.233431,-0.612960,1.189399,0.846575,1.541125,0.178353,-0.071474,1.269811,0.593534,-0.157961,-1.356237,0.552529,-0.118637,-0.581449,-1.350705,0
-1.159551,-1.902787,-0.459339,-1.811198,-1.139311,-0.075503,-0.905813,-0.808999,-0.366431,0.172134,1.232941,-1.081580,0.022323,0.655729,-0.379256,1.095990,-1.239022,0.227270,0.470609,1.355481,-0.601545,-1.063826,-0.006656,0.226714,0.196443,-0.594058,0.760206,1.223633,-1.582521,0.439722,0
-0.890484,1.333415,0.224413,0.544387,0.869438,0.055478,0.012759,-0.417412,-0.997076,-0.431583,-0.187360,0.945061,-0.538190,0.453704,0.544659,-1.615825,-0.620346,0.702413,0.298873,0.864006,1.994458,-0.416429,-1.489921,-0.917326,1.179505,0.262418,0.912292,0.230069,0.424713,-0.250388,0
-1.371295,-0.705379,0.432427,-0.134924,-0.810081,1.281613,-1.619276,-0.579161,-0.348058,0.472343,0.189601,-0.114476,0.035441,-0.704505,0.663757,1.558659,-0.556131,-0.701672,-0.652999,-0.097015,0.019382,0.964830,-0.294784,1.425045,0.889329,0.061588,0.159945,-0.376381,0.771224,-0.023179,0
-2.625826,-0.475191,0.555867,0.688281,0.580463,-1.444042,-0.504467,0.193571,-0.736877,-0.381587,-0.436614,-0.724204,-0.777326,0.731259,-0.444882,-0.246330,0.501730,1.050902,-0.332682,-0.125093,-0.758195,-0.997021,0.768404,-0.146145,-0.185648,1.447082,0.936681,0.631938,-0.118296,-0.207952,0
0.190166,-1.064884,1.164936,0.803844,-0.732947,1.458582,-0.141491,0.381287,0.568099,-0.153840,-0.619578,0.407126,0.835884,1.075728,-0.054107,0.580838,0.803075,0.786348,-0.256611,-1.261945,0.795050,0.058971,-0.225265,0.703178,-0.002504,-0.087106,0.091378,-0.386773,1.396245,-0.892829,0
-3.987134,0.376691,-0.306709,0.023668,0.073240,0.464071,-0.306756,0.292821,0.157513,-0.139703,0.831889,0.623555,0.362807,0.746401,-0.978315,-0.716463,0.402003,-0.424879,1.741137,-0.601900,1.497166,1.816309,0.284176,-1.155854,-0.604557,-0.456335,0.187846,-0.319223,0.144975,-0.595843,0
-0.639154,0.023663,-0.403821,-0.947222,0.112833,-0.956682,1.027075,-0.493191,-0.618059,0.236370,0.174630,-0.739522,-1.177251,-0.525773,0.158145,-0.679253,0.923936,-0.438736,-0.019808,0.528535,0.481869,0.131473,0.155868,0.587705,-0.832644,-0.408224,0.431641,1.406784,-0.202763,-0.504791,0
-1.446086,-0.002737,-0.314505,0.399901,0.127857,1.357205,0.228339,1.401831,1.291756,-0.791832,2.975150,0.889205,0.639245,0.468843,-0.218053,-0.517996,-0.895850,0.083733,-0.203311,0.166540,0.737520,1.106607,-0.248722,0.243879,-0.872126,-0.394193,-1.319704,-0.191875,0.489287,-0.463934,0
-2.622105,-0.422225,-0.396096,0.647258,0.271700,-0.535301,0.087156,-0.477217,0.039334,0.674160,0.226402,-0.490802,0.146076,0.035990,0.488999,-1.057245,1.013617,-0.157708,0.617270,1.033860,0.796972,-0.209098,-0.959199,-0.571470,-1.788625,0.854456,-0.782082,-0.578148,0.926905,0.603664,0
-2.459435,0.175052,0.004448,0.033545,0.211559,-0.694675,0.158747,-0.124263,-0.560496,1.017963,1.435730,-0.779348,-0.880561,-0.560852,-0.864524,0.929135,1.152151,0.128731,-0.737002,0.646115,2.525887,0.167060,-0.225903,-0.046601,0.346117,-0.039474,-0.507947,0.170403,-1.032280,0.634154,0
-1.929213,-0.308872,0.144291,0.237450,-0.023254,-0.112211,-0.844099,-0.455030,-0.085161,0.243484,-0.485609,1.163527,0.136611,0.684163,0.136942,0.269337,1.557088,-0.438168,0.207876,0.163149,1.052331,0.896939,0.532522,0.598671,-0.638012,1.313128,-0.457158,0.288727,-0.995141,0.316955,0
-0.465290,0.860032,-0.961008,0.094589,-0.208070,1.446547,-1.973260,0.675392,0.069474,0.926359,0.102393,-1.247555,-0.526824,1.006512,0.434401,2.306865,0.141198,-1.149384,-0.274173,1.025152,0.480021,0.726151,-0.594937,-1.404537,-2.256293,0.014517,-0.324165,0.337353,0.637969,0.506916,0
