0.286268,2.686616,1.574205,1
1.832753,1.103147,1.292271,1
2.213262,0.258524,-0.721124,1
0.322742,1.051898,0.886905,1
0.695179,-0.115490,0.113601,1
1.969265,0.936080,3.790777,1
2.844253,0.358198,1.279610,1
0.462435,0.133215,0.454285,1
0.406757,1.668090,1.829402,1
0.939417,-0.281456,1.533934,1
0.473871,1.833466,-0.865110,1
0.091295,-0.334668,2.995155,1
1.863500,1.140729,3.944750,1
-0.948196,-1.602060,0.080373,1
0.107576,0.791836,1.871935,1
-0.358411,-1.126253,0.778334,1
1.437231,2.090767,3.640149,1
1.184223,1.273397,-2.074428,1
0.678391,-0.454931,0.637737,1
-0.225261,1.809529,2.992191,1
2.149754,0.947524,1.636535,1
1.295080,-1.254983,0.681140,1
0.892010,0.627737,1.228918,1
1.045099,2.072116,-0.506697,1
0.417546,2.529809,-0.063556,1
1.490710,1.369825,0.651656,1
1.056283,0.168179,0.570153,1
1.840865,0.824095,2.813570,1
-1.138109,2.094484,0.906132,1
1.506858,3.011829,-1.688640,1
1.426583,0.757912,0.591411,1
1.844092,2.370533,1.812034,1
1.286805,2.385476,-1.906981,1
2.255617,-0.317368,2.855226,1
0.652466,2.203706,1.586086,1
2.977897,1.069980,1.315998,1
1.201805,1.649423,2.187744,1
2.221881,1.028995,0.097014,1
0.283116,1.738250,1.828903,1
-1.214665,0.919533,0.370793,1
1.140711,-1.316711,1.003853,1
2.840473,0.431396,-0.479199,1
1.740122,0.725677,1.844034,1
0.946314,-0.109371,1.269972,1
1.780365,-0.554908,0.863811,1
-1.406806,3.160653,2.222175,1
2.558883,0.727313,1.446899,1
-0.347200,2.341306,1.268559,1
1.374917,1.455035,0.562209,1
0.016955,0.664455,-0.135394,1
0.665381,0.971786,-0.341094,1
1.778298,0.621994,-0.570641,1
1.140459,1.054545,3.358580,1
0.561991,1.004564,2.205549,1
-0.721037,1.776021,1.710400,1
1.242395,-0.560558,0.200667,1
-1.578962,0.152415,3.120821,1
0.833898,0.421262,0.035306,1
2.922907,1.982382,-1.429372,1
2.517636,-0.411825,-0.371434,1
-2.197421,2.451943,2.167666,1
0.231441,0.507203,1.423856,1
1.161422,0.943377,0.285881,1
0.500190,-0.696353,0.170468,1
0.436841,0.040065,1.836236,1
2.064865,-0.506096,0.830078,1
-1.224022,1.674962,4.304583,1
2.556799,-0.242369,0.210559,1
1.661987,1.455302,1.694897,1
-0.136454,-0.532285,1.464822,1
-0.147321,2.822435,0.021720,1
1.879848,0.425824,1.186047,1
-0.426771,0.367330,3.099642,1
0.808309,-0.355784,-0.024430,1
1.742712,1.255282,2.369575,1
-0.745963,-0.292561,2.155717,1
1.371284,5.207121,1.335969,1
1.830238,3.249053,0.909674,1
0.875271,1.897011,-0.050123,1
3.368879,1.497947,4.286616,1
-0.423884,-1.236351,0.495768,1
1.945961,-1.076353,-0.029499,1
2.743537,1.547863,-0.494214,1
0.461491,1.415045,-0.128690,1
-0.106998,4.015558,0.516571,1
-0.149495,0.148211,1.984936,1
0.081234,2.737087,0.390859,1
2.351191,0.015152,0.234744,1
0.190685,0.473270,0.287558,1
-0.151187,1.093658,0.927815,1
0.401330,1.357989,1.412270,1
0.711421,2.845824,1.569195,1
2.609246,2.117737,0.828714,1
2.370511,0.830756,-0.868472,1
2.252437,1.749324,-0.939404,1
0.854014,-0.878653,2.226924,1
1.690753,1.083606,1.672059,1
3.017536,0.445222,-1.624341,1
2.746512,0.061258,0.087677,1
1.978216,-0.634275,1.865909,1
0.623528,0.344882,3.533077,1
0.146983,2.779516,0.531717,1
0.436669,0.642249,2.618449,1
1.462032,0.434747,1.495156,1
-2.679185,1.635552,1.069799,1
0.311789,-1.169326,1.187433,1
2.735607,1.647240,3.142282,1
2.617837,-0.604080,1.651199,1
2.467527,0.601425,0.896323,1
2.260629,-1.342877,-0.952429,1
1.063527,0.969407,1.282040,1
2.341099,0.788965,1.113245,1
1.610719,0.357684,0.752780,1
-1.032905,1.069557,2.174299,1
0.321532,-1.136332,0.123981,1
3.671102,0.980594,-0.568597,1
0.878364,0.802453,4.021889,1
0.386288,2.334917,2.409243,1
2.420142,3.447355,2.895736,1
1.767432,1.132831,1.819315,1
0.948274,0.996282,0.126248,1
2.137311,1.519378,3.107173,1
0.534043,2.276846,1.219919,1
-1.586137,-1.455641,0.609664,1
1.917659,-0.213994,1.717188,1
0.332363,-0.546143,-0.450363,0
-0.371871,-1.007012,-2.548194,0
-1.425934,-2.050885,-2.654168,0
-1.981269,-0.442822,-2.415672,0
0.506763,0.090874,-3.278275,0
0.715978,0.012829,0.851423,0
-0.549958,-2.322154,-1.249191,0
-2.609241,-1.312137,-0.219269,0
0.811137,-2.606056,-1.648159,0
-0.024042,-0.910018,-0.480740,0
1.559790,-0.239973,-1.064215,0
0.468650,-3.554095,-1.555617,0
-0.381117,-0.283937,-1.755790,0
-1.287984,1.083635,-0.539052,0
-1.428008,-1.788580,0.738934,0
0.832835,-3.337501,-0.637758,0
0.352925,-0.794335,-0.461032,0
-0.918056,-1.189324,-1.187772,0
0.015582,-2.279026,1.298069,0
-2.753223,-0.279178,-3.784762,0
3.295911,1.222741,-1.236750,0
0.015883,-1.398225,-1.670697,0
-0.702777,-2.699532,-1.092445,0
-1.393194,0.250543,1.477887,0
-2.901483,-1.190153,-3.792564,0
-0.702214,-1.274922,-2.540746,0
-1.207294,1.964235,0.121879,0
-0.632056,-1.671813,-1.616597,0
-1.320787,0.358633,0.898555,0
-0.676286,-3.186220,0.966864,0
-3.913575,-0.207325,-0.311123,0
-1.615979,-0.470902,0.130459,0
0.168171,-0.986988,1.009214,0
-1.937061,-2.807539,-1.003226,0
-0.273067,-1.972789,-1.991656,0
-0.229580,0.531871,0.590281,0
-1.070995,-0.698340,-1.386794,0
0.486802,-1.880153,-0.124752,0
0.569759,-1.265806,-3.052679,0
-2.121570,-1.236251,-0.771881,0
-1.037284,1.130436,-1.436689,0
-1.098818,-1.645153,1.338691,0
-0.429034,-0.299903,-0.707134,0
-0.601801,-2.737918,0.379189,0
1.140072,-0.550456,-1.289885,0
-1.214282,-0.570065,0.005734,0
-3.352324,-3.758655,0.074240,0
-3.299250,-0.608039,0.717294,0
0.617590,-2.335370,-0.849635,0
-0.478584,-2.090672,-0.520646,0
0.921816,-1.654168,-0.760819,0
-2.527493,-1.322596,-1.714448,0
-0.867863,-1.876981,-0.618174,0
-0.800502,0.448362,-0.383856,0
-1.976044,0.305666,-2.487351,0
-1.808256,-0.240387,0.104400,0
-3.064105,-2.179949,-2.483568,0
-2.005110,-1.284476,-0.333826,0
-1.594362,-2.069299,-1.719489,0
0.375415,-3.851976,-0.846771,0
-0.637653,-0.619058,0.293091,0
0.343661,-0.261574,2.109974,0
-0.853280,-3.537397,-0.474792,0
0.164081,-1.774316,-0.355808,0
-1.211051,0.634246,-0.571038,0
-0.300096,-0.071603,0.149525,0
-0.234368,-3.272857,-1.071234,0
0.532101,-1.431496,1.548177,0
-1.971455,-2.444295,-2.069974,0
-2.879170,-0.642778,-0.459192,0
-1.071777,-1.088265,1.055903,0
0.009484,-2.413591,-0.426389,0
-1.754327,0.235812,1.101271,0
-2.010833,-0.351780,0.460359,0
-0.993239,0.004827,-3.003806,0
1.884368,1.588431,-1.763482,0
-1.193421,-0.398437,0.204424,0
-2.302227,-0.525667,0.934674,0
-0.404716,-2.164854,-0.381067,0
-1.963229,1.620090,-2.157079,0
0.042214,-1.347831,0.029689,0
-3.149443,-1.417293,-0.072239,0
-1.073580,0.244586,-0.994211,0
-1.779751,-0.268496,-1.273869,0
0.624695,-3.124433,-2.988066,0
-1.588780,-3.632498,0.282838,0
2.153142,1.486005,-2.062999,0
-0.667880,0.886256,-1.983782,0
-0.024302,-0.142402,-1.346215,0
-1.007668,-2.024136,-0.692148,0
-1.067201,1.437461,-1.152793,0
-1.192841,-1.365658,-2.630611,0
0.590336,-0.986097,0.078379,0
-1.756623,-1.652502,1.886133,0
-0.743081,-0.126707,-0.495067,0
-1.589614,0.074781,-3.333341,0
1.246213,-0.322472,-1.569668,0
-3.239551,-1.929700,-0.397660,0
-0.473417,-0.093992,-0.292674,0
-2.493968,-0.938715,-1.533955,0
-0.545236,-1.793432,-0.483660,0
-1.925034,1.745655,-1.196423,0
-2.872340,-3.811770,-0.185721,0
-0.687547,-0.894551,-4.282115,0
-0.353791,-2.474905,-2.268239,0
-2.340537,-1.545098,-1.298146,0
-1.246041,-0.984180,-3.278168,0
0.803577,-1.029544,-2.978804,0
-1.582437,-2.047678,-1.069709,0
0.268088,-3.422750,-2.150735,0
-0.095695,-1.070814,-0.155406,0
-0.712671,-1.808753,-1.992106,0
0.070598,-0.169219,-0.726407,0
-2.941089,0.684555,0.521282,0
-2.050863,-1.564870,-3.138659,0
-0.478227,0.608816,1.115630,0
-0.757946,0.192243,-0.602518,0
-1.921469,0.073916,1.400424,0
-2.550493,-1.971812,-0.400903,0
-0.229780,-0.780915,-0.071430,0
-3.528738,-0.783996,-1.389334,0
-0.560334,-0.317628,-1.409612,0
-1.203745,-1.629307,0.917959,0
-1.023668,-2.369334,-0.642384,0
-0.449784,-2.833930,-0.876467,0
