0.739018,1.916598,1.175555,1
-0.819341,0.511442,-0.499313,1
2.562683,1.450497,-0.036925,1
3.321084,0.558722,0.361415,1
-0.129656,-0.496984,0.209183,1
0.856232,-0.267365,1.736833,1
-0.803137,0.080564,0.983426,1
-0.986680,0.283783,1.038237,1
0.089695,1.396749,1.616129,1
-0.373809,0.085327,1.849732,1
1.862698,-0.367086,1.988408,1
2.626122,1.264030,-0.820263,1
1.273475,2.142637,-1.071837,1
3.595313,1.304944,-0.069627,1
1.452164,0.389797,1.644099,1
2.924241,1.388089,1.565728,1
0.129194,1.139331,0.771281,1
-2.175297,1.674644,0.585825,1
-0.841396,1.767950,-0.288429,1
0.841181,0.344885,2.569668,1
0.586238,-0.753624,0.082238,1
0.746922,1.455096,1.800103,1
1.278413,0.072011,2.048032,1
4.091145,2.169585,-0.483653,1
-0.272943,-0.476941,-0.687338,1
3.041924,3.246424,0.759984,1
1.071204,0.131008,2.081968,1
-0.178466,2.611895,-0.031312,1
0.090641,3.115741,1.415494,1
2.327704,2.105456,0.787046,1
1.312186,1.063670,1.771892,1
0.212171,0.400486,1.288919,1
1.184894,-0.850546,2.848948,1
1.876966,-0.672806,2.327555,1
0.605650,3.285246,1.649449,1
0.188940,-0.930796,2.667306,1
2.649169,0.383161,0.725779,1
1.498081,1.257608,-0.204611,1
1.420291,1.389322,-1.337894,1
1.351101,1.676804,2.251645,1
0.675263,0.385086,2.524485,1
2.153724,1.723537,2.483491,1
0.597213,1.903760,1.473961,1
-1.389878,1.413438,2.671343,1
2.214931,2.319582,0.784606,1
0.489300,2.683657,-2.053665,1
3.177642,-0.150193,-0.361465,1
2.490092,4.406862,-1.400751,1
3.206836,0.933792,3.690538,1
0.240478,3.218958,1.524792,1
1.645049,0.043122,0.707126,1
-0.095216,1.010384,1.596652,1
1.147678,0.998180,2.819168,1
0.402759,0.433997,1.502226,1
4.767439,1.179155,0.381607,1
0.446412,4.933929,0.770831,1
1.099882,2.561900,-0.181698,1
1.671832,1.755106,1.491986,1
1.710212,2.912011,-0.076952,1
-0.170788,0.292252,0.790681,1
0.842434,1.100927,1.965138,1
-0.631526,2.009675,-0.152913,1
0.610332,-2.599069,0.943759,1
-0.272857,0.509260,0.621868,1
1.821739,0.374018,-0.089037,1
0.937024,1.605872,1.541387,1
0.121644,1.771703,2.568555,1
2.189407,1.340028,1.818781,1
-0.353248,1.435458,0.252321,1
2.010450,0.985231,3.031210,1
2.035459,1.502376,0.994787,1
2.298686,1.877325,1.419730,1
1.671120,1.641405,2.048165,1
0.733526,1.031188,0.995633,1
2.062930,0.716098,3.481619,1
0.150365,0.237073,-1.165501,1
2.366173,1.939741,1.749131,1
2.427113,-2.172960,-0.510504,1
-0.862113,0.795133,0.084963,1
-0.823583,2.241961,1.201157,1
1.383538,3.586995,0.916786,1
3.146136,1.699716,2.021317,1
1.277606,0.122948,1.759789,1
-1.453043,2.507769,1.807551,1
0.916138,3.039435,0.347044,1
-0.470925,2.337618,5.125979,1
2.141969,1.032830,2.028363,1
1.312655,2.228240,2.483731,1
0.611958,-0.714214,0.857658,1
2.684786,1.153513,4.919755,1
1.820838,2.764919,1.150214,1
0.629031,2.251414,1.854363,1
-1.127784,-0.666557,3.365834,1
-1.460124,0.691750,2.193766,1
0.636467,0.932707,-1.318905,1
1.326522,0.986557,2.155319,1
-0.995985,3.109134,0.586112,1
2.847052,1.602573,-0.575100,1
0.328142,0.629743,3.117464,1
1.413463,0.767871,0.570209,1
0.966133,0.426677,2.163318,1
1.387346,3.552273,1.202223,1
1.511843,1.919757,-0.938295,1
0.861724,1.695719,-0.617568,1
1.178351,0.293227,-0.325315,1
0.754579,2.101768,-1.364366,1
0.353827,1.435762,0.786851,1
1.303686,0.338143,1.657311,1
0.540821,3.097833,1.561153,1
-0.259653,-0.023868,0.397282,1
0.790413,0.452245,2.596137,1
0.081675,1.094024,1.120652,1
-0.665048,-1.087905,1.056000,1
2.294009,-1.022644,1.965145,1
0.655972,0.428715,-0.866833,1
1.894933,1.522810,0.208591,1
-0.180598,2.765672,1.788430,1
1.419064,-0.353072,0.118610,1
2.168516,-0.563046,2.848176,1
0.280195,0.661849,-2.870343,1
-0.014514,1.491652,0.788383,1
2.373994,1.230806,2.613293,1
0.291496,2.293634,0.296072,1
-1.085629,-1.828196,1.349981,1
1.632881,0.562124,0.044392,1
-1.373586,-1.427651,-0.998707,0
-0.989792,0.386441,-1.101415,0
-1.759384,-1.597244,-1.554565,0
-1.931932,-0.528582,0.880087,0
-0.188894,1.520962,-0.481829,0
0.884780,-1.697128,-0.310733,0
-0.741604,1.475202,-2.828988,0
0.901456,-0.901979,-1.409554,0
1.833930,0.769935,0.023263,0
-2.460875,-1.353339,-1.389733,0
-2.162363,-4.584996,-0.551817,0
1.067439,-0.518057,-1.105470,0
0.850743,-0.826818,-0.140856,0
1.177100,2.667470,-0.863078,0
-0.068387,-0.347943,0.250840,0
-0.795453,0.112122,0.228767,0
-2.650970,-1.688219,-1.447113,0
-0.060099,-1.272056,-1.756180,0
-3.040602,0.472570,-1.306808,0
-0.582984,-1.759786,-2.040668,0
-1.799515,-2.331185,0.014380,0
-0.178817,-1.168318,-1.977597,0
-1.456214,-1.025212,-2.909934,0
-0.461421,-0.573352,-1.263195,0
0.074439,0.022781,-1.137276,0
-1.225488,0.016398,0.337259,0
-2.319465,1.211087,-0.034511,0
-3.031746,-3.370517,-0.553048,0
-0.719432,-0.825960,-2.632318,0
-0.555591,-1.109909,0.199151,0
-1.384888,-2.144343,-1.241117,0
-1.269652,-0.431821,-1.086055,0
-2.185301,-0.551528,-1.428789,0
-1.080383,-1.531422,-0.812847,0
-1.959928,-2.702709,-1.849766,0
-1.091763,-2.541499,-0.816837,0
-3.143899,-2.750437,-0.867207,0
0.063175,-2.094150,-0.851283,0
-0.277571,-0.265602,-1.074643,0
-1.885201,-0.824546,-0.986491,0
-0.807020,0.398523,-0.253504,0
-1.743922,-0.266098,1.308258,0
0.373115,0.491919,0.837491,0
0.691926,-1.772250,-0.368653,0
-1.233984,-3.692631,-0.881439,0
-2.453529,-0.441168,-0.010093,0
-1.575857,-2.135566,0.041182,0
-1.734683,-1.773208,-4.859405,0
1.802779,-0.865612,-3.313896,0
0.507685,-0.661718,-0.875527,0
-0.674904,-2.635417,-1.418674,0
1.234036,-0.397881,-2.462957,0
0.416393,-1.095033,0.886405,0
-1.159919,0.726803,-0.810470,0
-2.662558,-3.722412,-1.862864,0
-0.539461,-1.622311,-0.424582,0
-1.880027,-0.257209,1.085349,0
0.083735,-0.407589,-1.967168,0
-1.790587,-1.455850,-3.746528,0
-2.688512,-1.999942,-0.933644,0
0.459280,-1.162756,-0.528694,0
0.035729,0.474720,-0.498765,0
-1.904616,-0.684377,-0.491360,0
-1.127825,-1.615582,0.432686,0
-1.687152,1.426247,1.319761,0
-1.264230,-1.215658,-0.936427,0
-1.560164,-1.015471,0.025239,0
-3.538969,0.039064,-0.077923,0
-2.749239,-1.284779,-2.133453,0
-1.838470,-0.899965,-3.030711,0
-1.008911,-1.597319,-0.841303,0
-0.470354,0.524173,-0.696422,0
0.955086,0.325609,-3.515561,0
-2.948602,-2.777135,-3.541162,0
2.176054,-1.842249,0.741843,0
-0.915728,-2.235138,3.142855,0
-0.629011,0.270768,0.156434,0
-0.250647,-1.732720,-1.898870,0
0.575042,-1.473975,-1.267954,0
-2.628183,-0.806312,-1.131852,0
-2.103752,-1.783294,-1.686242,0
-2.404734,0.137123,-0.269305,0
-1.710809,-3.781613,-1.452089,0
-0.780047,-2.225057,0.129846,0
-0.790061,-0.315770,-1.856452,0
-0.363418,-0.036205,-1.448853,0
1.873953,-1.597186,0.038089,0
-0.929000,-0.468494,-4.029637,0
-2.521650,-2.338287,-0.265112,0
0.236376,0.037940,0.562685,0
1.151014,-2.370041,0.847958,0
-1.068222,-3.244024,-0.129095,0
-1.599201,-2.594619,-1.168505,0
-2.614842,-0.536914,-0.733785,0
-4.406520,-1.080186,-2.116720,0
-1.301712,1.385389,-1.413094,0
-0.376113,-3.138025,-2.994485,0
0.623469,-2.490304,-3.130105,0
-2.424780,-1.021119,-1.618772,0
-1.246332,-0.002445,-2.221990,0
0.785050,-0.761878,-1.627616,0
0.168408,-0.638494,-0.329782,0
-1.170216,0.457976,-2.357474,0
0.276799,-2.334844,-1.964200,0
-0.254101,-0.121488,-0.475369,0
-0.718439,-1.508212,-2.597044,0
-0.157765,-0.832256,-1.283587,0
-0.766119,-0.708981,-0.034970,0
-0.794957,-2.156113,-3.663249,0
-0.426590,-1.548278,-4.978475,0
-1.431891,-1.719558,-0.642914,0
-0.144806,0.685606,-2.753727,0
-1.727347,-2.183882,-2.538762,0
-0.929925,0.994593,-1.807524,0
-0.995929,-4.430084,-0.300388,0
-0.586139,1.578225,-1.086109,0
-0.885653,-0.430220,-0.154564,0
-0.936035,-0.803883,0.227152,0
-3.327904,-1.758886,-0.864854,0
0.261153,-1.229715,-0.337544,0
-2.563171,-0.820254,-0.645275,0
-1.229534,-0.913540,-1.058040,0
-2.771758,0.385374,-0.434093,0
-2.739676,-4.348651,-0.536786,0
-1.932112,-1.120450,-0.581162,0
