0.692316,2.537692,1
-0.236782,4.119749,1
-0.627124,4.160452,1
-0.949351,-0.015709,1
-0.584198,1.201982,1
2.480692,1.764389,1
3.724063,0.587727,1
-1.991953,2.399256,1
-0.452155,0.148970,1
3.019352,2.816084,1
0.922135,3.879535,1
-1.679762,3.914793,1
-1.513033,0.548647,1
1.533274,-1.048136,1
0.784590,1.504296,1
0.278012,4.038942,1
2.658520,-0.681100,1
2.274650,1.888122,1
2.929539,3.351550,1
3.449504,-0.832202,1
-0.162822,3.086111,1
2.211461,0.445810,1
1.759547,1.970669,1
-0.328323,2.045395,1
4.015543,1.826090,1
3.681260,3.304999,1
3.299890,1.678598,1
1.376952,2.503886,1
0.744821,2.766562,1
1.445992,-0.229647,1
-1.019503,-0.938882,1
1.568654,1.164353,1
2.652790,-0.671550,1
0.522676,0.398910,1
3.108019,-1.973980,1
3.105884,-0.482880,1
-0.062077,0.625008,1
-0.685925,-1.592525,1
2.318364,3.492687,1
-1.242914,3.289235,1
1.465504,1.561946,1
-0.930844,-0.371235,1
-2.143616,0.480165,1
-1.633328,-1.369005,1
2.462948,-0.129509,1
-0.166655,0.253576,1
2.292499,-0.143251,1
2.221325,2.641441,1
-0.418309,-0.506972,1
-0.017737,1.010001,1
3.322520,-1.017103,1
1.669432,0.175767,1
3.415836,-0.272577,1
-1.493796,-0.781088,1
3.909244,2.030267,1
2.403625,3.635417,1
2.693116,0.818142,1
2.432220,0.696008,1
3.500291,1.261952,1
3.838738,3.120123,1
1.665958,-2.042184,1
3.010527,1.152844,1
2.798329,0.504399,1
1.672841,1.005289,1
1.086282,0.859357,1
3.833556,3.091262,1
1.416251,-0.042371,1
-0.391046,-0.036377,1
-0.256680,1.629055,1
1.644108,3.491637,1
-0.216968,3.462410,1
1.953873,-0.360149,1
0.109152,0.376677,1
2.236554,-1.269384,1
1.639174,2.725815,1
1.947978,2.705022,1
0.792858,-1.736835,1
0.933997,0.697422,1
-0.431142,2.354883,1
2.445553,-1.619093,1
2.675924,0.315434,1
2.407504,2.383304,1
-2.083724,-0.887172,1
1.616578,1.737533,1
-0.030052,-1.335578,1
1.937480,1.802955,1
3.703658,3.211051,1
-0.029407,2.521936,1
0.531522,1.377016,1
2.065401,0.803725,1
2.687460,0.027912,1
1.916384,0.531493,1
1.948124,2.972258,1
-1.260260,-0.790037,1
2.751072,2.410628,1
-2.169009,-0.813797,1
1.587956,1.483520,1
-1.858439,3.817015,1
2.385778,-1.048921,1
-0.571607,0.006515,1
-1.139532,-0.919859,1
1.572008,0.225585,1
0.893099,0.862766,1
1.386799,3.632544,1
0.794170,0.446132,1
1.221328,-0.053268,1
1.926095,1.727290,1
-1.437636,2.912986,1
-1.469401,1.568980,1
0.465213,-1.756293,1
-1.751201,0.264382,1
-0.662577,2.792332,1
2.831010,-0.750695,1
1.319633,1.477466,1
-1.724171,-1.581763,1
-1.243418,0.806965,1
3.506332,3.935728,1
-2.011470,-0.852124,1
1.467889,2.418868,1
3.491165,1.118886,1
2.267686,-2.171426,1
-0.253792,0.651067,1
2.692777,1.406171,1
0.582507,-1.081480,1
-1.592900,1.878404,1
-1.148296,-0.821100,1
0.620519,1.306885,1
0.626989,-2.112081,1
2.975941,0.300014,1
1.568475,0.926167,1
0.202365,-0.471370,1
-1.636507,-1.308269,1
1.483379,-0.287835,1
1.778396,0.836657,1
0.670815,0.328619,1
-1.612667,-1.989501,1
0.478972,-2.096556,1
-0.556426,0.126719,1
1.343930,0.612792,1
-1.715520,3.023957,1
0.056640,0.284924,1
1.809169,-1.948029,1
3.447103,3.959768,1
3.143069,3.379690,1
0.462761,-0.512490,1
0.294727,-0.265745,1
-0.548441,1.528059,1
-0.166448,4.049840,1
1.106159,1.907208,1
-0.725636,-0.786669,1
-1.478250,-1.626077,1
-1.038614,-0.895118,1
3.218729,-0.487537,1
-1.611399,-1.029868,1
-0.224254,2.122141,1
-1.131771,-0.318530,1
-2.039195,3.071697,1
1.729837,0.138617,1
-0.723853,2.098387,1
0.448134,-2.156339,1
-0.022358,0.998339,1
3.148782,2.752344,1
0.648644,2.715807,1
-1.499474,-0.326759,1
4.167934,0.242441,1
-1.152014,-0.032620,1
-0.924420,2.907607,1
3.451017,3.372558,1
-1.710628,1.976883,1
-1.842610,-1.819296,1
3.421732,-1.495113,1
3.475768,-1.434430,1
1.105047,0.995535,1
-0.628949,-1.740854,1
3.210663,-1.847674,1
2.100002,3.908360,1
-0.286197,2.009510,1
-1.931470,3.223168,1
1.268706,3.594501,1
0.088163,-0.157763,1
1.150065,1.328223,1
1.982668,-0.850272,1
0.936103,-0.690928,1
-0.991080,3.607460,1
2.920695,3.139857,1
-0.374795,2.661468,1
1.909099,-0.543595,1
2.234062,3.372453,1
0.318394,4.087223,1
-1.893935,1.312414,1
0.720986,2.260254,1
4.020898,-1.365390,1
-1.061255,1.748839,1
1.955511,-0.360159,1
-1.879663,-0.320106,1
-1.423131,3.920506,1
1.571044,1.378307,1
-1.301259,-1.098742,1
3.494187,-0.668386,1
0.847247,1.910740,1
-0.077329,-1.468078,1
1.887906,-0.439187,1
3.813951,0.544623,1
2.475035,1.468064,1
-0.073081,3.905169,1
-0.644887,-1.772632,1
4.149920,-2.181554,1
2.071147,-1.398821,1
3.570744,4.053980,1
1.850805,-0.715085,1
3.037481,1.873595,1
-1.887313,3.376616,1
0.006052,3.211207,1
3.906233,2.392445,1
-0.820462,0.507380,1
0.122057,3.426482,1
2.787600,2.969473,1
-1.450684,4.121181,1
2.265906,0.917334,1
3.154456,-1.399820,1
-0.970205,2.703654,1
3.431944,-1.553758,1
-0.874990,4.044146,1
-1.755838,3.121848,1
2.405151,-0.511813,1
2.163729,2.723244,1
3.422164,-1.373751,1
1.752549,3.555149,1
-0.780202,3.900354,1
-1.191038,-0.918757,1
1.482199,3.726979,1
-1.949923,0.940103,1
0.394209,1.591675,1
-2.144322,0.805595,1
1.773519,1.672482,1
3.204215,-1.873567,1
-1.059505,-1.106225,1
-1.808597,2.229369,1
1.282388,-0.418057,1
0.259236,-0.030325,1
1.132317,3.393365,1
-0.305710,0.447817,1
3.812785,-1.188103,1
1.165952,3.259034,1
-0.852902,-1.962116,1
0.309808,3.558044,1
0.041621,1.106643,1
3.844014,1.136283,1
2.819649,4.146306,1
2.546629,4.163728,1
0.532444,0.830474,1
0.095937,1.986823,1
0.060338,3.127477,1
0.473940,2.144324,1
3.643530,0.998399,1
-1.854694,-0.082065,1
0.482352,3.660875,1
2.476385,3.206414,1
-1.745712,-1.474755,1
1.944417,4.139200,1
0.718755,2.556882,1
1.406260,1.890237,1
1.770195,-0.008605,1
-1.158660,1.062437,1
4.155553,2.534652,1
0.001975,3.458788,1
3.595976,3.152429,1
2.678081,1.363169,1
2.012367,-1.592448,1
2.439277,2.286439,1
3.368407,-2.057007,1
2.369144,1.715419,1
3.910722,0.610695,1
3.809159,2.350940,1
-0.128464,0.399588,1
0.249059,-0.235525,1
-0.499172,-0.501926,1
-1.348203,-0.032403,1
-2.119633,-1.952028,1
3.461962,0.592228,1
-2.168518,-1.260559,1
-0.909574,2.863796,1
0.411771,1.693561,1
-1.155838,3.104236,1
-0.187957,0.467076,1
-1.795156,0.666026,1
-1.472755,2.880663,1
-1.340631,3.179910,1
-1.506166,-1.686528,1
3.191713,3.092165,1
-1.741327,-1.917667,1
0.061782,1.993766,1
3.970861,-1.480353,1
3.077495,-1.557104,1
-1.918348,3.775927,1
-1.385530,-0.222188,1
2.693208,1.238505,1
-0.549466,3.306425,1
2.934416,1.357983,1
2.757308,3.052005,1
-0.369390,2.721894,1
0.939306,-1.869134,1
2.670329,2.307918,1
2.680650,-1.424917,1
0.358997,-1.287160,1
-2.037721,4.064679,1
3.590003,4.074874,1
2.592431,0.529540,1
2.516551,-1.250833,1
-1.765756,2.658794,1
-1.031193,2.371351,1
0.870464,0.841336,1
0.942004,1.220972,1
1.755421,-0.017041,1
-1.837627,-0.853204,1
-1.361228,3.159826,1
3.109751,-1.570801,1
-1.028993,2.430547,1
-0.127275,-0.228749,1
-0.433646,2.154630,1
0.348742,-0.405379,1
2.479273,1.267608,1
3.817394,1.578430,1
0.272721,3.793469,1
0.465269,-1.455514,1
3.492641,3.922030,1
-0.405047,-2.073424,1
-1.876113,-0.148355,1
3.638790,0.758774,1
-0.794172,0.577729,1
2.622767,-0.702591,1
0.712436,0.095979,1
-0.868433,0.795961,1
-0.202522,-0.192404,1
2.229292,-1.264281,1
-2.002640,-0.992210,1
-1.784388,1.572233,1
1.974927,0.626644,1
-1.875857,1.311201,1
3.196913,0.196264,1
0.229626,-1.229292,1
-0.471764,-0.398484,1
2.858418,2.292688,1
3.470541,2.673908,1
1.249024,-0.710426,1
0.214125,1.639665,1
0.022253,3.720787,1
-1.823933,-0.634335,1
-1.272703,-1.385223,1
3.260619,0.195042,1
3.099470,0.792834,1
3.970189,2.074184,1
1.530904,2.261184,1
1.461958,0.265277,1
0.669735,-1.478604,1
1.721137,3.797435,1
2.569375,-1.114053,1
0.810487,-0.596910,1
1.750700,-2.065973,1
3.844648,-1.605837,1
1.553950,0.938601,1
-1.625784,-1.681861,1
-0.992036,-1.928267,1
1.272536,1.359515,1
-1.900599,3.489926,1
-0.491568,3.001825,1
3.270921,0.798042,1
1.126045,-0.054819,1
0.029532,-0.486076,1
2.269641,3.993640,1
1.217538,2.188686,1
4.116521,0.150006,1
3.975644,1.307790,1
0.350968,-1.438772,1
-0.936512,-1.808481,1
-1.266545,3.051509,1
-0.797537,3.712677,1
0.579477,2.931690,1
3.589709,-1.894890,1
2.486598,3.740172,1
2.077029,3.764338,1
3.175598,-0.132092,1
1.866817,2.610600,1
2.742068,-0.454759,1
2.045562,3.598616,1
-1.581706,-1.759925,1
-0.895257,3.532253,1
1.146242,1.871603,1
-0.225552,-0.530711,1
1.779528,-0.992848,1
3.942565,-1.935362,1
1.097882,2.447184,1
1.049777,-0.413496,1
0.030166,1.658055,1
0.717704,0.908230,1
-0.083206,-1.094762,1
2.233795,2.823267,1
-2.106295,1.477689,1
3.630153,2.338922,1
3.698148,1.689499,1
-1.714034,-1.965983,1
-0.715439,3.996981,1
-1.299600,2.048192,1
1.503065,-1.509584,1
-0.490062,1.568203,1
3.326084,-0.578107,1
2.770201,-0.861669,1
0.364942,-1.329666,1
2.285813,3.512981,1
2.942364,1.754620,1
-0.130766,0.441939,1
-1.425738,-1.072821,1
0.428019,2.033784,1
3.723256,-1.835600,1
3.398473,0.415866,1
-1.687458,2.596304,1
2.336492,2.350711,1
1.073309,0.739640,1
1.726163,2.496823,1
0.295915,-1.433393,1
2.101365,-1.703942,1
2.238048,-0.227862,1
0.309130,3.217957,1
-0.543815,-0.597992,1
-0.622393,0.889553,1
-0.323930,1.575439,1
2.992753,1.884640,1
-0.685717,-2.169376,1
1.233618,1.058290,1
-0.866919,2.926208,1
1.200413,-1.754136,1
-0.587514,2.631254,1
-0.417428,-0.577011,1
-1.031979,0.842855,1
-1.111291,-0.932537,1
3.360722,-0.199378,1
-0.429290,1.884027,1
1.871321,-1.672017,1
-1.591540,3.910311,1
0.767661,3.156980,1
3.880393,-0.209144,1
3.760377,-1.372792,1
3.543187,1.034060,1
1.138699,-1.047689,1
1.875575,-0.404819,1
-0.535406,0.636649,1
1.042952,2.239941,1
-1.457414,2.342828,1
1.794910,-0.910587,1
2.949375,2.022394,1
1.957233,0.850533,1
4.073117,3.987322,1
0.821162,3.513608,1
1.687647,-1.659209,1
2.515238,-1.640766,1
-0.204326,3.662784,1
3.017726,0.963892,1
0.650798,-0.086276,1
-0.139239,-0.478016,1
0.749081,3.700590,1
0.909829,2.037980,1
-1.181484,-0.853904,1
1.141484,2.573559,1
-1.610628,2.709723,1
2.806560,1.192219,1
0.477922,-0.116590,1
2.052181,-1.909418,1
3.096680,-1.810473,1
2.823391,0.422006,1
0.788259,3.157643,1
3.619374,3.048882,1
-0.578395,3.597825,1
3.250241,-0.496456,1
-0.285991,-2.115133,1
-1.025671,-1.614527,1
-2.051398,-0.104461,1
3.348447,2.595881,1
0.067629,-0.115530,1
-1.061215,-0.486230,1
2.509978,0.770537,1
1.719660,3.306403,1
-0.156983,3.381840,1
3.712661,1.070336,1
-1.475708,2.615237,1
1.465402,-0.172535,1
-1.581299,-0.961947,1
2.827268,2.263818,1
1.845399,-1.448474,1
3.490417,-1.183252,1
3.231181,2.332760,1
4.147880,2.423126,1
-1.813008,-1.637069,1
4.067500,1.367405,1
-1.915688,0.025669,1
-0.860738,0.066846,1
-0.858137,-1.632259,1
0.658282,-0.216267,1
-0.434942,-1.712635,1
-0.662390,0.203130,1
-0.433126,3.722938,1
3.302397,-0.061404,1
-0.686179,2.480269,1
2.435734,-0.380275,1
1.347467,-1.972104,1
1.717896,-0.286768,1
0.110104,-1.186089,1
-1.106931,3.518258,1
4.129044,2.276298,1
-0.214401,2.636171,1
2.361140,4.098444,1
1.481576,0.192491,1
1.887615,-1.347188,1
2.577957,-1.293516,1
2.912583,2.317755,1
3.083378,0.447575,1
0.531270,2.097923,1
-1.243213,-0.401731,1
3.668555,-0.267178,1
1.232902,1.797194,1
-1.672320,0.544047,1
-1.001968,3.775678,1
3.316868,3.898247,1
-0.616493,1.066728,1
0.887714,0.413626,1
1.716765,0.944410,1
3.890589,-2.010490,1
0.784525,2.062027,1
0.418692,0.199823,1
2.038587,1.509319,1
3.886955,-0.790238,1
3.571407,3.367220,1
3.623121,-2.078357,1
3.974722,-1.820735,1
-0.274734,0.442861,1
2.501420,-0.196023,1
-1.071016,2.518817,1
4.161281,0.141046,1
3.253721,-1.227242,1
-0.190722,-1.261690,1
-0.261155,2.590305,1
2.071948,-0.967061,1
3.484286,2.488986,1
2.162669,2.723839,1
2.478744,2.241205,1
3.088811,2.142321,1
1.915040,0.621721,1
3.237038,-1.025263,1
2.565925,0.507472,1
2.516592,0.253108,1
-0.801808,-0.559356,1
-1.146922,2.634495,1
1.225159,1.789867,1
1.075972,-1.889438,1
-1.334712,-1.466650,1
-1.725706,-1.303769,1
-0.744890,-0.703887,1
-1.073905,1.590600,1
2.473296,-0.332871,1
3.377708,2.840177,1
0.995345,2.734857,1
2.380253,-1.119650,1
-0.240318,3.129848,1
1.467728,-0.943824,1
1.211762,2.676521,1
-1.916508,-1.555876,1
-0.883614,2.065143,1
0.594858,0.914981,1
3.353385,3.843502,1
-1.686723,0.597199,1
0.319532,2.652876,1
-0.628854,2.692079,1
0.243323,0.902745,1
3.453741,-0.934416,1
4.004064,-1.117757,1
-0.145932,0.007147,1
3.629043,2.759111,1
0.392521,0.197259,1
0.901377,2.681293,1
-1.622792,1.037411,1
-1.803968,3.493288,1
1.469006,-1.962078,1
3.871581,3.890013,1
3.263329,0.751122,1
1.565828,2.652712,1
0.684564,2.852382,1
-0.481872,2.040444,1
-1.638892,3.061808,1
-1.163969,-1.611105,1
2.931988,-0.403872,1
-0.107078,-2.016721,1
1.201320,3.866644,1
2.426615,-1.456482,1
3.187348,-1.484860,1
0.747596,0.782793,1
3.815419,2.211786,1
-2.146242,3.138469,1
3.573438,1.407336,1
0.038759,0.440631,1
-1.693004,-2.174753,1
-1.719308,4.026772,1
-2.053354,-2.008464,1
3.279476,-2.015072,1
2.800911,3.564367,1
0.979376,1.622396,1
3.255454,1.837194,1
2.602327,-1.647689,1
0.403122,1.824916,1
-0.907735,0.333834,1
2.211619,2.279094,1
3.645641,0.040050,1
0.642717,0.919240,1
4.125273,-0.007072,1
-0.610612,-1.871000,1
-2.074031,3.083019,1
-0.795189,3.558845,1
-1.786318,1.881928,1
2.400030,-0.265585,1
-1.756934,-0.053718,1
3.560862,0.689857,1
3.589139,2.520923,1
2.694887,-1.211737,1
3.677175,-0.868072,1
0.597237,1.361043,1
0.401472,-0.581800,1
1.222015,2.665193,1
-0.890939,-1.467156,1
3.658978,4.174080,1
0.087466,4.044664,1
1.162946,3.585191,1
-1.477770,1.540129,1
-0.774088,-1.887633,1
-0.037835,2.610867,1
3.229124,0.831241,1
1.705555,-1.173871,1
-1.231233,0.066710,1
3.513232,1.820569,1
0.762323,3.334321,1
1.940900,-1.413998,1
1.593643,0.976177,1
0.774878,2.921969,1
2.681124,0.160207,1
3.299276,3.569233,1
2.168526,1.106258,1
1.565338,4.175959,1
2.150607,1.794196,1
-0.161210,-0.923662,1
3.624507,3.170223,1
3.821539,2.221407,1
3.663423,-1.656597,1
1.549932,2.848763,1
-0.633402,3.218237,1
0.699869,3.441579,1
2.358535,0.760002,1
-0.566008,3.811740,1
0.070836,1.275905,1
0.528215,-2.150901,1
-0.303053,-1.391603,1
-1.712883,-1.216643,1
-0.769798,-1.232367,1
3.213810,2.962527,1
1.263006,1.587691,1
3.740851,3.937479,1
-0.164545,1.522083,1
2.528716,-1.626672,1
2.109624,3.654523,1
-1.379134,-1.767562,1
-1.742506,-2.036881,1
-0.608736,0.861669,1
-1.533804,1.533250,1
1.666812,-0.163245,1
-1.861828,2.047918,1
0.912000,3.074533,1
3.948912,3.600347,1
2.984956,0.602827,1
-0.985162,2.895735,1
-0.326427,-0.757646,1
0.024785,0.528797,1
0.064353,3.375845,1
1.906370,-0.948606,1
-0.336972,-0.341984,1
2.673002,-0.000262,1
-1.090830,0.718429,1
-0.649508,2.876051,1
1.189588,3.709775,1
3.075989,3.087951,1
-1.577855,1.524847,1
-0.658383,3.328866,1
2.884148,2.798566,1
0.063266,-1.330831,1
3.582851,3.442384,1
3.183743,2.139388,1
2.254861,-0.594276,1
3.905756,2.289213,1
2.775491,2.838397,1
-1.791678,1.303734,1
2.972165,0.467641,1
0.718625,2.189847,1
-1.293610,1.052839,1
-0.595273,0.081484,1
2.859411,0.808459,1
2.162863,2.911088,1
0.729752,0.873482,1
-0.629192,0.212525,1
0.097537,-0.803575,1
-0.001042,-1.064341,1
0.836523,0.777462,1
3.362705,2.082818,1
0.528135,0.441342,1
-0.193031,1.447373,1
2.919936,-0.343224,1
-1.683907,-1.548262,1
0.731448,-0.588226,1
-0.783584,-0.382264,1
-1.482089,0.476170,1
1.436124,1.920751,1
-0.731714,-1.526722,1
-0.467456,-0.206043,1
2.423488,-1.438755,1
-0.497985,-0.664808,1
1.207088,1.145850,1
3.640341,0.658424,1
1.340765,-2.143113,1
3.875562,-1.440832,1
2.321712,2.401083,1
3.499038,-1.875243,1
1.827753,0.480128,1
0.244927,1.745212,1
-1.255732,2.057500,1
3.836629,-1.639120,1
4.032497,1.772303,1
2.541347,-1.494032,1
3.909858,0.535336,1
3.284072,0.785484,1
1.892036,0.259613,1
1.262913,3.770958,1
-1.286092,2.573770,1
2.362402,1.545951,1
3.698359,1.757020,1
3.831706,-1.443174,1
1.352020,2.604522,1
-2.065764,3.565937,1
-1.526362,2.145216,1
-0.351605,-0.074287,1
-0.801307,1.094821,1
3.616114,1.774014,1
-0.222954,1.008240,1
3.976002,-1.195622,1
-1.160792,3.782134,1
-1.383075,3.145657,1
-1.372319,3.373055,1
-3.338892,1.184320,0
-2.383728,-2.397125,0
-1.262067,-3.999079,0
-3.274055,-4.058248,0
-3.243793,-0.152010,0
-3.662990,-1.085200,0
-1.567745,-1.409560,0
1.169350,1.881952,0
-0.919716,-2.127762,0
-3.200527,2.110924,0
-0.966017,-1.765635,0
-0.697014,0.643856,0
-0.531812,-4.163411,0
1.939989,1.305074,0
0.993827,1.614159,0
-0.322971,-0.188345,0
0.016443,1.635849,0
-0.659014,-1.464699,0
1.676639,0.316878,0
-2.872236,-3.143162,0
1.270598,-1.416871,0
-0.009243,-2.963110,0
-0.398265,-3.398178,0
1.965181,-2.145903,0
0.279350,-1.384440,0
-3.309220,-2.186674,0
0.102508,-0.834937,0
-1.091044,0.008203,0
1.261269,-3.155799,0
-1.702447,2.054631,0
-1.285880,-3.003928,0
1.251910,-3.885015,0
0.522095,0.969616,0
-1.936614,1.762274,0
-3.268835,1.578146,0
-3.232743,2.001655,0
-0.004300,-0.901428,0
-1.091074,-3.989439,0
-0.372324,-1.879632,0
0.402742,-4.135094,0
1.511837,-2.044267,0
1.799444,-2.440862,0
0.463363,0.352709,0
0.541652,1.441126,0
1.018239,-1.351375,0
1.510921,-2.631767,0
0.211760,1.836204,0
-4.094067,1.357361,0
0.717612,-3.188985,0
-1.150879,0.865685,0
-0.310583,-3.638876,0
-2.973182,0.586441,0
-1.840032,-2.209756,0
0.076232,0.627506,0
-3.170943,0.720515,0
-0.017161,-3.665259,0
1.208989,-3.328433,0
0.061849,-0.811386,0
-1.426335,-0.199644,0
-0.466032,-0.172480,0
-0.560117,-2.817156,0
-1.041780,-0.377873,0
0.092079,1.068207,0
-4.125424,0.593390,0
-3.269315,-3.040305,0
0.984188,-3.638180,0
-2.119974,1.340316,0
-3.633008,1.289910,0
-1.396380,1.504970,0
-3.898877,-0.468903,0
1.287757,-3.913860,0
-2.179727,0.427878,0
0.126466,-2.474528,0
-0.282138,0.486527,0
-3.768552,1.193862,0
-3.551261,0.951255,0
0.774546,-1.203821,0
-2.962620,-0.749148,0
-1.255399,1.669451,0
-1.801498,-2.702189,0
-0.697078,-0.746357,0
1.256515,-3.563308,0
1.385032,-3.731618,0
-0.067653,-0.931890,0
-0.506118,-2.599418,0
-3.990416,1.038380,0
-1.829593,-2.498961,0
-1.740780,0.875858,0
2.168072,-3.599054,0
-0.312310,0.730569,0
-3.349828,-1.275487,0
0.400569,-2.892568,0
1.838892,-3.756267,0
-2.658571,-1.215359,0
-0.192036,-1.937275,0
-2.733491,1.811306,0
-1.113896,-3.686773,0
-2.768129,-0.535463,0
0.224727,-3.353457,0
2.163652,0.337766,0
0.807929,1.669039,0
0.045592,-0.156827,0
-3.442621,-2.261240,0
-3.337498,-0.559552,0
-2.419660,0.304379,0
-1.020550,1.240195,0
-2.224014,-0.352507,0
-2.177307,-2.603759,0
-3.615222,-3.402001,0
-0.663020,-3.898053,0
0.529051,-4.099774,0
-0.427245,-1.077862,0
-2.723671,-1.852714,0
-1.186546,1.641937,0
-2.907761,-3.652903,0
1.092709,-0.272466,0
-1.009401,0.089837,0
-1.051315,0.403918,0
-3.785529,-3.512692,0
-2.173203,-0.877699,0
0.817944,-2.459115,0
-3.524912,-3.961143,0
0.290271,1.028199,0
-1.324766,-1.321515,0
-3.100715,2.175392,0
1.142087,1.507686,0
-1.298526,-0.674237,0
-0.413580,-2.186623,0
1.899632,-0.146218,0
0.719064,-1.875973,0
0.824534,-4.153626,0
-0.274021,-3.016380,0
-0.524838,-1.344785,0
1.556343,-2.208175,0
-2.024086,-3.395892,0
1.747633,-2.215281,0
-4.046272,1.840004,0
-0.286881,-2.499853,0
-1.065722,-0.144560,0
0.417321,1.467502,0
2.180054,0.327751,0
0.103637,-2.551728,0
1.419146,1.823866,0
1.015806,0.268103,0
-2.934896,-0.175694,0
1.890159,-2.866103,0
-3.147046,-0.697286,0
0.010378,-3.019222,0
0.710952,-0.619112,0
1.610085,-1.287840,0
-2.936480,-0.349931,0
-0.037370,1.230839,0
1.844300,-0.012061,0
-1.802383,-1.987045,0
0.293153,-1.497175,0
-2.096095,-4.051977,0
-1.025888,-0.752534,0
-1.659949,-2.932511,0
-1.686329,-0.335124,0
-3.546249,1.486016,0
1.768880,1.850530,0
-1.586190,1.199048,0
-3.002825,-1.171486,0
1.367456,-0.302083,0
-3.712573,0.743786,0
-3.276972,-3.786971,0
0.710814,-0.505020,0
-3.408359,1.644597,0
-4.090989,-1.854962,0
-3.187328,-0.788236,0
-1.136021,1.256867,0
-1.001205,0.391024,0
-0.281814,-3.904319,0
-1.235895,-2.340107,0
0.732555,-3.542496,0
-2.046111,1.866696,0
1.415247,0.731661,0
-0.826160,-1.780254,0
-2.198277,-1.912726,0
0.249417,-1.731278,0
-0.568872,-3.773163,0
-0.780948,-2.511828,0
-2.776417,-2.906178,0
-1.770243,1.586312,0
-1.209727,-2.309056,0
2.079418,-4.180048,0
1.569283,-3.500319,0
-1.432497,1.604324,0
1.678745,-3.988116,0
-2.100128,0.667423,0
-0.008328,-3.517093,0
-3.460216,-2.315547,0
0.205213,-0.523850,0
-2.531934,1.983793,0
1.749268,0.674071,0
-0.566144,-1.866578,0
-0.072424,1.828417,0
0.191301,-0.867117,0
0.075106,-1.777579,0
-0.133010,-1.873073,0
-2.535750,2.174853,0
-0.918841,0.151647,0
-3.903821,0.965218,0
-3.441828,-3.539345,0
-0.574075,0.495176,0
0.602932,-0.381782,0
1.425828,-2.889052,0
-0.070506,1.183040,0
-0.977067,-1.491959,0
0.970598,-1.247462,0
-0.696575,-1.221209,0
-1.365585,-1.470675,0
-0.289502,-2.504415,0
-1.529421,0.809488,0
1.136423,1.007245,0
-0.659709,-1.722319,0
-0.997764,-3.714665,0
1.627390,-3.142369,0
0.937610,-3.389568,0
-2.942152,-2.549615,0
0.346237,-3.100204,0
-1.758246,-1.468757,0
1.811699,0.262114,0
1.546792,-0.666767,0
1.507497,0.339882,0
-3.161578,-2.480238,0
-0.984085,-2.833923,0
1.815891,-0.975912,0
2.108372,0.796964,0
-0.184853,-0.453677,0
-1.315287,-3.767104,0
-1.833750,0.598553,0
-2.633323,-3.737307,0
-2.046032,-1.836889,0
0.458589,-0.774374,0
-3.872370,-2.109333,0
0.355578,-1.595852,0
-2.166143,1.615592,0
-2.423074,-3.431905,0
-0.403403,1.598903,0
-2.076898,-2.649647,0
-2.173969,-0.971068,0
-2.975368,0.377119,0
-3.677708,-2.429756,0
-3.226564,-3.333385,0
0.106843,-2.692158,0
-4.051286,-0.391075,0
-2.775435,-1.309435,0
-1.112555,-2.793283,0
-2.263638,1.180076,0
0.672187,0.459196,0
-0.357000,-0.145672,0
0.185812,-2.794292,0
0.985130,-2.205557,0
0.935427,-1.338864,0
-1.570783,-0.510361,0
-0.425402,0.212118,0
-0.886016,-1.746067,0
-3.596552,-3.401331,0
-3.439411,-1.355136,0
-0.844079,-3.142924,0
-3.453899,-3.107085,0
-1.763133,1.823500,0
-0.912268,0.164725,0
-2.172487,2.155271,0
1.587057,-3.454312,0
-1.059647,0.218933,0
2.143295,-1.570677,0
0.896348,1.258287,0
-3.880102,1.105958,0
-0.112766,-2.795171,0
-2.303344,-2.544683,0
-2.435583,-1.352352,0
-0.162189,-3.040001,0
0.883634,0.461085,0
-4.139252,-2.219795,0
0.358787,0.381525,0
-2.992285,-2.982570,0
-2.128999,2.051895,0
-2.226207,-2.726193,0
-1.064181,0.671664,0
-2.703229,-2.630187,0
0.992575,1.025355,0
-3.460673,-0.207601,0
-2.337928,-0.441221,0
1.479426,-2.253284,0
-3.019552,1.100063,0
-0.876158,-3.725569,0
0.477305,-3.348689,0
0.759738,2.136461,0
-1.965996,-1.576344,0
1.785395,-2.346574,0
-1.792002,0.299234,0
-0.029606,-1.144130,0
-2.337420,-2.112937,0
-1.852176,1.028064,0
-2.710431,-3.782775,0
-2.117519,-0.380360,0
1.333522,-3.328203,0
-3.922630,-3.979556,0
-2.280592,0.154771,0
0.547608,0.822624,0
-1.215405,1.178591,0
-0.946841,1.739529,0
-0.295949,0.574016,0
-3.871540,-0.315003,0
-1.945028,0.398919,0
-3.136004,0.963650,0
-1.078978,-1.544815,0
-0.052917,-2.503161,0
-2.194486,1.846078,0
0.700106,-0.616618,0
1.360381,-2.191292,0
-0.030927,1.132803,0
0.032478,-1.661633,0
-2.230894,-2.338142,0
0.238457,-4.023221,0
1.576832,-1.264761,0
-1.668972,-3.940960,0
-2.379017,-0.746691,0
1.581800,-3.711774,0
0.737703,-0.607062,0
-1.229228,-2.515324,0
-3.148659,-0.588013,0
-2.554442,-2.906642,0
1.408323,-1.777244,0
-3.772067,-1.411497,0
-4.093801,-0.987739,0
1.085810,-1.143108,0
-1.096503,-3.952245,0
2.163115,0.396128,0
1.224905,-4.077727,0
1.378860,-2.489127,0
1.390168,-4.019408,0
-3.802594,-2.351003,0
-1.407113,2.137545,0
-1.856274,1.320230,0
-0.937713,0.903472,0
-2.917604,0.057876,0
0.925735,-3.204215,0
1.541721,-1.454163,0
-3.777733,0.368010,0
1.641464,-2.930781,0
0.860246,-0.268931,0
0.019220,-4.130785,0
-1.762695,0.124928,0
-2.109692,-0.191017,0
-4.019027,0.938658,0
-2.906595,0.272604,0
0.192905,-1.718713,0
-1.524359,1.886741,0
0.739250,-1.842121,0
-3.876831,-0.342003,0
-3.018239,-4.137845,0
-0.216251,-0.129907,0
-1.542115,-0.530603,0
0.111267,1.412903,0
0.200634,1.956562,0
1.226676,-2.169818,0
-1.084827,-3.821543,0
-3.802866,1.944757,0
1.801360,0.596906,0
-0.339971,-2.832149,0
1.093770,-0.148815,0
-3.802731,1.327229,0
0.776299,1.256158,0
0.581153,-2.577039,0
1.256380,0.716648,0
1.983812,-3.185609,0
0.286336,-1.175660,0
-2.303685,-2.117700,0
-1.188580,-0.186858,0
-1.184406,-2.411427,0
-2.121778,1.412888,0
-2.250910,-2.226278,0
-1.380754,-3.722996,0
0.969795,-2.157711,0
-3.315329,1.020516,0
-1.159199,-0.646949,0
-3.545678,-1.157109,0
0.124584,1.043790,0
1.458174,-3.719798,0
1.110546,-1.969247,0
-1.273726,0.150870,0
-0.054908,0.770219,0
0.841768,-2.807271,0
0.511572,-2.847189,0
1.893954,-1.582209,0
-1.390854,-0.160635,0
1.736279,-0.907397,0
-3.644530,-3.969324,0
-2.386906,0.959792,0
0.356684,0.369929,0
-3.025194,0.699041,0
0.290420,0.634253,0
0.029534,-2.343029,0
-1.668354,-1.475980,0
-0.202118,-3.631191,0
0.921960,-2.582925,0
1.126970,-4.088741,0
-0.075103,-3.863834,0
0.025826,0.568062,0
0.869040,-4.045321,0
0.072379,-0.644726,0
-2.710034,-1.710030,0
1.677898,-0.576821,0
-0.395797,0.952932,0
1.399100,2.032847,0
-0.672641,-1.958280,0
1.186200,-0.512547,0
-0.369884,-3.592127,0
1.599722,-2.075459,0
-0.175579,2.159515,0
-2.944731,-2.443763,0
-1.759033,-2.791336,0
1.555340,0.782084,0
-2.771456,0.053905,0
-2.748395,0.288003,0
1.165470,-3.597763,0
-1.358997,1.472899,0
-3.276731,-0.214237,0
-1.330833,-3.380010,0
2.033148,-3.631779,0
-0.747854,-2.074753,0
2.156089,1.077413,0
-2.661469,-3.892565,0
-2.120689,1.087211,0
-0.617609,1.167718,0
-0.353416,-3.933822,0
-1.886499,1.407865,0
-0.939238,-2.810802,0
1.108371,0.975577,0
-0.724422,-3.873786,0
-3.127535,1.300090,0
-2.710738,-2.545928,0
-1.598529,-1.040707,0
-0.606708,-3.818175,0
0.257579,-2.528537,0
1.547757,-2.550731,0
-4.042914,-0.625353,0
0.295856,-1.971246,0
0.280450,-1.897922,0
1.534164,0.423344,0
0.359920,-2.198290,0
0.590088,-2.921975,0
-2.244794,-0.015972,0
1.756090,1.777111,0
2.040123,-0.872180,0
-3.529362,-0.677680,0
-3.696563,0.502780,0
-0.837472,-2.408743,0
0.126781,-0.906319,0
1.922443,1.382555,0
-3.096826,-1.201369,0
-1.382101,-3.809541,0
1.545519,-3.551940,0
-1.343166,0.949225,0
-0.623242,-1.020148,0
-4.167810,-2.120245,0
-1.853943,-3.506140,0
-0.672878,-0.435832,0
-0.938982,1.071540,0
-1.243439,-1.845041,0
-1.237741,-1.863742,0
-3.444620,-1.438656,0
0.355509,0.653405,0
0.294286,-1.671351,0
1.688575,-1.673137,0
-1.119097,-2.935987,0
-3.928149,1.802819,0
1.579532,1.312473,0
0.742778,-2.421096,0
-1.647766,-0.587723,0
-0.136576,1.077420,0
-1.583139,-1.583926,0
0.410557,0.939153,0
0.815948,-2.948598,0
-4.043263,-2.101808,0
-1.369980,-2.303920,0
-1.522585,-3.511024,0
-2.402789,1.719371,0
2.148914,-2.563633,0
2.020881,0.489231,0
-1.222643,1.540919,0
-0.750432,-3.700875,0
-2.735438,-1.075446,0
-0.410038,1.449360,0
-1.922402,1.079007,0
0.021569,-0.682575,0
-0.950771,-3.809683,0
-1.211787,-3.044392,0
-2.074048,-3.023105,0
-3.093132,-1.436195,0
0.019279,-3.752008,0
0.290974,-2.505362,0
1.817668,0.225361,0
1.190043,-2.536221,0
-3.885401,1.127402,0
-3.484375,-1.349639,0
-3.602443,-2.200923,0
1.449218,0.021796,0
0.033222,0.895757,0
0.149120,-1.489213,0
-3.217940,-2.739916,0
-1.903045,-1.970606,0
0.923901,1.660306,0
-2.942173,-1.936918,0
2.119904,-0.694249,0
-1.592979,-1.508323,0
1.779315,-1.417542,0
-2.404151,-2.650717,0
2.011374,-1.468010,0
1.879171,0.501863,0
1.900162,0.060617,0
-4.073106,-1.404647,0
0.167839,1.433939,0
-2.953330,-3.166878,0
-0.868930,0.572441,0
-1.309195,-2.713194,0
-1.286930,0.628527,0
-1.437839,-3.150628,0
-3.253383,-0.761669,0
1.215669,-3.097711,0
1.916769,-0.223613,0
-1.920135,-2.392555,0
-1.792931,0.119833,0
-4.080372,-2.581927,0
-0.592584,1.406919,0
-1.004991,-1.750080,0
1.348261,0.961079,0
1.503916,-2.598503,0
-3.982384,-4.161816,0
-0.030627,-2.509605,0
-2.192506,1.256296,0
1.198847,0.905761,0
-3.461011,-1.606141,0
0.386992,-2.542395,0
0.314011,-2.246757,0
-3.899929,-1.307329,0
-1.485396,-1.238892,0
0.522424,-3.521562,0
0.043711,-1.760980,0
-3.772877,1.666840,0
1.275482,0.846050,0
-3.477501,-3.148213,0
-3.459642,-1.527544,0
-4.058249,-2.695944,0
-2.122039,-0.877689,0
-1.501353,-3.451678,0
-0.482537,-0.397064,0
0.114103,1.056638,0
1.148495,-3.493882,0
0.024363,0.689483,0
0.508875,1.751090,0
-3.854914,-2.911040,0
1.302290,-1.394588,0
-2.006000,-1.838684,0
-3.876944,-0.561971,0
-1.147953,-2.555237,0
-4.148586,-2.510445,0
-0.145275,-1.377523,0
-2.841002,-3.367753,0
-0.753267,-0.126929,0
-3.885541,0.167982,0
-0.185802,-2.198098,0
-4.088431,-1.643607,0
-2.447382,0.946138,0
-4.065984,1.825749,0
-3.567248,-4.029637,0
0.639813,-0.558227,0
-1.130243,0.253590,0
-2.388652,1.638615,0
-1.431111,-0.455220,0
-3.501532,1.790014,0
-0.115691,0.001059,0
0.989864,-2.210953,0
2.093055,-2.803654,0
-1.092041,-3.926526,0
2.134944,-1.056088,0
-3.433344,-3.010143,0
-0.158937,2.161942,0
0.617790,-3.427402,0
0.142167,-3.861557,0
-1.781515,-1.627332,0
0.232841,-3.501532,0
-1.610886,-3.263464,0
1.444947,0.088370,0
-3.919006,-0.670873,0
-0.205156,-1.556432,0
-1.102915,0.732753,0
-2.228197,-0.010696,0
-3.019333,-3.880152,0
0.112966,-3.827673,0
-2.263801,-1.155842,0
1.135251,-2.989232,0
-4.171226,-0.679718,0
-2.351015,-4.145727,0
-1.038004,1.767303,0
-0.359797,-1.093932,0
-0.063402,0.016358,0
0.190173,-1.630337,0
1.643488,-3.074463,0
-4.035632,-0.186997,0
-3.541820,-0.037297,0
-3.284845,-3.164785,0
-1.414017,-1.407069,0
0.177144,1.029036,0
-1.293105,-0.018674,0
-2.947902,-3.358541,0
1.746790,1.292345,0
0.049241,2.050242,0
0.056653,-3.203433,0
-2.352060,-1.369061,0
-1.583719,0.642089,0
0.904848,-1.474813,0
-3.829422,-1.673171,0
-3.324479,-1.899757,0
1.081224,-4.048510,0
0.315956,-2.544093,0
-0.167304,-3.037564,0
0.430197,-0.103460,0
-1.000776,-2.742078,0
2.027773,-0.666166,0
0.471601,-2.396992,0
-1.189069,1.751413,0
1.277819,0.840640,0
1.886616,1.784402,0
-1.269000,-0.982032,0
0.522192,-2.174306,0
-0.728844,-0.756492,0
-2.951296,-0.684700,0
-3.943976,0.849406,0
-1.196462,0.941090,0
0.121743,1.493151,0
-0.103704,-2.818270,0
1.842412,-2.393486,0
1.296186,1.704041,0
-3.302196,1.684292,0
-0.657091,-2.551207,0
-2.264081,-3.552132,0
0.717039,-3.561166,0
-1.011293,-3.698800,0
1.027559,-2.669681,0
-4.135391,-1.311366,0
-3.448979,-2.453842,0
1.158243,-0.458727,0
0.048061,2.082066,0
1.470245,0.505418,0
2.100872,-3.519875,0
1.058218,-0.207398,0
-1.189805,-1.590194,0
-1.758265,-1.982421,0
-2.690864,0.587520,0
0.976167,-1.213449,0
-3.063122,-1.373772,0
-0.783430,0.412426,0
-4.106082,-4.138919,0
-4.144144,-1.144069,0
-1.041415,1.886796,0
0.546159,-1.824945,0
1.650093,-3.859307,0
-1.290613,-2.895453,0
1.977841,0.235368,0
1.044400,-4.034087,0
-2.641634,0.072432,0
0.026618,0.426215,0
-3.987879,-3.996458,0
2.035406,0.595556,0
-0.876849,-0.234183,0
-2.154527,-0.339216,0
-1.216882,0.835745,0
0.361967,-3.416145,0
1.174592,-2.883463,0
1.766631,0.004433,0
-0.326218,0.519012,0
-3.631448,-1.151254,0
-2.331163,-0.493779,0
1.666907,1.519605,0
-1.118824,0.095563,0
-1.024971,-3.218503,0
-0.482314,1.168851,0
-2.377234,-1.118912,0
-3.000721,-1.176245,0
0.332689,1.405474,0
-3.894915,-0.302184,0
-0.103280,-1.959962,0
-2.973169,-2.160940,0
0.997000,-4.030499,0
1.064532,1.617021,0
-1.870344,2.165825,0
-0.283770,1.042706,0
-1.519899,-2.131536,0
-3.186064,-1.460842,0
-1.398279,1.670533,0
0.896777,-2.187609,0
0.312130,-4.137479,0
-2.897776,-0.118021,0
-2.204330,-3.457205,0
-3.508555,-2.621162,0
-0.148297,2.102672,0
-1.004437,-0.441725,0
-2.960954,-0.592184,0
0.556420,-0.352382,0
-2.815921,2.063233,0
-0.828340,2.064123,0
-2.552922,0.661211,0
-3.989561,1.456008,0
-0.530668,-1.290240,0
-2.345430,-4.119802,0
-0.685138,-1.188582,0
-1.309798,0.557853,0
0.151156,-3.657435,0
-1.979640,-3.891833,0
-3.168374,1.951900,0
0.991407,1.250148,0
0.420648,-1.256346,0
-1.954037,-1.049186,0
-3.906152,-2.949872,0
-3.960711,-3.159688,0
0.047088,1.695242,0
-2.228454,-0.283135,0
0.754768,-0.008821,0
-1.469268,2.024935,0
1.019254,-3.155383,0
1.574422,-3.755938,0
-0.260357,-1.365699,0
-2.915849,-1.848642,0
1.203431,1.380666,0
-2.531971,-0.239870,0
-3.779645,-0.213007,0
0.810655,-0.115554,0
-3.965423,0.713146,0
-1.293525,1.459249,0
-3.566622,0.407030,0
1.750144,-3.169252,0
-1.776993,1.746573,0
-0.873036,0.095813,0
1.076032,-3.719614,0
1.512754,-2.829344,0
-0.924125,1.338311,0
1.022991,-3.953513,0
-3.654830,-2.844121,0
1.193886,0.866908,0
-1.619980,1.289909,0
-2.425756,-0.963716,0
1.086549,0.354982,0
-2.336518,-0.035346,0
1.591421,0.703687,0
-2.445416,-0.111198,0
-0.614328,-1.822953,0
