1.288570,11.944845,-1.079809,8.028337,-0.120508,1
1.359373,-3.509731,3.598782,-11.056346,-0.360489,1
-3.840927,5.534327,-3.163351,-2.789852,0.565248,1
4.391188,-4.664112,4.136749,-6.581999,-3.927217,1
-5.262934,5.325197,7.361715,-1.062838,-0.867245,1
-2.268236,3.125114,5.342802,6.916731,-5.490616,1
5.918638,0.908297,9.073805,3.184620,0.608652,1
-2.376900,-6.791166,-4.180256,1.723204,3.194605,1
3.232513,1.079412,11.036402,-1.114643,-5.156878,1
0.444687,11.546274,-4.271208,-3.569481,-13.052567,1
6.728300,0.639574,-1.710320,-14.630914,5.216162,1
-0.667683,4.204927,7.749334,0.318005,-9.371571,1
-10.028418,-0.514452,2.609097,5.806372,0.008059,1
2.825407,2.256161,4.488659,5.424772,13.609358,1
4.034420,2.819815,3.610596,2.868862,0.099144,1
-0.987288,0.177376,-0.076571,6.053881,-0.488270,1
5.116358,-3.982895,11.734556,4.212078,8.249205,1
10.637869,-1.152376,0.282440,-3.532900,6.576227,1
-5.184097,-1.117128,4.801773,-2.459469,8.368006,1
-0.483913,3.557888,3.076067,8.341639,-7.081987,1
-11.618017,11.636858,-10.985505,-0.257490,-5.697611,1
11.780672,6.015596,3.260094,-5.315224,8.339628,1
-9.898685,-0.282560,6.720942,5.817202,-3.138912,1
4.604872,-6.202726,0.235155,1.199354,0.642857,1
-4.478798,10.668402,10.423281,-3.579569,11.652342,1
0.149929,8.423662,-7.116278,-0.378363,-1.513451,1
4.517687,4.252052,10.213385,6.178560,1.635839,1
6.101339,6.014578,-7.034735,10.861010,3.753483,1
3.576643,-4.502121,13.012125,8.584982,-7.850117,1
3.144552,6.666162,-2.135824,-3.178892,6.498007,1
0.957361,1.189903,2.574507,1.246368,1.120409,1
0.950151,9.176233,-5.553440,5.794947,-4.285362,1
9.295622,4.454962,-2.307432,0.422968,-3.963856,1
2.465143,-5.526913,6.583754,5.104929,12.821287,1
-9.581985,-2.007309,3.136528,0.696804,-3.405781,1
-0.976721,-1.464352,3.407887,-3.543282,5.483366,1
3.516697,-5.966660,-5.924129,9.152311,4.068092,1
3.334419,0.252016,-1.369984,-4.760895,4.569094,1
-3.215080,4.875587,2.647305,-7.179430,-1.939444,1
0.736277,9.350264,3.222595,0.997988,-7.971472,1
0.722923,1.157921,-4.337263,-3.018436,0.477671,1
0.914141,3.943853,2.118254,-1.089245,11.212511,1
-4.882359,1.524487,1.565264,11.364981,-3.375042,1
-4.403811,-0.433132,3.195189,6.313799,0.595095,1
4.677345,7.088411,7.302332,1.384699,0.437868,1
3.752577,-0.533175,0.203833,-8.878000,5.582819,1
4.597439,9.853899,-2.434637,-9.906569,0.107656,1
4.869270,4.046488,5.145098,-0.046152,2.525814,1
-3.891279,1.058544,-1.746004,3.725388,2.476820,1
-9.669334,-3.757318,4.580296,-1.356224,4.490377,1
-5.032188,8.995550,0.868727,-9.916605,-8.062855,1
-10.422073,6.555021,3.360579,3.393612,-10.471376,1
7.499743,3.934156,-5.468105,0.307928,-5.490799,1
8.032148,-12.171773,12.680731,2.402149,-2.085758,1
-0.172525,1.985420,2.969896,5.991682,-5.185377,1
6.274782,3.067177,1.736332,9.738592,4.699747,1
-0.059423,4.786516,5.876467,1.176456,2.512491,1
8.333193,-13.370756,10.674086,4.261139,5.776957,1
8.851763,-1.565149,3.608774,-13.971001,4.780478,1
-5.462820,-7.647608,6.613653,0.797241,6.468901,1
1.624367,-1.877720,-12.392453,0.203279,5.843191,1
-5.264845,11.924391,10.531343,1.691320,-1.115900,1
8.527494,-9.825340,-3.681362,-4.567192,-5.072739,1
5.045105,6.961229,-0.335972,1.962719,-9.425537,1
4.334511,9.102041,1.201679,-4.512302,8.733427,1
3.069448,-3.316263,13.898844,-4.683397,-5.691160,1
-0.484921,4.081192,-1.206587,-1.977421,1.380171,1
3.994802,1.105394,1.932304,8.215189,-0.727102,1
11.600206,-3.166687,2.421309,10.540773,-8.371548,1
-3.060305,0.849646,-2.819408,8.769278,0.262907,1
8.504580,-6.030361,-0.128632,4.616938,0.647291,1
3.354956,-2.846582,7.933020,1.184692,-5.969797,1
-3.302818,-1.706537,7.087233,3.294392,-4.476673,1
-0.003376,-2.119991,5.611349,-3.459089,-5.629015,1
-1.930750,8.899214,3.906404,-8.281803,0.111830,1
9.115416,2.105715,3.429543,3.244249,3.615667,1
-0.034227,4.503511,2.725084,-4.546381,5.309679,1
2.389530,-7.288057,-6.657753,9.760607,4.892683,1
2.632776,0.078445,1.476414,-0.713547,-13.432382,1
-1.401184,1.984446,-0.230515,-2.015781,-11.049160,1
-8.588348,2.364779,10.411200,2.561132,1.731192,1
-5.871498,-4.090990,-2.457703,2.904428,4.064722,1
2.678999,-0.099661,15.229849,4.069706,1.478109,1
8.960348,-7.667709,-1.333561,-9.401037,13.263887,1
4.141064,-2.594034,5.092150,-2.625357,1.562716,1
-4.389652,1.730604,4.424801,6.294058,-1.985710,1
7.333704,-5.612711,13.446714,1.515791,-6.822416,1
-3.201277,-4.896957,3.174198,4.532244,0.136944,1
0.992046,-8.181358,1.830898,5.948797,-1.440960,1
6.323435,4.726803,10.001867,-10.526337,2.287346,1
-0.512985,1.324461,-3.927679,1.750626,0.454847,1
4.146721,5.296690,-4.727430,-4.520491,-3.193380,1
-2.694798,-12.314013,3.620892,3.785017,5.658697,1
2.621347,4.190634,-14.027826,2.696764,-5.002256,1
4.018713,-6.916206,-0.434103,-8.387102,-5.146736,1
-4.302675,-0.167097,-3.782579,2.325899,4.750870,1
0.736582,-3.801413,-7.027586,-1.411329,4.562944,1
-4.551750,-2.395338,6.648478,6.817026,3.544340,1
-4.044722,-3.316824,-8.187672,7.086641,3.572958,1
-7.719772,-0.364983,-0.682924,2.243492,0.267525,1
2.618116,-8.864264,1.573360,1.565718,7.251390,1
5.151804,-0.158318,-4.577299,-8.244644,-0.220543,1
4.798388,5.490248,7.332708,-0.598093,-1.106291,1
-11.733401,-10.406017,1.921761,1.068472,1.505701,1
0.237709,9.212164,12.541811,2.020916,3.914318,1
6.153734,0.912636,8.322149,8.416716,-1.987490,1
-2.757694,4.226864,-1.572481,-1.090067,3.561989,1
5.192636,-1.605671,7.365885,-3.528910,-0.561256,1
5.006168,1.654236,-4.518696,7.811880,-4.301764,1
8.340651,-3.850815,-1.158470,7.002367,-3.893616,1
11.710253,10.306803,1.496485,4.474257,0.903994,1
-0.387781,6.181818,1.387815,1.989870,-1.069344,1
-1.956823,2.771193,8.100882,6.199854,-5.149206,1
-0.400173,2.992279,-4.298378,-9.190750,7.830214,1
-5.231255,1.491350,5.369051,4.366003,9.274702,1
7.193956,2.236176,-7.675772,2.141634,9.036592,1
3.544903,-2.419806,-1.686256,-5.324598,3.894386,1
-1.404354,0.450567,-1.026440,1.257727,-2.070303,1
2.852486,12.081934,-9.899405,-11.259359,1.023808,1
18.096964,9.556601,-3.079563,-0.542509,2.487709,1
0.168772,2.527113,12.905504,6.076563,3.258730,1
8.868254,1.456154,-6.008114,4.317051,1.083429,1
4.326639,7.801123,8.972006,-0.914913,4.922621,1
-7.124043,0.176828,0.563900,6.524889,9.441050,1
-3.424908,-3.398912,8.592661,8.819063,-13.964484,1
-6.759190,-9.492905,3.517305,-5.454521,1.446634,0
5.042212,-7.351383,-2.046314,3.855219,-4.365097,0
-6.728174,9.895502,-7.247812,-0.374157,2.390942,0
-2.534241,3.404634,-0.450659,-4.033356,-6.595558,0
-5.961143,1.746708,-1.671265,-0.639690,-2.815374,0
-2.801588,-0.902899,10.290930,-8.795084,-0.369473,0
5.737738,-7.110832,1.250732,-5.545912,-8.175102,0
0.302532,4.335936,-0.502743,-6.054052,-2.195696,0
2.715843,-12.128138,4.470942,4.133196,-1.358723,0
5.763418,-3.317394,-16.661289,1.416357,-3.391119,0
3.723188,1.719357,4.335115,1.508150,8.227388,0
12.404985,0.819372,-8.033304,-2.797506,-11.382044,0
7.508238,5.074594,-1.238201,-12.414164,-10.700352,0
-4.371252,-11.259230,-5.740152,-1.782095,-0.034925,0
-12.584463,0.864674,-1.572449,3.557688,4.283369,0
0.516787,-7.379051,-1.143093,8.547308,-9.905890,0
-5.249050,8.298029,-0.878195,6.149611,7.942186,0
-1.784994,9.182077,5.140993,5.405184,0.525877,0
-5.417589,4.939104,3.204439,-0.781931,-2.393869,0
-5.231604,-1.910263,-5.101805,-0.124121,-1.263870,0
2.841831,5.928484,4.561247,-5.742041,-10.527588,0
9.694750,0.623693,4.565039,12.050371,-3.249502,0
-12.357668,-1.215244,-5.011505,2.642996,-5.709436,0
-5.610567,-1.906803,-7.093298,9.523706,-4.183439,0
0.580208,0.260130,-4.833269,4.507746,-9.397396,0
-3.527304,-4.222342,-2.002371,0.061749,-5.920357,0
6.498293,-1.123720,3.871134,-0.041567,-1.512573,0
5.978037,-4.026342,-0.015984,-15.463098,2.910812,0
3.614668,-0.127056,6.753733,-5.731962,3.989046,0
-3.935080,-4.622286,-2.454275,-5.097994,-0.549574,0
3.368689,-1.379492,-3.573977,1.275253,-2.221050,0
4.055593,-8.332956,-10.444059,-5.575699,-1.554272,0
-3.939600,-5.319571,7.548933,9.520552,1.804682,0
-7.381550,-2.876982,1.288649,-3.831621,6.286230,0
-3.046509,0.747225,-0.166956,-5.494265,6.403494,0
5.759447,-4.051458,3.159235,-4.171776,-7.811346,0
0.190865,-0.053366,-3.236456,5.733747,6.966116,0
3.216036,-0.258787,-4.032816,1.793703,-1.092653,0
-7.892517,-7.899670,-6.246698,2.093872,-1.376709,0
-9.582130,-0.917915,2.343546,-13.896417,-0.885872,0
-4.074652,-7.345884,1.969473,2.749115,-5.745735,0
1.965664,5.206667,-3.740894,-1.769781,2.704336,0
-5.805223,10.089117,-11.178242,0.696192,-2.324100,0
4.325712,-5.939035,-2.323046,-6.271986,-6.461189,0
-5.923477,-0.030245,2.813951,-3.497599,-5.429134,0
-0.543955,3.056803,5.020262,7.091131,8.842188,0
1.726860,-10.930826,3.988955,-0.920578,0.469330,0
0.594683,-6.931416,0.605022,0.460636,-2.492809,0
-9.722908,-4.702427,2.460289,0.392401,-1.325859,0
10.055017,7.553427,0.869936,-3.189919,-2.732719,0
4.601622,5.008471,-2.238361,3.302641,-1.338015,0
-1.882914,2.006481,-8.187540,-0.722214,4.663782,0
2.839655,-2.372087,-1.945190,1.035133,5.149538,0
2.179356,-5.292150,2.132084,3.239382,5.228189,0
4.997831,-0.057964,0.666454,1.383053,9.126947,0
-3.239799,1.828810,-11.983076,6.993834,-4.900949,0
-9.165272,-17.824856,3.965269,3.273462,0.665232,0
2.650681,-1.559118,-6.579912,-9.262772,-7.589998,0
5.491877,0.492884,1.611000,7.354185,5.770731,0
9.498274,1.272781,-2.897823,-8.266937,1.220833,0
-7.397249,9.180796,-5.401436,-4.663561,-23.482021,0
-11.998762,-4.114044,3.861338,-2.190605,3.525126,0
-11.281500,11.463022,-3.100599,-1.774035,1.320505,0
0.850714,-1.443680,-1.100229,-0.921192,-0.401533,0
5.710577,-1.278656,3.199858,7.336100,-2.042877,0
2.809513,-3.090210,-9.647255,-2.755323,7.915785,0
2.598742,1.450926,1.382738,6.870394,-7.280273,0
-1.145723,-7.088099,-5.042709,0.280294,7.012499,0
3.545549,6.855783,1.530102,-2.124125,-4.066883,0
-4.520981,-10.905575,-0.593210,-4.717007,-4.666878,0
4.160734,8.258463,0.674753,-6.338287,-3.673801,0
4.404970,-2.197660,3.357374,-7.952839,-4.408911,0
-0.776609,9.007410,7.774534,-0.578741,2.072035,0
-3.196760,7.676054,1.282541,2.821318,5.913641,0
0.460508,3.478151,0.966341,-5.965067,0.024933,0
-6.852310,1.732521,-6.600157,2.710096,4.005331,0
4.733980,-2.040369,-5.689339,-10.533224,-8.075096,0
5.350000,8.596678,-10.769650,-9.096899,-6.832180,0
4.346106,-4.786810,4.555742,0.518566,-3.186575,0
3.420389,4.904612,-1.458405,6.554110,-1.950193,0
-6.272915,2.731981,-10.706726,2.308104,-6.894039,0
12.512636,2.525368,-1.081379,-10.406336,14.860064,0
-4.278936,0.029825,-1.475233,-0.016863,-2.301636,0
-0.452759,-0.409929,-2.307436,2.992228,-1.585995,0
0.937180,-0.833273,2.198668,5.519148,-6.117981,0
3.015741,-3.799589,0.615801,-7.235174,-0.427223,0
2.301577,-3.317287,8.961622,-7.360289,-4.065533,0
0.734646,-5.840872,0.414438,2.852579,3.129839,0
-1.837196,9.861803,-2.682800,5.781492,-3.560089,0
-8.745377,-8.067253,6.090208,-0.411539,-2.446672,0
-7.254185,-4.566868,8.271662,1.034163,-9.441664,0
-1.648083,-8.222843,-8.252752,11.301413,5.299158,0
-6.521067,3.585394,-1.591764,3.327719,-5.443039,0
4.570681,7.579428,-4.473373,8.301611,2.724916,0
-0.270365,-8.008278,2.852869,6.862116,-1.076612,0
4.670259,-3.656479,-0.874777,-2.046949,-8.008690,0
-1.067385,-2.985168,2.988089,-1.809164,2.040733,0
2.876970,-3.298574,2.046349,5.302103,7.087595,0
0.399347,-2.730673,-1.172550,4.112841,3.403063,0
-5.559626,2.186560,-8.201025,9.596148,-12.900362,0
-8.488823,-7.028358,1.590574,-6.503025,0.746548,0
-3.335697,-0.133837,1.962564,0.272535,-5.653851,0
-11.759487,-2.796419,6.965185,-6.502481,-14.858418,0
-3.061537,-1.520861,-0.336256,3.334402,0.242537,0
-1.198296,2.866867,-8.133724,11.435324,2.042324,0
3.478415,4.111639,7.253302,6.541929,-1.344210,0
-0.326729,-0.533422,-2.743208,9.416574,2.907270,0
0.435829,-9.840935,4.396975,1.933519,1.432661,0
5.705206,6.976255,1.687029,-11.186296,1.955942,0
-7.682423,7.153776,-3.531866,10.192221,-9.757406,0
-4.477911,-2.235008,-6.067165,-2.777435,1.508476,0
-6.527283,-1.321709,1.963388,-1.104244,-5.555443,0
-2.833317,1.542210,2.573467,0.555342,-2.218634,0
-4.313444,-7.066879,0.130495,5.882010,-7.210552,0
-4.768522,-3.325607,3.940763,-8.342178,-0.653906,0
2.713514,-7.090057,-4.317196,-8.477636,-6.985893,0
-3.984770,3.072840,-0.616823,9.164495,10.052732,0
-6.923073,-0.304277,-8.384874,0.760962,-11.459757,0
9.667551,-3.220007,4.564306,10.168520,3.379332,0
-0.287807,-5.328203,-12.022970,-0.088438,-4.803812,0
3.444395,11.364058,-12.797186,-5.525974,-3.473280,0
3.138117,-0.569155,1.248777,0.463631,-10.953276,0
-5.856274,-3.189526,-5.753256,-2.257593,2.636070,0
-6.290960,2.206247,3.747858,-1.609812,-6.956379,0
8.943502,2.251036,-2.405420,3.301466,-1.330103,0
