0.311323,-0.054623,1
0.530708,2.348690,1
1.358164,-0.397256,1
1.122777,1.504339,1
1.481835,-0.303806,1
0.698102,0.960839,1
1.466755,1.393163,1
0.789185,1.501179,1
-0.832590,2.094187,1
0.989625,0.197229,1
0.505395,0.215892,1
-0.020573,1.485614,1
2.280525,1.864202,1
0.951069,1.028531,1
1.843650,0.891148,1
0.618647,1.299095,1
1.586864,1.961575,1
-0.943846,2.890639,1
0.813875,0.354184,1
1.666396,1.468149,1
0.795793,-0.043626,1
-0.131492,0.201294,1
2.050161,0.289288,1
-0.076987,1.613920,1
0.874263,0.839631,1
2.108650,0.857090,1
0.629391,0.098473,1
1.240057,0.187408,1
-1.182849,0.562619,1
0.290291,1.114574,1
-0.059710,1.875886,1
-0.155808,0.641889,1
2.403623,0.685692,1
-0.938863,-0.044948,1
0.919460,0.636144,1
1.925941,3.559480,1
0.133029,0.835599,1
1.224058,2.234277,1
-0.000308,1.518065,1
1.591444,1.838046,1
0.767966,2.003019,1
-1.005453,0.545265,1
1.168071,0.528992,1
-1.364933,1.390037,1
-0.197431,0.290546,1
-1.434383,0.838482,1
0.340122,1.365504,1
-1.020790,0.291032,1
1.128287,-0.175511,1
1.855470,-0.103602,1
2.222757,0.547221,1
2.743532,1.339723,1
-1.094598,-0.054605,1
1.460066,0.953893,1
1.404111,2.212903,1
1.597804,-0.192719,1
-0.548185,1.142394,1
2.731461,1.033096,1
1.993384,0.311447,1
0.275389,2.625334,1
1.310034,1.211322,1
0.361981,3.413126,1
2.787914,1.654801,1
-0.790049,1.453022,1
0.531422,0.125711,1
-1.327353,1.504778,1
0.674103,-0.217343,1
1.947897,0.809080,1
1.188493,-0.492729,1
0.617568,1.719684,1
1.168939,1.522979,1
-0.319686,0.749307,1
0.642416,-0.486266,1
1.773532,-2.081588,1
2.042590,-1.686764,1
0.790427,1.565692,1
2.165761,1.255563,1
2.188247,-0.374166,1
0.519969,1.334795,1
-0.206101,0.612207,1
-2.454861,-0.399419,1
0.470960,2.333146,1
0.684170,2.655892,1
2.306467,1.362887,1
0.633629,-0.568524,1
0.085423,1.006514,1
-2.219236,-0.365461,1
1.281419,-0.540866,1
1.761425,2.176991,1
-0.105472,1.298397,1
2.224811,-0.356610,1
1.383305,-0.026245,1
1.827848,-0.027612,1
-0.333272,2.999333,1
2.282845,0.494078,1
0.424897,1.538712,1
1.441432,2.034177,1
0.730039,1.505917,1
-0.419244,1.216188,1
0.697519,1.877059,1
0.648278,2.398417,1
1.277534,1.474345,1
2.479789,2.098668,1
0.721025,0.268902,1
2.286734,-1.355195,1
0.111297,2.420022,1
0.354886,0.767158,1
1.563967,0.781612,1
0.761570,1.108232,1
1.433407,0.919421,1
2.897577,2.167111,1
1.227347,1.386526,1
0.120361,0.986875,1
1.157466,2.142273,1
-0.376465,1.538144,1
1.297215,2.944616,1
1.888517,0.202690,1
1.174045,-0.074807,1
2.836828,2.314992,1
0.657092,0.017417,1
1.187768,1.816010,1
0.395443,0.372663,1
1.575686,-0.109972,1
-0.150264,1.147450,1
-0.250922,1.125734,1
-0.638206,0.188897,1
1.320299,1.352231,1
1.246164,1.453154,1
1.526801,-0.581536,1
-1.687891,1.269588,1
2.303236,-0.057080,1
-0.243424,0.064406,1
-0.154848,2.156991,1
0.367383,2.344174,1
2.171134,1.588557,1
0.837073,0.653013,1
0.911775,0.148841,1
-0.987728,2.533554,1
0.936671,1.503348,1
1.436823,-0.206205,1
-0.338354,2.033766,1
2.618448,1.910118,1
-0.207005,0.170732,1
2.749837,2.672262,1
1.723205,0.359791,1
-0.154745,2.204222,1
0.167616,1.565500,1
0.252120,1.217897,1
2.944896,1.791862,1
2.783438,0.943316,1
-2.889303,0.456861,0
-3.699998,0.542962,0
-0.230370,0.130824,0
0.737748,-2.070717,0
0.966827,-1.850462,0
-0.322319,-1.484286,0
-1.250763,0.193905,0
-1.425164,-1.148096,0
-0.294706,-0.599711,0
-1.105945,-0.176538,0
-1.308989,-0.207227,0
-0.536033,-1.492526,0
-0.129325,-0.011877,0
-0.097852,1.926702,0
0.386884,-1.188621,0
-0.339708,-1.491567,0
-1.240842,-1.300929,0
-0.903747,-0.862164,0
-1.313021,-2.259090,0
-2.276455,-2.550208,0
0.399613,0.329287,0
-1.019312,0.089318,0
-0.388918,-0.407314,0
-0.036780,-0.267218,0
-2.429132,-2.031819,0
-1.811454,-0.504328,0
0.156704,-1.809946,0
-0.774968,-1.036867,0
-0.707609,-0.690215,0
-1.674791,-1.666536,0
-0.927310,-0.793747,0
-1.183844,-1.047202,0
-1.826788,-0.794805,0
0.312556,-1.370333,0
-0.704203,-1.027955,0
-0.353359,-0.797797,0
-1.411287,0.205642,0
-2.004954,-0.453717,0
-2.053288,-1.203030,0
-2.218931,-0.070767,0
-0.477965,-0.374232,0
-4.064291,-1.113107,0
-2.536792,-1.422359,0
-0.594415,0.128541,0
-1.534051,-2.661650,0
-0.192959,-2.207758,0
-3.445377,-1.136470,0
-2.550521,0.513395,0
-1.505991,0.002524,0
-0.930212,0.394421,0
-1.544152,-0.370270,0
-0.351436,-0.567905,0
-1.413637,-2.384466,0
-3.260562,0.120525,0
-2.248063,-1.260425,0
-0.346132,0.851091,0
0.190785,-1.145213,0
-1.653722,-2.833666,0
0.000586,-2.211627,0
-2.087769,-0.427290,0
-1.463505,-1.212837,0
-0.935431,-1.197962,0
-2.160823,-0.688229,0
-3.688098,-3.446202,0
0.046822,-0.149648,0
0.830445,-0.019971,0
-1.103822,-0.958668,0
-1.706106,-0.953967,0
1.228187,-1.409342,0
-3.299152,-1.771843,0
-0.625245,-2.942166,0
1.238054,0.843658,0
0.265400,-0.448358,0
-0.345204,-0.779470,0
0.003735,-1.481239,0
-4.315969,0.258743,0
-1.552419,-1.646270,0
-1.778688,1.914597,0
-1.422280,-3.288010,0
-0.623716,-0.454960,0
-0.786307,-2.247945,0
0.614848,-0.218604,0
-3.101210,-0.031831,0
-0.955829,0.205549,0
-1.072013,-1.123902,0
-0.990821,-1.409585,0
-2.277172,-1.324713,0
-2.396274,-1.330360,0
0.541784,-0.126026,0
-1.615171,-1.015537,0
-1.538964,-0.566750,0
0.632239,0.387393,0
0.295457,-1.028338,0
1.140638,-0.900438,0
1.105231,-1.811173,0
0.329572,-1.622667,0
-1.883299,-1.765592,0
-1.234908,-1.464307,0
-1.098329,-0.794107,0
-0.772504,-2.157460,0
-1.800542,0.293810,0
-3.139807,-1.026033,0
-2.639253,-1.199926,0
-0.675273,-1.945320,0
-2.022154,0.630316,0
-0.904391,-1.238259,0
-2.561331,-2.468004,0
0.134693,0.187366,0
-0.649850,-2.172135,0
-0.839355,-0.786283,0
-0.597798,-0.455146,0
-1.339478,0.125569,0
-0.770599,-1.832004,0
-2.257327,-1.290154,0
-0.639628,-2.693258,0
-1.663309,-0.496460,0
-0.366237,-2.110990,0
-2.149347,-1.375916,0
-2.544912,0.577672,0
-0.850460,0.381287,0
-1.211324,-1.245385,0
-0.300996,-2.828668,0
-1.643713,-0.429326,0
-4.381481,0.153245,0
-1.188802,-1.129575,0
-1.930531,-0.211436,0
0.589421,-3.282409,0
-1.016872,-1.199625,0
0.004329,-2.851901,0
-0.930545,-0.871484,0
-3.340307,-2.665734,0
-1.101125,-0.330584,0
-1.631307,-0.230061,0
0.525408,-0.040411,0
-1.585327,-1.034982,0
-2.297882,-0.457476,0
-1.119223,-1.571686,0
-0.587470,-2.195270,0
-0.912681,-3.627256,0
-1.076530,0.885623,0
-1.603837,-2.423804,0
0.125168,-0.253109,0
0.414832,-1.130119,0
-1.057348,-1.289218,0
-0.381648,-3.799603,0
-1.441686,1.269335,0
-0.641138,-2.434170,0
-0.191792,-1.250208,0
-0.245762,1.193671,0
-1.534422,-2.111723,0
