0.155272,0.814131,1
1.552964,0.993003,1
1.171498,-0.728408,1
1.794078,0.521189,1
-0.003856,0.960022,1
2.397295,0.797591,1
0.612123,0.413807,1
1.406812,1.001163,1
0.806773,0.833676,1
0.877964,1.694131,1
1.768820,0.554067,1
0.082026,0.476247,1
0.889523,0.554522,1
2.552859,0.036412,1
0.062569,1.079770,1
1.021375,0.136529,1
2.092207,1.678346,1
-0.821992,2.631422,1
2.223296,-0.994967,1
1.521155,3.705534,1
0.490352,0.052961,1
1.025236,0.186853,1
0.654621,1.844905,1
1.417724,1.986742,1
2.607528,1.521894,1
1.275729,0.610218,1
0.423004,-1.132989,1
0.473327,0.250975,1
-0.482160,1.103606,1
0.440668,1.020711,1
0.715481,0.155170,1
0.474932,2.579482,1
1.470925,1.651367,1
0.494644,0.951070,1
0.648981,1.453029,1
0.140163,2.108719,1
1.104183,-0.639846,1
2.216766,0.734490,1
2.177908,3.163204,1
3.157882,-0.312809,1
0.502033,1.571183,1
0.911556,-1.319619,1
2.343790,2.035737,1
0.278106,-0.004958,1
0.694900,1.229329,1
-0.170897,0.812392,1
-0.373567,-0.005274,1
1.150745,0.910748,1
0.638992,2.262709,1
2.330815,1.843787,1
3.443340,1.478347,1
-0.359426,1.716769,1
1.573032,0.788386,1
1.770533,1.439056,1
0.576827,1.389503,1
1.854522,2.358845,1
1.162014,0.903673,1
0.860476,-1.741000,1
0.524219,2.448222,1
0.098559,2.827371,1
-0.182290,1.797300,1
0.264583,1.679180,1
0.457767,2.529771,1
3.284852,1.066146,1
2.497494,0.691338,1
0.794291,1.092374,1
1.609840,-0.586545,1
0.456740,-0.261120,1
1.758714,3.150586,1
2.143310,0.665121,1
1.788240,0.050396,1
2.851898,-0.201468,1
1.646978,-0.036957,1
1.578598,-1.245390,1
1.060499,-2.034135,1
0.730989,1.325780,1
1.185570,1.401266,1
1.974839,0.835540,1
1.205782,2.234970,1
1.734197,0.701296,1
1.426421,0.900186,1
1.591567,2.638326,1
0.981236,1.598965,1
1.345795,3.273706,1
-0.238680,-0.728191,1
1.464028,0.479170,1
1.511558,3.022211,1
0.577636,0.076444,1
1.279176,2.030461,1
1.571988,1.312875,1
0.901635,1.689170,1
1.428918,-0.385915,1
0.179997,1.219786,1
0.541344,0.518607,1
2.290691,1.286638,1
0.980830,0.973513,1
0.000999,-0.724007,1
3.445599,3.559853,1
2.250698,1.986659,1
0.800199,0.379906,1
-0.111357,1.889713,1
-0.058840,0.092957,1
0.793466,-1.965261,1
0.772812,0.934835,1
0.835907,-0.922005,1
1.104669,1.184394,1
1.695468,1.223559,1
-1.639359,0.839122,1
0.199017,1.633924,1
-0.214818,2.228191,1
2.851748,1.876750,1
-0.177361,2.331937,1
0.245591,1.309440,1
2.468139,0.973339,1
1.026311,1.722806,1
2.388938,1.921116,1
2.127360,1.963824,1
2.354383,0.705647,1
3.800475,0.334003,1
0.649463,0.635670,1
0.909603,-0.137542,1
2.367150,1.456899,1
3.163041,-0.613941,1
2.776256,1.143160,1
0.151115,1.102884,1
0.693438,1.491886,1
1.596227,-0.665434,1
0.511838,1.010027,1
1.695187,-1.485677,1
1.479869,0.250030,1
-0.263110,0.405523,1
0.011830,1.996250,1
-0.718860,1.793393,1
1.984392,1.077351,1
0.485888,-1.010906,1
1.655999,1.249814,1
0.877984,0.738802,1
-0.390064,2.094152,1
2.890309,-1.059338,1
0.886077,1.011394,1
1.064182,0.154762,1
1.279376,2.632705,1
0.809890,2.341538,1
1.589485,1.680386,1
0.881876,1.013618,1
-0.059114,0.889735,1
1.653659,0.392285,1
0.656453,-0.940145,1
3.139083,1.701814,1
-0.478657,-0.044560,1
-2.291459,-1.886578,0
-0.300511,0.079078,0
-0.138397,-3.923925,0
-2.085502,-0.419466,0
0.532831,-1.173202,0
-0.144867,-1.909346,0
-0.894144,-0.816823,0
-0.527125,-2.674823,0
-2.388532,-0.330778,0
-1.450669,-0.831963,0
-0.428742,-0.718672,0
-1.537096,-0.026453,0
-1.245555,-0.505888,0
0.484173,-0.438136,0
-1.559051,-1.246377,0
-1.424475,-0.425440,0
-1.146739,-0.851057,0
-2.476903,-0.769250,0
-0.486975,-0.143135,0
1.126592,0.140108,0
-1.826401,-0.409560,0
-0.958267,-2.523972,0
-0.152270,-1.781335,0
-0.430840,-0.749314,0
1.609906,-1.788865,0
-1.410009,-1.782289,0
-0.972966,-0.963419,0
-2.934580,-0.587173,0
-1.840190,-0.803348,0
0.692350,-1.219240,0
-2.859873,-2.411229,0
-0.681612,-1.668256,0
-1.689246,-1.005293,0
-1.690397,-0.540163,0
-2.149196,-1.563372,0
-1.896590,-2.307247,0
-1.856160,-0.511967,0
-2.319370,-0.966863,0
0.607236,-2.479167,0
-1.133497,-0.823590,0
0.817511,-2.670492,0
-0.634915,-2.303901,0
0.728603,0.316329,0
-1.721621,-0.437573,0
-0.976753,-0.981761,0
2.094707,0.920259,0
-0.788079,-1.351913,0
-1.785518,-0.436239,0
0.217071,-0.289573,0
-0.781042,-1.357907,0
-1.617201,-1.405283,0
-0.945962,-2.536200,0
-0.091270,-2.222473,0
-1.001625,-0.565383,0
-0.253187,-2.517447,0
-1.966108,-0.525747,0
-0.156051,0.256851,0
-2.211922,-1.173685,0
-1.610931,-1.778711,0
-2.946883,-1.493813,0
-1.575239,-2.894557,0
-1.044685,-0.443897,0
0.831513,-1.552306,0
-1.046648,-0.551502,0
-0.213791,1.357453,0
0.090541,-1.795863,0
-0.999824,-2.332787,0
-2.224434,0.026086,0
-0.887170,-0.539406,0
-0.996503,-0.968115,0
-1.748358,-3.176749,0
-0.594851,-0.787425,0
-1.058246,0.011930,0
-2.264571,1.652030,0
-0.556683,-0.456152,0
-0.633181,-1.787509,0
-0.856154,-1.252414,0
-2.138578,-2.405982,0
-1.980915,-2.568773,0
-1.613584,-1.526345,0
0.707231,-1.428712,0
0.275633,-1.501643,0
-0.980246,-0.021952,0
0.236508,1.347128,0
-0.984992,-1.049347,0
-2.901870,0.298366,0
-1.995895,0.087697,0
-1.602573,-0.315697,0
-0.618260,-1.544109,0
-1.377334,-1.850404,0
-1.769380,-1.436634,0
-1.755413,-2.559849,0
-1.479894,-0.792101,0
-1.097186,0.828275,0
-2.090344,-0.850499,0
0.649809,-2.012717,0
-0.703511,-0.487177,0
-3.521973,-1.760739,0
-1.295707,-1.930869,0
-1.362881,0.169007,0
-1.038510,-2.143731,0
-2.458120,-1.971937,0
-1.977026,-1.850686,0
-2.295163,-0.644102,0
0.445211,-1.719160,0
-1.387616,-1.183986,0
-2.713431,-0.240024,0
-0.882251,-1.559887,0
-1.679557,-3.174192,0
-1.574780,-0.326665,0
-0.720779,0.457131,0
-0.952512,-1.106799,0
0.081518,-0.012156,0
-1.172821,-2.385162,0
-1.445337,-1.756104,0
-1.258358,1.461426,0
-1.483120,-1.369583,0
-0.993529,1.077679,0
-0.613604,-1.621975,0
-1.610414,-2.358173,0
-0.965362,0.542801,0
-0.878926,-1.335526,0
-1.208223,-1.929904,0
-0.277593,-1.070290,0
-1.483297,0.962064,0
-1.678046,-1.744382,0
-2.948636,0.022301,0
-1.845719,-1.522099,0
-1.661285,-0.922593,0
-1.877567,0.442193,0
-4.185751,-2.094736,0
0.059967,-0.372492,0
0.277785,-3.787389,0
0.072277,0.237511,0
-1.052198,-0.738893,0
-1.899601,0.778108,0
-1.854632,0.110686,0
0.563981,-0.922282,0
-1.705689,0.148654,0
-0.716455,-2.039629,0
-1.033703,-0.719186,0
-1.516648,-0.009851,0
-0.729162,-0.785897,0
-1.741717,-0.925825,0
-0.794231,-1.320115,0
0.785336,-0.028663,0
1.105868,-1.171092,0
-1.509336,-1.535831,0
-0.612211,-1.275239,0
-2.192982,1.121418,0
