1.719431,2.858854,-3.003641,0.279887,4.581633,6.117975,0.344270,1.995425,1.460938,2.231795,3.338827,1.367261,3.429279,3.014843,6.939955,1
2.557684,2.944422,1.939030,-2.415020,0.128313,1.526743,4.303732,4.035877,1.052102,-0.026993,0.497549,3.512110,5.418325,-2.966797,-2.013840,1
-0.617416,3.485584,-3.943601,2.622957,-3.157501,8.191156,-0.855787,-3.243385,0.761757,3.635803,2.196675,-3.092113,0.679803,-4.806707,0.804060,1
3.615799,-0.901436,4.785997,6.279390,3.511517,-1.188954,-0.967603,3.348606,2.078955,1.129333,-1.507316,2.889225,0.740477,2.884161,4.928745,1
1.761136,2.438927,3.453915,0.046587,-6.177443,4.460098,0.605190,-0.614308,4.344894,3.902313,-2.458683,3.432241,-1.729484,1.463048,6.486794,1
1.621428,-1.600646,-4.608457,3.474846,-2.098031,0.318730,9.685850,4.318951,3.796125,1.512106,-0.511259,-5.447386,3.482990,1.177715,0.938174,1
-0.172125,-0.174250,-2.152630,0.495967,0.350063,1.202784,3.242538,0.771484,0.697650,4.246510,-0.408307,-3.228812,2.171283,2.199934,5.536057,1
7.167019,-3.236168,0.152868,0.946167,1.237470,-1.364978,-2.042246,2.314305,0.868434,0.014106,-1.195893,1.032304,-0.873513,1.538655,0.632377,1
4.817368,5.536325,2.224992,0.820462,-0.301142,2.458895,0.708751,-1.513834,1.668971,6.719625,1.802533,1.864213,-2.633883,1.186652,0.537067,1
0.741125,1.151392,2.515919,-1.655238,-0.893905,2.308870,-0.494449,6.272028,-3.245317,-1.812290,2.455766,-4.721066,-0.791286,-1.218283,-2.280584,1
1.497462,-0.832946,3.904512,3.052246,-2.962322,3.093559,-2.538227,2.896315,-0.148928,0.249015,3.256632,2.295075,-4.233816,0.263115,3.873997,1
0.575624,1.298921,-1.387794,-0.495131,2.678791,2.595669,-2.305252,3.047817,-0.628582,5.669741,-3.211921,0.503217,1.301220,2.251786,-3.081003,1
-2.179488,-2.523643,1.724520,-0.483739,2.347149,1.850447,0.157335,4.383066,5.168348,-0.875702,-1.188648,3.441204,1.140863,3.114046,2.058776,1
-2.313022,2.481054,6.720823,1.420552,0.957264,-3.672603,1.266960,-0.154485,-2.076784,-8.340654,1.391611,-1.204666,0.127112,-2.796401,0.557033,1
-0.910542,-3.144133,3.535944,2.336219,-5.326790,3.506266,-2.245918,1.559579,6.748575,0.229371,-0.539837,5.489302,-0.813306,6.387728,1.220204,1
8.393595,0.668465,3.099287,-0.741185,-1.026875,0.045060,-0.622153,7.227709,1.327949,6.564560,-1.159804,-1.206841,0.159287,3.447361,1.495226,1
-0.885693,-0.317473,-2.241634,3.021317,-1.857070,2.821890,0.764377,1.179410,3.596855,-0.097691,3.128899,4.862757,2.159925,1.417786,-0.208781,1
-2.285410,3.141937,0.421037,1.126507,5.971296,-3.229580,-5.721851,5.479492,2.620554,5.693653,4.397516,2.821432,6.162189,3.341425,2.267069,1
2.994371,2.901423,0.366249,2.903042,-1.157141,-5.167523,-3.067221,1.508723,-1.812047,2.025510,4.023935,-0.187765,0.393238,2.332696,3.898478,1
4.092377,0.425966,1.500135,-0.423257,0.290959,6.141382,4.412119,0.104412,4.444218,2.171806,1.011846,-0.678436,-2.605149,0.515543,1.787659,1
-2.718141,-0.412125,0.941348,-0.079486,-0.103024,4.299040,1.247138,0.082369,-0.404730,0.442369,-0.145081,1.450765,0.379047,3.069149,2.924650,1
-0.806437,5.281496,-0.526960,3.917778,-3.137413,0.904376,2.580576,1.959378,-0.481096,2.459339,1.533116,-0.166043,-1.411061,0.305613,1.513400,1
0.505645,-2.089369,-5.472631,-0.519978,-1.530436,-1.346587,1.584091,-1.768800,6.003206,1.786310,4.648226,0.857185,2.770580,0.336145,-0.122728,1
3.436384,4.360268,-0.225332,-0.366863,3.254488,-0.105268,4.017227,-1.101288,6.073679,-7.576450,4.321808,4.963264,0.389983,4.894564,-0.039473,1
-1.776770,3.052338,-1.973753,-1.427361,0.886784,-0.919092,-0.916364,4.614985,-3.460208,-2.150836,1.642028,1.361936,1.319804,2.016862,1.223196,1
-1.535436,2.676695,4.726282,-3.028923,-0.348337,1.461618,1.950104,-1.384176,-5.355718,-2.679494,-1.624209,5.755669,-2.414130,5.476730,4.165037,1
5.157843,-1.030392,-5.622737,-6.258812,-1.318827,-1.520309,0.833558,3.755775,3.086941,-3.309798,-2.805025,0.797607,0.150962,4.093559,3.547249,1
0.970740,5.414968,1.342705,-0.500923,0.298677,-0.108668,2.296517,2.452916,-3.242071,-3.917093,0.410379,4.726139,-1.977542,4.734402,-0.272410,1
-7.534492,5.328283,2.259269,-0.996655,0.898217,2.756990,3.275581,-0.889652,4.535900,4.777874,1.555662,1.787922,-3.275113,1.060021,3.221998,1
-0.363378,2.215973,0.626157,2.642593,-2.748716,5.456356,-0.235618,4.535969,-2.272672,-1.271832,2.980345,-0.267467,4.556620,1.745450,3.627407,1
2.269014,1.838809,4.114361,-4.642249,1.981230,5.375713,1.151993,0.424236,-2.925891,-2.253896,6.785578,-0.646753,-1.238912,5.142200,1.254521,1
-0.790349,6.179831,4.465826,3.914085,1.018647,1.827404,4.611698,-0.310446,-0.270768,5.345230,1.675486,0.353219,0.460175,-4.195583,1.434122,1
4.569613,1.703200,4.130890,2.458697,2.551403,-0.586841,1.115258,3.978724,1.481643,-1.553523,-0.830822,-0.086120,4.111515,4.451834,1.501471,1
7.313276,2.789497,0.854454,0.063950,-5.045843,0.683376,3.671902,0.110824,2.784817,-1.270248,6.272116,1.485494,5.830294,0.665093,0.431478,1
-0.117009,1.782368,-3.256134,3.147331,4.712698,-3.741323,-4.461948,-3.322427,2.503403,1.176539,0.120548,1.896913,-0.781193,2.148675,-0.592251,1
2.324046,1.574841,-4.349989,2.845650,1.590717,3.511518,-0.725024,-2.856275,-4.119729,1.576794,2.903372,1.622024,6.108782,6.651003,3.014666,1
-2.706532,-3.743807,2.267343,4.695297,4.005730,-2.485219,-0.396562,10.926117,1.049448,-5.185238,-0.802567,5.323597,-4.503062,1.638932,2.958941,1
-0.942071,-1.992458,-3.585567,0.417926,-1.757826,0.683686,0.264045,2.250035,-0.945785,1.056867,-0.134187,0.824319,0.944622,1.117637,1.293494,1
0.210686,5.244337,4.439638,0.238567,-0.397416,-5.925433,7.218399,1.060822,1.505766,-1.894396,-5.669862,-0.376141,6.515989,-2.996449,-1.357982,1
-1.995024,-2.081904,-2.556728,2.318776,1.193441,2.909849,3.707081,0.576464,-6.008383,4.749113,-4.254797,1.608387,-0.894690,1.874897,2.030342,1
-1.027793,-1.585712,2.508543,5.995502,2.436663,-3.548188,6.149624,-2.287329,0.150304,1.151707,-1.564032,-0.037152,-1.074842,3.662399,2.978498,1
-1.111098,2.923935,0.816699,4.991474,-0.416367,1.806722,0.543251,5.271938,6.504213,1.853341,1.261474,5.293516,2.137565,1.001695,-1.221123,1
-0.808303,5.035942,2.743116,3.267475,3.225718,-0.608889,4.713951,0.623155,-4.562411,-2.531753,-2.664036,-4.933610,9.492767,-1.675414,2.873947,1
-0.168276,-2.187071,2.341849,-1.981613,-1.477814,6.018827,1.039799,-1.283858,2.661070,2.363811,3.436909,8.140839,1.629990,4.048357,2.482218,1
1.004590,1.607738,5.540417,2.811386,0.989979,1.996504,3.682627,-0.730675,3.622889,1.253137,-5.225882,-1.728258,-3.031718,-5.779439,2.841722,1
2.351314,2.729731,2.514240,2.491871,4.231602,5.950111,5.422953,-1.072077,-0.834261,2.276369,3.546919,-4.224788,1.296494,-1.734435,0.850348,1
3.175337,3.724300,0.866051,-0.483870,-2.478757,-4.839910,3.174574,3.042749,-1.879237,-2.240761,-1.990200,-1.566444,1.459101,-3.917033,-1.210588,1
2.306847,3.460962,1.763697,-1.047023,-1.015298,3.225958,-0.515811,-1.421172,0.785290,1.617636,1.681802,0.287401,0.485799,-0.228319,-8.430094,1
1.088237,3.120302,0.308749,-1.120339,3.145580,2.382734,2.851074,2.314967,1.683059,1.036650,1.094340,2.314685,0.319258,2.770771,4.848988,1
0.861225,-3.898041,-0.253221,0.718021,3.810257,-3.097801,4.806757,0.726794,0.813684,10.122475,3.971088,1.523232,4.838627,-1.718575,-1.382963,1
1.691645,3.841200,5.634148,-4.094388,-0.997866,0.782774,6.456606,-2.561715,-0.663755,3.917147,1.831897,1.385170,-1.642348,1.634992,-1.437438,1
6.399618,-4.663369,-1.629747,-0.120316,-3.148012,2.592457,1.286761,1.795474,2.063492,8.014956,-1.309805,-3.217466,0.740224,2.902931,-1.092134,1
2.592758,3.348143,3.273966,1.181012,6.741144,2.256151,0.150689,3.193731,-1.379305,2.714750,-1.063180,1.378634,0.296264,-1.053329,0.894516,1
-0.439599,0.437573,-1.675856,1.709888,0.643147,-1.828924,3.211828,-2.801831,1.790284,-0.188951,-0.244283,2.694433,4.806211,7.648684,0.648544,1
3.317120,2.013203,5.368221,0.333084,5.377106,-0.033253,4.040112,1.070629,-1.016808,-2.315619,-2.428349,4.536617,-1.528193,4.602104,2.980637,1
0.204819,4.996397,2.846369,-0.085904,2.615025,0.707241,0.605607,1.069763,4.125572,-1.231304,-2.012936,3.967638,1.533953,5.288128,2.071529,1
1.886135,1.913991,3.925753,1.501859,-1.577503,1.001406,-1.694503,3.266134,0.972100,0.071595,0.599896,1.353377,-0.298563,2.750505,-2.142911,1
-1.158039,-0.963033,3.646435,5.992605,-5.040015,4.331621,1.258559,1.148097,-1.709777,-5.223781,4.898417,5.219336,1.924500,-1.831868,1.365433,1
3.074610,3.008844,-3.182593,3.306555,4.362843,-2.259032,6.226978,-1.232961,-1.694609,5.956814,1.474895,-0.126985,4.672636,-0.476118,1.844510,1
3.951649,-0.576646,2.724846,-0.921587,1.074349,2.218890,5.844849,4.983891,1.497560,4.426741,-0.707457,2.416005,3.055487,4.334890,-1.306703,1
1.630718,-1.182941,0.036664,0.115808,-0.156524,2.194797,-1.117247,-0.788014,-2.959483,0.455386,2.629393,-2.200173,-1.977869,6.814974,2.223323,1
-3.517248,-1.257348,-1.733586,-3.808557,1.520621,-0.101520,1.111602,-1.146153,1.652177,3.111227,1.418518,2.884968,-5.207417,-2.129846,-1.817677,1
-3.903231,-0.214221,-1.277638,-2.221495,4.448437,4.768690,-0.817976,-0.563821,5.841009,-4.262219,2.464993,-0.139534,-2.483788,0.420893,0.111229,1
0.804433,2.272502,-1.560455,-0.511822,7.346500,1.667801,1.698456,2.949223,5.015556,-3.461802,-4.901967,1.113284,-1.920275,2.478622,3.735497,1
3.322147,3.193016,-3.053162,2.824781,5.109676,0.351962,1.808474,3.098854,4.319515,0.635400,-0.564299,0.170427,-0.060979,1.209742,-3.629708,1
5.347557,1.309169,-0.149740,3.181110,4.884676,-2.598929,5.083443,0.661699,-0.009445,1.741376,0.684518,-0.618330,2.829609,4.386955,-1.579000,1
5.582733,1.404473,-2.976356,-4.738079,-2.356365,0.408103,0.631255,2.962400,-1.795116,-1.347157,1.287742,-5.839958,2.128433,1.751662,3.113443,1
4.950949,-4.670778,-1.226723,0.739495,2.648243,2.238347,-1.561966,-2.572990,-3.463440,-1.568972,0.458773,-0.736758,-0.733191,2.129762,1.624465,1
-1.310431,0.362991,0.118372,3.319876,-0.476258,-4.648273,1.204442,-2.240612,0.603860,0.410257,2.267033,6.328474,-2.767633,-0.619117,-3.970486,1
-0.093590,3.084446,2.534723,2.371894,1.431378,5.606085,-0.898976,1.287461,-2.491811,3.877979,-0.974217,3.419689,12.025085,0.939455,-0.695062,1
2.438640,4.067707,1.879821,1.878738,-0.409890,1.488150,-2.875838,2.605787,-0.894549,1.928702,-2.889585,-1.375571,2.764774,-3.756667,3.805582,1
7.499981,-1.765534,1.986937,0.436993,2.990507,1.583081,-0.318480,4.494524,0.742237,0.582527,-4.521071,1.452026,-3.993638,0.539488,0.906925,1
0.626039,4.098509,1.953485,-1.093801,3.266809,1.123859,1.046539,2.856804,-1.283074,-0.507563,4.267294,5.220343,0.001677,2.486897,-3.674713,1
1.918500,1.371433,4.813408,2.610125,1.926223,0.193279,-3.250947,7.518953,5.350080,-0.378857,0.655143,0.659560,1.354260,2.830332,0.143481,1
2.139486,0.781866,-3.607132,1.437788,1.334872,-0.722342,0.614082,1.811070,-3.656401,-3.545958,0.245307,-1.046638,2.888554,-4.608957,6.143488,1
0.920595,-0.370616,-1.770935,-0.102363,-6.639412,-2.417007,3.651056,-1.109715,2.705299,-5.527735,3.176212,2.947659,-0.786176,-1.877604,-4.547077,1
-3.158102,1.594763,-3.233572,4.265177,-4.167397,2.825306,2.673115,3.660034,5.017519,5.170523,1.825294,1.084154,-0.997235,-2.188786,-0.148614,1
5.424383,0.756907,-0.046858,0.288648,-1.016698,-1.040004,5.796169,1.389855,4.792349,3.507940,1.496120,0.708289,-1.651484,4.091074,1.652576,1
-0.669781,-1.922745,-1.197665,3.416451,4.359350,0.710000,0.611404,-1.931306,-1.430317,2.890553,5.559175,-0.066183,1.740391,-0.355746,1.177382,1
7.839407,2.148786,1.288876,3.442484,2.573448,-1.339264,6.025932,-2.554433,2.459056,3.772886,-1.414035,-5.483020,0.260887,0.551297,-1.663761,1
-0.236490,2.022225,2.481836,-1.417876,0.793578,-4.529935,-2.831098,6.623058,2.382154,8.549887,5.118633,-1.986326,-2.240102,1.626163,4.299843,1
9.121410,1.863377,0.112406,-1.280414,-1.554433,-0.398980,-0.757354,0.535642,1.306133,4.295788,6.005524,3.411182,1.538095,-0.675586,-3.620043,1
-4.840474,-4.768650,1.465112,3.215441,-1.639482,-2.184834,5.126369,-1.587303,-1.439690,-1.932678,3.110382,-0.667173,0.705857,-2.670599,1.671646,1
-1.849348,-0.295913,4.717985,3.793673,-2.549697,-0.424251,2.049226,2.152231,3.537615,2.098477,-0.968324,-0.724237,4.981852,5.143515,-0.574648,1
2.918877,-0.289242,2.445527,-0.316786,-6.296100,4.180567,1.312171,4.914824,-1.368204,0.669964,-2.324714,7.079515,-3.214319,-1.449495,-0.190580,1
-1.983556,3.548613,-2.207191,-1.947863,-4.070180,-0.147811,0.024361,3.673687,5.115543,4.115049,3.571211,-0.794248,2.080941,3.540609,-0.634025,1
-1.467293,4.468218,1.153872,0.806001,3.745531,0.230439,-5.926330,0.988973,-1.404858,-1.778595,5.920351,2.333080,-1.303750,-2.571898,3.733664,1
-3.415873,0.412437,-1.992356,-2.618262,0.352746,-2.218719,1.091772,1.415450,-1.852623,8.472420,3.595942,0.394139,7.098953,1.690159,6.177685,1
4.911772,-1.995747,4.764853,3.729414,3.871500,-2.482283,3.195778,4.673145,-1.238414,0.381552,2.835175,1.886478,0.300584,3.300747,0.790626,1
2.945229,4.597275,4.222244,0.539912,-1.535485,-0.611476,0.536530,-2.342271,-0.698291,3.004726,-0.792170,-1.647275,2.838713,-0.795461,-1.719776,1
2.708677,-2.761289,-1.581684,0.102077,-0.136672,3.468616,2.737024,0.734426,5.981644,3.372829,6.720676,3.601675,-0.714417,-1.827653,3.597080,1
-2.498400,-1.583543,0.849456,-0.912560,-2.043923,4.437786,-0.653313,-2.735870,1.672629,-1.287861,-2.829981,-2.112334,0.491632,3.995443,1.890757,1
-2.359175,0.340610,-3.384910,-2.061185,-2.119932,-1.493903,0.078028,-2.966538,3.362593,2.735788,1.104614,5.060791,-0.389544,8.008102,7.136158,1
0.233498,1.405832,-0.596645,-4.987514,-2.741454,-6.337592,1.084570,0.826721,-3.620099,-0.152750,5.693977,0.854318,0.182414,-0.016833,-3.221798,1
-0.485724,5.081066,0.741738,-1.715301,0.728710,1.499048,-4.557535,-0.140332,-1.638258,1.573890,-0.235247,2.322227,0.656936,-0.375854,2.722090,1
2.932449,-1.402332,-3.366364,3.228516,3.935387,0.122461,6.804022,2.722612,1.250623,2.706718,3.727825,1.522919,4.081926,-1.515732,-2.134390,1
4.384779,-1.956077,3.572878,0.505101,-2.818257,-6.122492,-0.600623,-1.636009,-3.955826,0.148197,3.634388,4.892252,8.617144,2.482031,-3.653842,1
-1.052204,2.254284,5.066259,-1.993133,-3.053655,3.225292,1.134645,1.966590,4.514463,1.333335,0.162678,2.263871,-3.827586,4.974548,4.821917,1
2.276855,-1.399076,3.509769,0.210690,3.039740,-4.086941,7.149305,-0.531755,-1.333656,-1.240664,1.094171,-4.634368,-4.507294,1.294902,1.102653,1
-5.551946,2.360891,2.643227,-0.607904,0.834762,-2.314305,4.045019,-0.645720,3.192701,-4.000471,4.934700,-1.237154,-1.474454,-1.308623,-1.853213,1
2.129270,1.848845,-2.903713,3.413624,3.062057,1.911127,-0.818601,1.610825,3.804804,0.081372,-2.767701,3.966078,2.143557,-3.185200,6.146650,1
2.547852,7.453909,1.908033,-3.967516,0.315793,-0.738902,2.316880,2.216164,-0.869548,-2.306386,1.276897,3.971832,2.693233,-4.187969,1.617879,1
2.220302,5.583284,-1.150908,1.681199,-1.800756,3.338732,4.448277,5.282879,-2.335391,0.016764,0.484208,-1.258189,-0.263409,-3.132864,0.951941,1
1.913105,0.202408,-4.280804,-6.739967,2.277950,0.932943,7.576807,5.385780,2.317641,1.901503,0.673561,4.562466,-0.077191,2.202908,-5.312120,1
2.678820,5.839428,6.751143,4.617853,-0.084564,4.221775,0.830305,-0.307405,0.144200,1.232087,-1.131148,2.960407,1.679958,-1.519192,3.323423,1
1.098901,-0.943960,2.191652,-0.067472,4.067392,-0.995337,3.268192,-1.586343,3.251295,-3.751673,-3.600077,0.961562,0.270855,-1.839046,-0.522260,1
-0.341637,7.388945,0.969022,2.514133,8.781551,1.453261,1.902145,3.993677,-4.612715,2.629971,2.408066,-3.333068,0.628283,4.665176,0.007014,1
2.805719,3.927023,4.448999,-1.829505,-0.101334,3.020824,-0.160896,-0.262705,0.912630,-1.442796,-0.298345,0.095723,0.924551,1.047903,-0.691795,1
-1.880939,-1.584095,4.873478,1.582495,4.520044,-2.623050,5.927755,0.120159,3.407425,-4.147795,1.247852,-0.644747,0.385184,0.578605,-1.151867,1
1.499545,0.435661,0.882695,0.314753,-7.198505,0.086245,5.275511,1.976310,4.339037,0.048625,3.478987,2.981712,-4.336671,0.951229,5.749996,1
5.943289,2.610653,3.553078,-2.896870,0.073056,-1.287542,2.230927,0.723420,-1.037539,-0.398527,5.541113,-0.368858,3.082226,-4.926764,0.328855,1
-7.888338,-1.279868,0.299722,2.783733,-2.053474,1.404607,-2.875896,-5.419269,-3.080076,-1.224390,2.339263,5.323301,3.080370,-1.116931,2.716022,1
-1.877511,-0.252147,-0.811320,3.150394,3.474752,4.598776,0.453430,2.563854,5.540129,-1.622936,2.174206,-0.683507,-1.228448,2.747490,-2.175761,1
0.724181,-6.226675,-4.460525,1.680455,3.545841,-0.600676,0.911626,-0.798244,-1.328925,-0.620217,1.322469,-1.007519,-5.084428,-4.514174,-0.306102,1
-2.684586,-1.057642,3.715107,-1.916069,3.658012,1.022198,-0.406003,1.316950,2.284784,6.336102,4.947725,-3.352750,1.304349,6.557556,4.593569,1
0.819660,-3.528942,6.493591,0.559567,2.266271,-4.476175,3.725693,4.051685,2.753115,4.066257,2.057027,2.496662,1.226728,0.736152,-0.250047,1
-2.021357,-0.627087,-3.496311,-0.345460,1.738624,2.379834,8.341986,-1.951894,-2.481800,2.429332,-1.557613,0.991741,3.940613,1.133277,2.469704,1
6.313265,2.422186,-1.526831,-1.039895,4.151777,1.344210,3.437695,-2.286356,2.298834,-0.785454,0.308346,-0.635381,-1.640241,6.186962,-0.391865,1
1.709845,-1.135869,1.731328,-0.411559,0.384323,5.521494,1.960841,-0.319512,-0.550753,-1.856306,1.969123,2.634106,-2.700296,2.963680,3.881214,1
2.740345,2.401291,2.460872,0.140410,2.066772,-0.004712,-0.110629,1.724303,2.082932,-3.017370,0.595392,-3.794712,4.412661,8.106585,2.537174,1
3.616083,9.739269,-0.242639,-0.294948,-0.481044,0.696190,-7.724059,-2.594401,7.259811,-0.819495,-1.335234,5.503775,2.826679,3.755655,-2.960613,1
2.257345,-1.808756,-6.439830,-4.295987,2.848997,3.738714,1.550407,1.571395,4.263067,-0.091534,0.604053,0.516184,9.383566,-0.691409,1.694252,1
4.707691,-1.891264,-4.144310,5.800625,1.339142,-0.833655,2.815556,-1.886063,1.632037,4.861019,5.506948,1.772167,0.313583,-2.209846,2.683664,1
0.911246,0.562572,-0.745380,-1.302840,2.553169,-6.158206,6.005707,-0.888024,-6.442387,1.343157,2.179667,-0.635817,-0.010274,0.572602,0.450361,1
-1.381282,2.550533,-1.822727,4.954027,-1.497249,2.064967,1.817937,-0.743118,4.543146,-0.348872,3.959702,5.746336,2.997526,1.570815,1.509704,1
1.067869,-3.855267,6.527548,2.445786,-2.501808,0.034816,0.601053,3.235994,5.015972,0.584829,7.509445,0.811390,3.263414,2.182613,-4.977561,0
2.033943,0.168663,0.501768,-4.599259,-3.690217,-4.965096,0.451623,-0.381512,-3.103587,-3.072487,-1.330604,-1.512751,-4.198290,-1.765534,-3.513948,0
1.649378,-0.396822,-3.165821,-4.937687,-2.043955,-8.037115,-3.592075,-4.264316,-0.194550,-0.513857,-3.149245,-2.485059,-0.377749,-1.862835,-2.379481,0
-0.791348,2.573748,-2.333172,4.804079,-4.485639,-0.206749,-7.474692,-1.902841,2.039270,-0.537282,0.243863,-1.911906,-0.718038,-3.998578,1.293613,0
-6.419640,-0.887034,1.208761,1.470951,2.525078,3.220478,-3.232596,-0.208513,2.524248,-2.868697,-0.744339,-5.217042,1.984303,-4.551642,-4.866307,0
3.905029,-2.315228,1.521379,0.740011,-0.578776,-2.025438,0.422050,0.628887,-1.287992,-3.730805,-3.180097,-0.575973,1.534031,-3.972260,-2.382547,0
-1.457293,-2.243649,1.459887,-3.003771,2.149166,-3.259282,1.580406,5.024210,-2.768074,-3.309421,-3.083621,-2.954212,0.784206,-1.990685,1.576889,0
0.642088,1.925058,3.061785,-1.323375,1.988811,-2.288265,-1.635227,-0.718597,-1.378833,-1.997974,3.203096,-1.323412,2.863482,-0.496391,-4.489028,0
-1.454277,0.112220,-2.016212,1.862606,1.624378,-1.359329,1.130821,-2.576200,-1.148551,0.203833,-2.047531,2.719723,-1.598830,-2.537304,-1.626515,0
0.071747,3.744665,-2.083680,2.760939,-1.391981,-3.761806,0.506681,-4.798310,0.282209,-2.937402,-8.491880,-3.814363,4.136414,0.725691,4.280554,0
0.468367,-5.826479,0.977888,-2.110278,-2.646222,-4.646854,-1.766614,-3.000119,-3.263476,-5.086622,0.895098,-1.171668,0.927895,-1.637113,-0.371624,0
-5.260121,-4.897610,-0.663028,-3.873603,-4.121202,-0.879230,-5.163201,2.566298,-0.611506,1.946579,-0.533978,-4.389329,-2.003879,1.830280,-3.882955,0
3.874084,-5.800097,-5.237919,-0.832797,5.397762,-3.904718,-2.336338,-3.561488,5.597799,0.995764,0.715717,2.769794,-4.622259,-3.143367,-0.321330,0
-0.477036,-0.161347,0.955542,-2.651036,-0.898774,-1.020681,-2.015188,-4.673893,-2.518312,-4.600857,-2.225333,-1.688068,0.158478,-0.009862,-0.527407,0
-0.999780,-2.131247,-2.638387,1.654497,-0.981503,1.614527,-2.526888,-3.351973,-3.118182,0.872143,-4.561773,-1.224033,2.509056,0.792288,-2.269189,0
-5.859102,-2.547876,2.245682,0.783005,-0.250635,-3.090830,-6.163299,5.357300,-4.001859,-0.162417,1.864408,-5.091492,2.976494,-0.448533,-2.155890,0
-2.795063,4.129278,-3.865284,3.572302,-1.144699,-0.419117,-1.699068,-5.765217,4.684938,-3.275072,-0.338413,1.690840,0.616529,-2.448098,-4.338811,0
-6.531246,0.780571,1.744738,-2.209941,-1.780659,-0.352427,-3.244960,-0.154662,-4.031744,1.706280,-3.385551,3.131903,-3.196023,-5.704165,-1.223898,0
-6.460075,3.661739,-0.696540,-2.481923,-1.421279,0.454687,-5.430404,-0.250405,0.883757,3.313698,-3.192730,2.085108,3.291950,-4.145821,5.131327,0
-2.603183,-0.754549,-1.253674,1.198891,-2.580479,-1.264269,-0.533761,2.850597,2.964731,-1.554139,-3.698952,2.422871,-2.472316,-3.742667,0.995142,0
-1.558062,-4.364291,-7.403522,4.782780,-2.556039,1.162020,-5.631767,-1.409356,-0.748596,-1.197638,1.149897,2.500404,2.791054,0.655567,-1.026130,0
-0.760641,-6.051390,0.093738,-2.478980,-0.289895,1.194708,1.254276,-0.888101,-4.485339,-3.939651,-2.162759,-5.240018,-7.298903,-1.442049,-3.933561,0
-4.737416,-4.389617,-0.387397,-5.252321,-1.115976,-3.304036,-0.741508,1.065483,-4.109883,1.592131,1.308105,-0.197371,-2.017658,2.479294,-2.157073,0
-0.024393,-0.095168,0.010716,3.606085,0.348180,-1.997332,-4.622002,1.036337,-3.720345,-5.332544,-0.467278,-0.435225,5.425701,2.004005,0.165561,0
-3.777609,-1.594925,-3.135535,0.454500,-2.988822,-0.913174,-2.220741,-2.292667,-0.291691,4.292175,0.951456,-1.412937,3.218119,-1.233530,4.797756,0
-5.702647,-0.478790,0.007858,2.785221,-0.696782,-2.262397,1.550835,3.891222,2.292339,2.248173,1.822899,-4.326589,1.517380,-7.673602,-5.901944,0
-5.991681,1.727766,-0.255085,-2.348178,-0.848657,-0.543925,0.947327,-0.602130,-0.026343,-2.153130,0.928513,2.425810,1.089872,-4.147228,-1.462496,0
-0.460238,-1.094023,1.410482,-2.169520,-2.875332,-0.996609,0.921556,-1.057834,-0.004027,0.665413,-0.975908,-3.228649,-0.425966,4.583029,3.404444,0
0.755169,1.431568,-4.068702,-2.988070,3.779808,-7.686717,-0.793590,-4.198153,-6.251174,-3.157141,0.581425,0.237056,2.573484,-2.367596,1.525095,0
-1.210641,-3.566008,0.033561,-2.399644,2.317148,-1.882253,2.454300,0.504049,-0.324124,-2.199700,0.435265,-2.453531,-3.477939,3.492708,-4.082205,0
-0.093821,-3.668767,-1.780393,-5.994711,-0.513852,-1.014715,-1.647204,1.096926,-0.209491,-8.722574,-2.864435,-1.296135,-3.433226,1.499321,-3.959170,0
1.699141,-0.907088,-7.658185,1.653252,-1.236872,0.076389,-2.980618,-1.006301,-1.317835,-0.267230,-1.059540,-1.233426,-2.121072,-3.628304,-6.514137,0
-7.027202,0.195947,0.892315,-7.310015,2.437948,2.183416,0.772535,-3.113184,-0.953163,-2.447253,1.629311,3.021820,-4.782127,1.421904,2.255283,0
-1.758708,-4.864107,-1.021515,-3.677563,0.463046,-4.794464,-5.266078,1.787123,-3.760802,-2.296582,-3.264545,-1.991680,-1.265435,1.163548,0.158431,0
3.910131,1.394239,-4.126185,0.236443,-0.084226,-3.290278,-2.484866,2.648396,3.271618,-1.766436,1.593750,-4.479213,0.406712,-4.104943,-0.212543,0
0.050759,-0.118974,1.344412,-2.119171,-1.759690,0.123738,2.535011,-7.829047,-3.023925,2.666677,-1.675488,0.855606,-5.566273,-3.801661,-3.005788,0
0.896191,0.670094,1.380447,-4.861224,2.903425,0.426821,0.114135,-1.800200,-4.474677,0.040955,-3.286206,-2.590948,-0.075862,-0.868514,0.385839,0
-3.601409,2.339294,6.907600,3.721695,1.253139,0.444084,-2.700717,-4.026395,-2.927089,-1.025683,-3.975781,2.120872,-2.735076,-4.968739,2.121782,0
-3.000074,1.796041,-3.784059,1.648626,-0.221051,-2.130110,-3.936836,-5.608411,2.992048,-0.216562,-3.818070,-0.799578,2.583189,-0.893952,2.158972,0
-7.062239,2.848948,0.931261,-0.923205,-1.507089,-8.313293,-1.500422,3.910110,-4.164542,-0.147003,2.631485,0.235162,0.388070,-2.759036,-3.946747,0
-2.739248,-0.133990,0.228024,0.339783,-1.240281,-2.944664,-0.423429,-2.346575,1.534544,-3.282804,-3.040697,-3.130338,0.869373,1.580093,5.305286,0
5.461897,-2.842239,0.407075,-1.709968,3.547138,-5.898159,-1.538922,1.354448,-4.208495,-2.293440,-0.077353,1.780254,1.706480,0.693289,-0.739919,0
-5.062095,-2.808649,-2.491137,-2.365007,-1.648658,-0.110712,-4.484684,0.898407,-5.951393,-0.336107,-1.776566,4.536480,1.074402,1.074526,-1.343561,0
-0.395143,3.759455,-1.161681,-3.291097,1.049274,1.658024,-2.461386,0.830770,-2.561749,0.508797,1.777166,4.909204,-4.451417,-2.201374,0.475683,0
-0.902147,-0.723899,-0.928708,2.566214,-3.415600,1.799063,0.601852,-1.911670,0.332110,-2.274810,3.139425,-2.880487,1.773344,-2.011760,-6.160601,0
-2.677701,2.352011,0.682322,-3.730252,-3.801734,-1.391360,-7.090852,-2.952019,-2.979643,2.297255,0.123385,-0.998017,-0.484405,-3.602251,-3.304675,0
-2.445552,0.173591,-3.173597,0.207854,0.187108,-1.835378,1.459282,0.977093,-0.955414,-0.553600,0.077366,-0.182170,3.445395,-7.228623,-2.027466,0
0.810814,-1.462963,-2.297147,-6.242236,-3.458491,2.942118,-0.903596,2.142101,-4.599426,0.287250,1.836153,-1.095874,-2.152463,-1.748458,-3.178638,0
-2.954350,-1.498275,1.730844,1.139336,-0.866273,-0.438928,-0.676774,-1.195450,-2.084692,2.390343,0.766531,-5.369459,1.535000,-5.802015,-7.081120,0
2.439049,-2.484464,0.890112,-7.901012,-4.176800,-5.194221,1.498875,-1.076086,-3.403196,3.058651,-1.170834,0.402162,0.751236,0.488419,-4.783016,0
-2.076746,-4.732751,-1.505253,-6.746297,4.119953,-2.735342,-6.785600,-2.351021,1.756571,-1.068802,-4.121208,4.851315,1.226200,-2.557066,2.410522,0
1.492113,-0.282595,-1.168638,-2.261574,-0.671201,2.732105,3.504290,5.522614,-1.058104,1.891531,2.312828,-1.020710,-3.911756,0.939997,-1.618367,0
0.778696,-7.088936,-0.369048,-2.116927,-1.708618,1.155552,-1.552244,-8.731942,1.274467,2.496410,-3.247896,2.325773,-0.239449,-2.907530,-2.645596,0
-4.008134,-3.399492,0.155501,-6.710618,2.518482,1.413998,-4.664246,-2.758103,-1.137293,-3.482197,-0.918623,-2.158951,-1.946872,-6.847605,-1.813132,0
3.195023,-6.732975,-6.578601,-2.259608,-3.683702,1.633629,-3.048108,1.311953,0.542107,4.773617,-1.864723,0.910870,-0.609385,-0.519366,-2.315271,0
-4.535236,-1.787232,1.266415,1.008404,-0.224009,4.105110,0.403034,-5.750154,-2.129239,2.385487,-1.293444,1.159576,-1.132052,1.266590,4.303143,0
1.104500,1.916716,-1.357040,-0.058234,-4.641838,1.432602,0.354253,-4.174683,-2.063195,1.413725,2.875286,-2.659685,-0.380280,-3.572736,4.310001,0
-2.305170,-0.837338,-2.072985,1.051058,0.104016,-1.519314,-4.026165,-9.184942,0.619715,-0.303255,1.276690,-4.655944,-1.470693,-0.815705,-2.296748,0
1.066095,-3.064061,-3.315734,-0.571717,2.683157,1.217985,-4.373066,-3.566516,-3.452907,-1.857421,2.399660,-2.694547,1.324160,-1.365397,-0.026561,0
-5.870815,-1.459785,-0.725924,2.366055,-0.700908,-1.944619,0.864805,-5.293826,-2.486915,-0.928326,-1.051982,-3.138444,-4.132813,2.753036,-0.239040,0
-1.700616,-2.756472,-1.909590,-0.815124,-2.378580,-0.716267,-2.677823,-1.535152,-1.140072,-3.807940,0.978024,0.586456,-0.952497,-0.308393,0.500935,0
2.186958,3.427771,-3.504253,-5.187427,-2.508442,-3.675161,1.249208,-4.807226,-1.745430,-1.069752,-4.954601,1.006111,3.709690,2.745762,1.811365,0
2.069727,-1.281981,-3.249901,-6.990136,-2.207922,-4.834684,-5.903516,2.307959,-1.288670,2.217846,-4.278166,-4.617429,-5.169564,1.905962,-3.770713,0
-5.517922,-0.892186,-1.884904,0.280097,-0.308487,4.818504,0.991613,2.481421,1.516699,-3.271674,-2.985833,-4.593253,-5.420215,1.530365,-2.626600,0
2.393831,-3.053536,2.294268,1.783171,-4.389684,6.202091,-0.961622,2.267559,-5.323247,-1.544957,-3.896468,3.592951,4.724491,1.857107,-6.823704,0
2.074516,-1.823902,-1.285728,-5.989895,1.056818,-3.001690,-3.361201,1.370333,1.232491,4.314566,-4.203616,-0.224715,0.045627,0.997696,0.702370,0
-4.437525,-4.123320,0.702272,-1.230094,-3.020927,-0.163320,5.242558,-3.687537,-0.985106,-1.865229,6.474705,-0.329658,0.829983,1.826227,-2.004455,0
-1.288326,7.913513,-3.358562,1.479633,-1.417135,1.710394,1.749763,-0.523480,0.685465,3.533461,-2.511595,-1.731704,-1.241518,2.196133,2.036278,0
-1.634757,-1.172096,0.094226,3.308104,-0.774222,-1.546365,-0.777226,2.958578,-4.805456,2.592384,4.073744,-0.109684,-0.154821,1.172579,-3.645084,0
-5.013600,-0.071123,-3.467937,-3.132167,0.621140,-3.812834,-3.010766,0.253043,0.982140,-4.461514,-1.161818,1.063902,0.170070,-3.378256,2.316597,0
-4.017138,2.886513,2.809731,0.924997,-1.161430,2.134809,-3.167251,1.675856,-2.152078,-4.515028,-6.053414,-0.784794,3.819487,-3.677976,3.532612,0
1.883562,-0.742658,0.660187,-2.067368,0.941242,-2.821895,-0.745052,-1.305285,-1.174271,-6.747629,3.953505,1.722219,-7.190805,-5.654031,-3.236816,0
1.469101,-2.703408,-5.371598,-0.094860,2.851152,-3.224609,2.008871,3.872444,-2.163862,-3.013222,3.142895,-4.345140,3.619240,-0.844285,-0.328428,0
2.747709,0.543392,-2.303965,-3.582923,-4.236074,2.603018,1.297909,-2.792221,-0.665045,-0.556331,-1.485825,1.901237,-6.683476,-0.834784,1.423693,0
-6.645292,-0.380591,-3.929162,-1.780968,-2.678503,-2.037868,-5.096095,-2.568678,-0.167957,4.307934,-4.163586,1.253330,-2.047451,-1.469266,-0.323276,0
0.999590,1.071777,-2.058069,-0.029646,-3.615332,3.510769,-1.276917,-1.761497,3.604992,-2.912897,0.785852,1.126526,0.835669,0.902752,-1.657701,0
-0.747192,-3.657235,0.892569,-1.297454,-0.321559,-1.725003,-5.210980,-1.057160,2.709263,-6.450338,4.626417,-4.999393,-2.916127,-2.377736,0.047920,0
-0.293275,-1.122413,0.152100,-3.504135,-3.661344,-2.661796,0.521032,-1.621414,-0.795975,1.167416,1.132048,-1.079196,-4.229090,-2.940693,-1.607917,0
-1.675892,-5.667744,-6.142138,-4.552279,-0.518995,2.572344,1.381104,-0.803100,-2.694465,2.780373,1.323015,-0.151707,-5.705007,2.940277,-0.204308,0
-5.068885,-4.063057,2.249096,0.699862,-3.164979,0.527473,-1.517737,-4.158026,-3.159571,-1.288044,-3.302486,-1.783792,-1.450259,-1.461350,-4.292023,0
2.306652,3.379026,-2.976156,2.054989,-1.833111,-2.100782,-0.688587,1.311184,-2.550044,-0.617484,2.324978,2.303545,-2.684452,-2.755298,-3.418271,0
2.550724,-5.832377,-6.567206,-0.422227,4.017647,0.236353,-1.932226,-7.301847,-3.592751,3.322729,-3.742856,-7.442430,1.458515,2.498247,5.897648,0
1.338087,1.645540,-1.212359,4.585360,-3.458002,-1.810574,2.162479,-1.571959,1.066967,1.718403,-2.417614,1.661327,1.085003,-1.005130,0.659678,0
1.900026,-5.407743,-6.057493,-5.307398,-4.422824,-1.379342,0.823435,-3.911195,0.649530,0.711939,0.762987,0.314773,1.557529,0.878681,3.021944,0
-3.970585,-0.024242,0.995464,0.001073,0.257595,-1.465091,-2.210274,2.499727,-2.984522,-0.378957,-1.689837,-3.453159,-4.869265,3.577183,-2.072023,0
-2.869298,-7.096249,-4.499919,3.905455,-4.652443,-2.417306,2.622786,2.020094,-2.449683,-0.981353,-4.043829,-0.654973,-0.113122,-0.321944,-2.769833,0
0.174957,-2.278753,-2.227282,-6.690017,-0.040121,-3.121885,-0.747033,1.849287,-0.226237,-4.598721,-4.190557,-2.216277,-0.073022,-2.403761,-4.761321,0
-2.961754,-1.223151,-2.463598,0.281906,-1.594481,-0.270378,1.458641,-1.594107,-0.190488,-0.326682,0.521799,-1.212339,-3.318386,-1.675463,0.253606,0
-0.762802,-3.098355,-0.678861,1.280849,-0.832008,-0.917583,-1.898085,-3.776011,-2.269787,-6.834661,-2.084880,-2.776306,-4.442382,-2.326016,-4.488642,0
-1.389899,-3.683077,-2.906588,2.568270,-3.395741,1.339279,-1.725897,0.737450,4.895748,1.620489,-0.527405,-2.493919,5.790567,-2.483242,-0.552666,0
-1.850608,-2.572272,-5.889162,4.262104,-4.842732,1.670166,2.504248,1.104719,3.546474,-3.306290,1.727245,0.072273,-1.060256,-3.080250,3.797516,0
-2.683583,-4.804618,-0.950416,0.566442,-0.481540,-1.630687,0.140429,3.145298,-6.284163,2.267422,-0.731972,-5.621376,-4.430331,-0.236066,1.363464,0
-4.116223,-2.898703,-1.037724,0.374130,-5.501053,-2.690980,-1.506515,2.041317,-0.272109,-6.111850,-0.847294,2.399490,-4.016953,-5.855114,-4.826489,0
-4.156240,-3.236289,2.053122,2.459682,-1.922618,-1.827759,-1.315300,-0.209375,-5.622011,1.375309,-6.076934,4.912409,-3.128153,-0.222792,1.503977,0
-0.187373,-1.235552,-0.015732,-4.123018,0.213083,-5.380018,-1.589223,0.223536,-3.525991,4.537199,1.283337,-0.419318,-5.466786,-1.274465,-0.766447,0
0.343508,-3.739900,2.401272,-2.743783,1.461962,-2.163865,0.611912,-4.383904,-1.221947,-1.029905,4.722595,0.597157,-0.367327,-4.094646,-2.168175,0
0.364139,-5.346601,3.006298,-4.553074,-3.682070,-0.093326,3.160582,-0.243090,-3.247549,-3.655169,0.345520,2.555840,-6.034433,-1.636910,-5.304841,0
-0.142107,-2.329188,-3.616512,-5.158854,2.440022,-2.806773,-0.576118,-2.596023,-0.658001,0.637190,-0.397541,2.429083,1.620762,1.120392,-1.326725,0
1.428921,-0.490472,-4.424907,-1.472558,-5.282987,0.218087,0.438079,-3.109916,0.975769,-4.997830,2.070282,0.819344,-3.392555,-11.879890,2.243366,0
-3.352736,-2.165118,-4.205573,-2.808220,0.672979,-0.633200,-2.127986,-2.264986,1.153866,-2.541822,-1.744767,1.097830,-2.520641,-4.501004,-3.579249,0
-3.205911,-0.830640,-1.984362,-0.870515,-5.327409,-4.229981,1.076448,-3.656245,-2.150652,0.184554,2.357288,-3.459251,-1.445703,2.306259,-1.247099,0
-1.359452,-2.746543,1.242197,0.187490,-3.393355,-3.825706,1.347973,2.392553,-1.881483,-0.212934,0.051996,-1.152866,-4.349131,-2.313517,0.980768,0
-2.586696,-4.116916,-3.504921,-1.383187,5.683582,-5.202576,-0.131814,3.600286,3.543488,2.295649,-3.362541,-5.726872,2.655977,-2.665492,-4.607378,0
-4.087973,-4.036492,-1.176167,-3.450079,-5.976941,-1.148625,1.072947,1.283192,-2.984582,-4.200614,-0.005383,-0.915052,0.622139,-2.934020,-9.011517,0
-0.046433,2.272095,-7.266293,-2.379545,-6.294950,0.832050,-3.806548,4.538759,0.960386,4.246387,-1.884830,-5.303705,-8.206510,0.256343,-0.422462,0
-3.056172,-1.394273,-4.238228,0.932919,2.301502,-5.372914,0.613932,0.837599,3.634060,-6.802777,-5.093944,1.975754,-1.642942,1.804836,6.340521,0
-3.767770,0.899035,-0.008061,-5.466179,0.292940,-7.349747,2.593660,-4.539525,-0.214257,5.244595,-3.904532,-5.616796,-0.733218,-9.495602,-1.382718,0
-0.293774,-5.802617,-1.079290,-1.441279,0.005712,-6.069533,-1.718451,-2.965508,-5.794883,-5.593323,0.446024,0.843752,0.340288,-4.985009,3.265062,0
1.273981,0.713856,-0.324092,-2.063921,1.556379,2.503582,5.859146,1.323879,-4.257363,-4.663595,1.418354,-1.783118,-3.676823,-5.359798,-5.270449,0
-2.216279,4.557028,-6.085331,-3.547183,-0.468824,-0.810269,0.042167,3.885075,-4.807025,2.278198,0.318327,1.457224,4.960209,4.370113,3.277332,0
6.026939,-1.442746,-0.917944,1.133337,-3.421987,-1.843517,-4.642296,-1.956344,-3.495757,2.559958,1.395405,1.793047,-1.119579,-7.728627,-2.977318,0
3.046770,2.988590,2.115849,-5.111478,-3.303268,2.663071,-4.453744,4.950476,-5.718562,0.115658,-3.362689,0.427945,-0.463156,6.552702,3.181623,0
0.631432,-1.267991,-5.704531,2.312828,0.369308,-3.380871,-0.967897,-3.480755,2.617531,-5.130263,-2.219978,-2.728360,3.536907,-1.083171,-0.368224,0
-1.570261,-0.907969,-4.354422,-0.287903,4.950830,-0.776222,2.900871,-3.770382,-1.492341,-0.972998,5.472311,-1.147865,3.545374,2.748890,2.530500,0
-2.090550,-0.412951,-4.335519,3.667343,2.423283,4.069834,0.342137,-0.181828,3.898376,-4.467487,-0.314746,0.536255,6.868828,0.125873,1.541788,0
-4.381520,-0.792851,1.220158,-2.186381,-9.550367,4.172369,2.864485,0.580339,6.397461,-1.165889,-3.211028,-1.900373,2.207270,-3.973969,-6.109358,0
0.652441,0.422051,2.994715,-1.602571,-0.575724,1.999125,-0.547944,4.879210,-1.805976,-0.889504,-8.605722,-1.819735,1.986782,-0.137759,-4.915689,0
1.934099,1.176731,2.357756,-0.246994,-0.023275,-1.822127,-0.028289,-3.509580,1.201933,6.028467,0.187317,1.156746,5.459818,2.447580,2.829508,0
6.118248,-3.078915,-3.910123,-6.333360,-1.412694,-0.533435,0.434251,0.297201,2.196915,1.050402,1.038130,-2.936481,-5.379553,-0.617001,-1.559432,0
2.633461,-5.145308,0.394071,-0.522704,-4.641039,2.677465,-5.723833,-2.186778,-0.687147,-3.565171,-3.106111,0.067888,0.081318,0.530491,0.470874,0
-1.989874,6.153959,-2.134653,-1.823023,-1.908347,-1.988162,-0.602654,-0.019329,-6.354753,0.796017,-4.537078,-4.822182,1.525625,3.066967,-2.614068,0
-3.861559,-6.186163,3.291649,-3.389422,-1.341097,-3.683148,-1.006586,0.631157,-2.077713,0.277271,-1.979319,-1.076443,-4.837111,-2.955450,0.015565,0
-5.352152,2.784058,-1.373796,-0.334201,3.153904,0.099942,-2.254261,2.885113,-0.434968,0.418244,-0.720823,2.257303,1.510223,-1.158233,-0.866135,0
3.561737,-3.596455,-2.167698,-5.035044,-1.717413,-1.137764,1.603382,3.712292,-4.908568,-2.817693,-6.525189,-2.408228,3.694092,1.245518,2.192062,0
-3.059486,-1.225887,5.968733,-8.427479,-0.286852,1.825298,1.579636,-0.683217,2.078569,-2.333776,1.042944,-4.172700,-0.720653,-4.728246,1.616386,0
