1.855565,1.021323,-0.016687,-0.131557,3.562191,3.135315,0.733815,3.338709,1.934639,-2.011320,-0.815743,0.339226,-0.727243,-0.641432,-1.079509,1
-0.599754,0.434244,10.659803,-1.441289,-0.245953,3.937769,-2.053390,1.254750,5.120651,-2.051739,-1.586782,-1.788958,5.323700,-2.565202,3.585958,1
5.513468,0.570992,0.416211,2.947033,0.780417,6.043339,-0.824849,1.231671,4.100693,3.570040,0.357152,0.407949,5.233685,6.156639,2.884754,1
0.268614,1.548238,-1.418324,0.536594,2.246684,0.337853,2.594585,5.229645,0.323139,-1.256261,-4.388762,-1.683673,3.699972,0.464735,-2.680825,1
0.330429,1.083048,2.376198,1.160185,1.760711,1.086761,-2.109450,0.937774,-0.769662,2.965395,1.671334,1.167783,2.535917,-5.017231,-7.606790,1
-0.558835,4.355499,1.746638,1.233631,-0.757254,3.180567,-4.536977,2.765717,-5.829741,0.981709,1.953514,-1.651061,-0.348133,-2.627658,6.829481,1
4.232805,-0.752323,-2.377208,2.596338,0.087186,5.437466,-3.901821,0.436260,0.198354,0.635719,-1.783918,-3.105297,0.560045,0.948020,5.925783,1
5.782127,2.594290,0.121939,-0.750334,4.368748,-1.211448,1.081629,-0.419539,-0.134548,-2.898564,-2.088704,-2.189375,0.114969,3.518925,5.680351,1
-0.636396,3.280621,2.618946,3.252478,1.841279,4.713976,0.954814,2.567791,7.693497,0.646985,-0.417265,0.170084,3.173910,-1.748628,-4.288753,1
2.755539,1.307614,0.212387,2.629910,1.903632,2.023981,3.591343,6.587145,0.889321,2.260799,2.661161,5.634710,1.559343,1.481662,-0.569477,1
3.980537,-1.943607,10.030790,-0.472521,5.464098,1.908199,0.970341,0.858812,4.761417,3.771849,-2.683125,1.404255,-1.149465,1.914267,3.765995,1
1.243512,0.352819,-4.489422,4.890778,0.432606,-0.478782,-1.147322,3.720884,0.605809,-2.792740,-3.869396,-2.352211,4.788372,2.383658,3.953541,1
-4.281563,-0.159785,0.208608,6.823322,-0.493230,-0.873447,2.671379,0.912898,1.476884,3.703072,-1.582779,3.847664,-2.862612,1.965064,4.553818,1
0.236447,1.386664,4.285053,3.035831,1.243408,1.266232,-0.418510,-3.958845,-1.115063,1.051323,0.665167,-4.060594,2.195557,-2.830861,-1.026368,1
4.910208,3.638332,-1.019479,-4.606451,-2.355373,-0.960282,2.968115,1.416672,1.962813,2.745419,-0.014093,2.059354,-1.751975,5.291365,1.187726,1
-0.681645,0.933947,6.200603,-5.163153,-0.472280,2.158819,-0.546892,3.623882,4.190475,1.577891,3.254923,4.253942,-0.528732,-1.534929,5.070305,1
3.027670,3.465715,5.591639,1.269283,4.819283,5.447866,4.515154,1.864315,-0.968744,1.608788,-0.018573,2.206393,-5.984261,1.206648,4.133715,1
0.466280,-2.113295,-2.510812,-2.354237,0.916975,-2.503366,5.464396,2.240596,1.730519,-4.459358,5.115208,0.778655,5.451504,2.564281,-0.483925,1
0.922992,-2.952205,1.726352,1.002580,0.386216,-0.980945,-0.398078,7.727623,-3.828657,0.209053,-1.100960,0.225637,0.948011,-0.029478,1.042673,1
0.060719,0.618510,-5.451951,3.689365,3.098202,0.524665,5.816158,4.684460,3.612988,1.620992,1.851574,2.721104,1.404056,1.968851,-2.220605,1
-3.054388,-0.644699,4.505207,-4.826730,5.001200,0.491721,-6.702255,1.044034,-0.975856,-2.557385,0.261859,-1.726661,1.927547,-0.045650,-5.640848,1
1.498107,-1.429829,1.682734,-1.853530,-3.294434,3.090189,3.088238,-2.465338,-1.205468,6.856256,-0.973490,2.946646,5.063448,-2.791236,2.498037,1
-0.772844,-2.828884,1.216965,1.021351,1.169048,3.613441,-1.480462,2.889454,2.577583,-1.519879,-1.776572,-1.679033,8.775465,3.706816,-0.058349,1
0.194628,1.346393,1.764904,-0.129685,2.843060,0.821239,-1.991955,-0.156459,5.478315,4.500086,3.772749,1.407352,-0.475624,-1.754091,-0.138491,1
6.328011,0.027783,3.219164,4.155863,0.000306,1.805660,0.055689,2.455498,1.662101,4.528625,0.799188,4.953569,-2.355292,-2.297183,-3.616555,1
7.455940,0.369056,5.625641,5.375439,-0.314275,-0.297974,0.736863,-5.327370,1.915106,-2.839200,1.485154,0.520234,1.704142,3.520473,1.453311,1
5.060175,-1.140585,-3.144912,-0.745204,-6.728587,1.418537,7.380293,-1.109806,6.621262,-1.074242,2.835266,-0.214972,7.861666,-0.365696,0.018460,1
3.075018,-0.824733,-1.326761,0.166193,-2.794641,-0.709357,-1.194186,2.806583,-3.536513,0.071273,6.240726,0.268875,3.060593,-5.528499,0.495783,1
2.054134,-0.266307,2.402781,0.625168,-1.182608,0.574930,-4.284566,-0.364536,3.673592,6.989721,3.415461,-0.635000,-1.312771,1.067826,-0.141202,1
-2.690937,1.377308,3.811768,1.695373,-6.515340,3.865673,2.904352,3.563553,3.869558,4.941698,1.295934,1.677392,5.229914,2.948851,-3.821880,1
5.264929,5.255383,2.441150,0.958761,-2.093639,3.674349,0.699705,4.401905,-3.665944,2.218695,-4.864005,4.417063,7.045231,-4.231146,0.942351,1
1.803514,-1.209736,2.027918,1.633412,-0.015491,1.352484,6.460981,4.428839,0.347049,1.662052,2.780613,3.371519,2.359032,1.017305,3.509192,1
5.324854,3.886768,-4.792280,-0.810844,-0.771988,-1.462754,5.061371,2.747311,0.433250,0.831234,0.019757,3.832682,0.759462,-0.920443,2.341218,1
3.965693,-0.368829,0.567080,2.154713,1.431941,-2.656224,2.943413,2.394440,4.546938,3.512163,-6.507347,2.607769,6.028889,-1.016393,2.248850,1
3.051098,2.679371,-3.167921,0.838200,-4.426586,0.994519,3.082388,5.169804,-2.314842,-1.725018,-4.132782,1.281264,2.661737,-2.459599,3.797659,1
7.432310,1.290662,0.018922,-0.239291,-0.886404,3.422657,1.971545,-4.894712,-1.189217,1.364705,-2.995071,-0.613951,4.956034,-1.537891,-1.790439,1
-3.398417,0.619188,-4.821449,3.119520,4.032597,2.658802,0.796715,3.144676,2.869091,2.793736,2.043651,-1.296059,-2.997215,-1.454723,-4.100247,1
1.310386,-4.931031,-4.598600,2.409665,0.426881,2.763090,-4.368590,0.347838,3.023691,1.972940,1.067875,1.979509,1.937853,3.953827,1.098534,1
2.701841,2.185873,8.023840,2.719473,1.626754,2.134424,2.461767,4.632925,-0.373895,-6.217173,6.088928,-0.338840,1.702488,-3.413668,5.194687,1
2.817129,-3.226726,0.566944,5.310629,-0.600060,-1.312269,3.536112,1.008193,-1.119213,3.862230,1.490589,-1.252019,8.673773,2.518307,2.135775,1
4.163618,-2.272798,-2.314633,6.025261,1.816173,0.980103,6.159391,6.516041,-0.324596,3.691050,3.101957,5.493496,2.697458,0.373184,8.914108,1
1.573894,1.385624,0.106868,-2.275496,-1.323170,0.738276,-3.447291,-1.508051,1.867808,-1.285567,-0.254371,4.633429,0.672570,4.335543,6.051296,1
4.782145,2.092612,-1.649192,6.340157,-2.614222,1.283937,4.258625,1.198919,-0.062725,3.904636,2.637939,1.599538,2.764189,2.163679,0.850236,1
1.570664,2.076138,-1.946271,3.142406,-0.796211,4.548391,3.731928,-3.840342,2.068279,-2.575474,6.556290,4.086727,3.596611,1.498181,-1.120696,1
-2.531274,0.307566,6.549322,-2.085707,-2.324532,-2.578585,-2.688038,0.015900,0.191710,0.100276,-4.638051,1.765492,-0.321165,2.976934,-2.493502,1
2.638559,0.676680,3.356060,1.822241,-0.626390,-0.425651,-2.227767,1.048646,3.359747,5.155743,2.218106,2.192698,-1.601387,0.368512,1.661753,1
-1.434676,3.768545,3.982834,-0.302658,-0.916130,3.244600,3.943913,3.262569,-0.185795,-5.227944,-1.988991,5.856108,0.708576,0.368453,6.808018,1
1.131252,4.010805,1.597812,0.757412,-4.507369,-6.045418,-0.887823,1.434213,3.496176,2.483557,4.714514,9.921907,3.026844,0.593587,3.741879,1
-0.329581,1.263856,2.288260,-0.509899,3.511457,0.469328,1.451941,1.663160,3.674852,-8.078405,-3.071269,2.976549,-0.161642,3.195742,0.038230,1
2.862064,0.951273,3.043964,-2.455065,2.040179,2.444139,4.191374,-1.660361,4.112049,-1.108003,-0.875015,1.992648,5.469021,3.488396,1.609279,1
-3.036755,1.440527,5.083218,7.055065,3.098959,2.650793,1.945282,0.436875,-6.655557,4.538826,-6.136977,1.857326,-3.064147,4.874193,3.374163,1
1.222276,4.412987,1.978289,-3.499955,-2.415650,-1.411595,-0.605633,-2.917188,0.723165,-2.377697,-3.864469,3.568239,-1.180171,-2.198881,-7.314573,1
4.384184,6.258373,-0.690481,-0.515189,0.122022,2.050273,-2.211593,3.873182,1.844234,0.777871,1.312129,-6.989659,10.266989,4.191597,5.165442,1
2.386046,2.847141,-1.454281,0.307261,1.084059,5.589500,1.678534,3.050554,4.654791,3.184023,1.248937,-2.382764,-0.531948,2.021506,1.986930,1
4.746262,-0.763858,-1.555277,-3.526151,3.480844,5.034830,3.089586,-3.467916,3.967388,-2.769796,-2.816152,1.794747,-0.965893,0.369387,0.085974,1
2.041519,5.383741,-2.282189,3.084570,-6.394306,-2.947461,9.358801,-2.081953,0.752089,1.852468,1.663697,-0.819680,1.225521,6.286776,-1.562739,1
2.643976,3.670025,2.800674,0.773111,-1.328474,0.018277,1.780076,-4.237206,-3.512139,2.208202,-0.839706,0.499620,3.984690,-1.110558,1.003907,1
2.260183,-1.613956,2.914631,-2.990873,6.805477,-0.754085,-3.960261,0.160162,2.732273,5.401236,2.039506,-2.122540,1.512553,-8.445286,1.267083,1
3.856236,-0.917709,1.739652,-0.177715,-1.732769,-0.561800,-0.060926,-6.628007,3.179016,9.103352,-0.727662,3.492432,-4.778535,0.216466,5.929087,1
0.557122,4.732882,-1.425711,3.065739,0.482501,-2.302588,1.316281,0.260799,-0.576061,0.602120,0.751832,5.920807,2.974504,6.836521,0.895982,1
4.778103,3.167473,1.339076,1.529041,-4.435659,-2.251686,0.683946,4.747889,0.749100,0.579885,0.128752,0.332528,3.809319,-0.039371,2.330755,1
1.091226,-2.265574,-1.418823,7.720844,1.284389,2.327764,-0.150756,4.818588,0.028829,-4.167382,3.073837,-1.759095,1.408566,-2.223524,1.753390,1
-0.822823,0.007090,4.536451,5.484545,8.023026,6.857443,4.125185,-0.043103,2.220833,8.373430,5.158676,6.359053,2.763969,-1.691044,-0.741034,1
-4.894536,0.294577,4.008007,5.032509,-2.958887,1.828687,6.356237,0.032668,1.229223,-1.158737,0.459435,1.366473,1.096146,1.017793,-0.049898,1
3.060326,1.079453,1.354966,-2.263501,0.761671,-2.553691,1.180467,-1.579539,-1.166862,0.235825,-3.052005,5.862602,1.294229,3.983896,-1.387472,1
1.169945,2.350633,3.048637,-0.046684,7.722027,3.498413,0.546900,4.366405,1.337664,1.006609,2.406313,-0.227278,3.963148,-0.282784,4.090334,1
1.530203,3.155483,2.725662,1.037506,2.058208,0.061612,0.254237,-3.695109,-0.503761,-5.038527,-2.374540,-1.675454,5.771786,-1.416173,3.578562,1
-1.333947,-0.992278,1.746397,8.360441,1.552794,2.044158,-1.520979,1.930979,-2.020963,-3.007574,4.359110,1.146956,3.404150,1.380738,3.837934,1
2.989220,-0.951160,3.651663,0.476626,-1.912215,1.450234,0.656460,2.939320,4.241013,4.228344,5.500113,2.454405,0.848152,-7.530630,2.775930,1
1.832077,0.572823,-0.058608,-0.058996,0.672410,-1.673270,2.895838,0.361799,2.309288,8.206444,5.654663,2.526152,3.186350,0.256144,-0.886269,1
1.543515,-1.873683,3.462641,2.713625,-1.338388,-0.001546,3.988289,-5.812347,-1.425182,1.593533,6.086269,2.021005,1.634945,1.618031,0.307739,1
-2.241528,-2.335601,0.786888,-3.770225,2.094916,1.012376,1.887174,3.856974,-2.037238,2.085373,-0.929825,0.712096,-1.423972,2.035806,0.096005,1
4.943369,4.596724,0.320505,2.304075,3.833979,-1.899619,-2.869083,-4.612825,4.554802,2.811050,5.642849,3.343157,-2.622950,-2.736840,1.594170,1
-0.264495,0.785762,-0.035616,-1.930768,0.895729,-1.393242,2.826824,2.663826,2.431648,-0.456395,-4.760142,0.417620,-2.494614,-0.286008,1.714951,1
-1.787164,0.300908,-2.624536,1.023006,-0.536750,1.862826,-0.365646,2.168541,4.407932,4.039480,-1.235845,3.363312,-0.968119,3.248213,0.548392,1
7.923058,2.774347,1.739112,4.324369,-1.346724,0.206264,-3.454645,2.114313,1.599408,-2.609263,4.340500,-0.235786,0.398537,-0.726537,-2.277867,1
0.353569,3.085419,-0.133103,-0.966833,0.775533,2.805696,1.494740,-1.740880,0.720157,6.104105,-1.714479,5.063595,4.864222,0.514201,0.662904,1
2.815660,3.210670,2.600214,-0.272767,0.991311,-0.014075,5.011703,-1.355472,2.037249,1.692559,2.597195,5.384356,0.159239,-0.127650,-0.490426,1
7.708801,2.581114,4.708374,-3.379479,-4.234185,-0.269525,-5.997140,0.864120,-3.206021,0.271930,5.427994,0.941602,1.984182,5.254436,0.458095,1
2.989153,0.657164,-3.190484,1.261975,-3.476521,-0.798904,-0.238717,0.594231,6.773727,2.367794,4.241215,0.220789,6.668974,-3.271723,1.066064,1
-2.274804,-2.068683,0.091154,-0.377196,7.239349,2.830038,0.377856,2.438742,-0.127664,1.265862,1.051338,5.947117,6.919178,-3.305640,-1.652189,1
-0.144232,-2.804500,1.587031,-4.774003,-1.500753,-1.174305,4.992306,0.818010,-12.146118,6.784599,-0.143492,1.361840,2.298320,-2.814049,4.819698,1
-2.581663,-0.012917,-4.217413,3.955050,-3.431888,6.142181,2.649603,-2.008071,-4.689967,1.892488,-2.880870,7.319458,1.038502,-3.711467,1.734314,1
-3.848746,-0.592905,1.734806,0.456438,-2.379029,-3.372624,3.249336,3.121799,0.017118,7.185429,-0.896537,4.231951,0.563519,-1.330560,-0.858548,1
4.634377,-2.044310,3.848261,5.016500,1.539051,3.625763,4.277925,0.826240,6.882696,2.022820,1.269538,-1.959041,-0.194078,-0.667130,-0.731723,1
4.513754,-0.949265,4.435253,2.901733,-1.288484,-3.071682,-1.185409,1.213854,1.325826,2.677393,-0.276835,0.198197,3.598900,4.772388,-1.554926,1
-3.938090,-2.046227,4.486929,-2.605289,4.534803,1.755944,7.017212,3.629074,2.855013,2.127454,-2.647316,5.076752,2.699953,0.556114,1.085895,1
0.368724,0.214275,-1.430345,11.378511,-1.462283,0.481794,-2.109820,-0.776539,4.461813,-4.366976,2.549715,-1.058942,-2.958176,2.144788,1.966555,1
2.850155,2.707527,-1.781035,-3.560805,-4.955554,2.026947,6.964712,2.456495,-2.259737,2.877790,0.556374,3.135891,-2.062783,3.726225,-0.213056,1
4.804344,4.634031,-4.795512,-4.913648,6.126314,-0.641544,6.090836,-1.850570,-3.864176,3.220873,2.127909,5.898239,0.757904,-4.995912,2.802700,1
2.543179,-3.777756,0.272795,1.740786,-0.558062,-2.243195,-0.442338,2.064046,-3.721269,2.440733,1.462816,-0.808161,1.507723,-5.093457,1.521050,1
4.632738,3.174109,0.746192,-0.596780,-4.070107,0.408766,7.262180,3.380480,2.335951,3.773882,3.403330,2.634731,2.582960,0.891754,3.514881,1
-3.117967,5.414001,3.314531,4.238419,-0.176307,2.282910,1.930522,4.709309,-0.816271,1.416090,0.617973,0.928292,6.602154,0.945212,5.387197,1
1.507832,6.534023,6.955660,4.047031,-0.975778,-1.214274,0.923112,4.172398,3.508463,0.255617,-4.528214,-0.005414,-0.280911,4.144852,0.131896,1
3.442923,6.085165,-0.331059,-2.542744,0.791682,-1.011406,3.709623,1.340995,-2.187065,1.407763,2.441536,-1.851527,-0.203503,0.126582,5.005140,1
-1.924807,0.077457,5.517456,-3.753039,4.644392,-0.291548,8.624401,-1.753082,-0.413344,-2.012728,-4.632034,-0.049570,-1.391758,5.103600,3.918297,1
-5.725430,2.201960,0.338005,9.801937,0.754454,8.982946,0.005102,4.659664,3.229916,4.071699,-1.145782,0.773916,-1.790982,-3.602846,-1.731033,1
0.698613,1.564496,-1.686451,5.274012,-1.388629,3.273191,2.245271,0.865278,-0.279499,4.227123,2.182926,0.481808,0.765482,-0.797473,-0.712080,1
1.582380,-4.214934,1.750842,2.712879,1.380849,3.199106,4.531979,-5.163302,2.480959,-4.970762,2.185686,4.741287,0.936070,1.008414,0.682933,1
5.272011,0.169570,-2.453581,6.569628,-4.253829,-7.366322,-0.114349,4.085629,-0.523597,-2.944715,0.166819,-1.692054,3.662613,2.650764,3.011551,1
3.743196,2.016913,3.562672,0.761280,2.991928,1.587888,3.691687,5.222584,0.933741,0.943679,-1.305295,2.189911,4.034708,3.032349,-1.508887,1
0.868276,8.362808,-1.303135,1.619778,4.849665,4.020313,-0.922215,4.855307,-0.693024,4.333103,-1.245781,3.660196,5.289160,-2.595136,1.525350,1
0.674380,-1.879240,0.419000,2.639097,3.551706,4.406124,3.884415,-0.897833,4.078243,1.110246,1.896362,2.233699,-1.764590,0.113397,6.638504,1
-0.412763,3.896708,-2.070611,3.631790,3.838596,6.410135,-0.565708,2.181233,3.875801,2.445350,-4.987270,-2.290180,2.651108,3.424078,6.988178,1
5.183907,-0.573513,-3.597541,2.304420,-0.965997,1.013117,-0.246881,2.623953,-2.430113,0.077061,-0.207165,-2.767723,1.542033,4.014521,5.665545,1
-0.810629,2.187591,-2.865691,6.524485,-3.114951,-1.144288,2.079805,-1.570897,0.356191,4.484449,6.886389,2.114532,3.467537,3.011930,0.938187,1
-1.875780,-0.289886,1.575768,3.048279,-0.011459,2.068163,1.807304,-1.285365,6.159540,2.065817,-0.883608,2.504175,5.681534,-1.477916,4.037069,1
-0.050126,0.017452,7.722954,2.304641,-1.488899,-5.183591,2.864168,-1.797055,-1.532066,4.132540,3.234039,2.497759,0.392707,7.081549,6.424244,1
1.710551,-3.306332,2.044608,3.759933,2.421160,4.147129,2.451666,0.757179,7.258652,2.393245,-1.738873,1.748189,2.074186,3.648191,2.829449,1
-0.403258,-3.503443,0.625762,-3.314118,6.115276,2.029330,1.516213,3.616774,-0.994551,-1.495260,-3.952059,-2.622498,2.699358,3.111656,2.246088,1
0.379959,1.571248,0.478349,-1.841765,-5.504172,3.700840,0.720616,9.236567,4.376038,3.686340,-2.161766,1.343363,-3.176921,0.549734,3.032804,1
3.101635,5.773035,0.855296,2.936714,3.612574,2.234366,-2.045396,-1.519418,-1.610555,-2.246490,-4.355145,1.821376,2.180994,-0.885763,4.405163,1
2.155002,4.355057,2.002954,-0.874298,3.515862,0.974598,-2.351684,0.597251,2.555220,2.304206,1.264986,1.867693,-1.140734,-0.265456,3.222652,1
1.716156,-4.400733,-3.483575,1.395243,3.562319,-1.836153,-2.955308,2.386399,0.698642,-0.132806,2.353945,1.500051,4.875141,4.074701,6.091856,1
-3.348879,0.710696,4.884258,4.110832,1.540142,-3.735637,3.243938,3.824535,-3.634372,1.210711,6.274975,-0.587360,-2.339365,0.540269,4.765253,1
3.622383,0.541649,0.749363,2.007735,5.045145,3.562584,-0.576303,-2.616952,2.920156,2.683107,-2.731380,-2.771372,1.744079,6.422340,0.394711,1
-1.800017,2.375756,0.220145,1.003085,2.318337,3.881334,3.430504,2.454842,-0.490473,1.059493,-0.811895,0.372727,3.629822,0.215680,-0.557054,1
-1.418493,-2.797087,-0.044617,2.379255,4.901730,-0.427799,2.374009,-0.025662,4.391853,2.168899,7.173809,0.386907,-2.091885,-0.236758,1.691634,1
3.895838,3.457689,4.170286,1.793539,3.931620,6.031075,-0.146712,4.739088,1.087642,0.723065,5.239948,1.891809,1.156709,0.210081,2.585886,1
-1.984995,1.622449,-1.638573,-2.682975,2.844715,-0.812658,-2.051050,2.894827,6.853313,0.847593,-1.497417,3.519079,4.124180,-0.243197,-0.257427,1
2.605631,2.635746,3.909943,-4.100981,2.028926,-3.514647,4.279587,0.450566,1.383210,3.389475,4.149210,-4.553311,1.971567,-2.681818,5.504431,1
6.088060,1.260075,0.474110,5.689314,4.301231,3.183781,-0.739897,2.534515,1.648226,0.341979,2.074959,3.671354,0.616824,6.727701,2.192718,1
2.352947,-0.462329,2.404119,1.259143,0.407193,-1.835717,-4.003294,3.557060,0.763216,3.513454,6.183519,2.496437,-2.308207,6.982010,0.749235,1
0.089767,-1.310141,3.255424,3.554626,-1.147129,2.670815,-0.315488,-2.116451,0.364902,2.868088,1.887924,4.947922,3.002811,-0.267215,0.946587,1
2.149601,3.288416,3.859745,-0.086493,-0.885868,-0.185504,-0.578235,-2.050545,0.804873,4.926598,-2.582923,1.103471,-2.224843,-5.937533,4.804312,1
-4.867484,-0.492610,-3.197195,-0.287334,-3.604318,2.202011,2.372196,-3.147669,-0.910124,-3.184062,-0.096652,4.093061,-3.733709,0.274152,0.126957,0
0.518215,-3.532017,1.868137,-0.435242,-1.628036,-4.430117,0.981871,-4.902079,-2.130030,0.528217,10.273067,-2.619047,-2.345951,-2.157043,-1.028044,0
-3.295360,1.912249,1.063202,3.352009,0.253318,-1.245571,-0.837166,0.383128,-3.008698,-8.051021,3.255827,-1.065174,-0.791042,-6.980446,-2.897305,0
0.696781,1.512594,-3.722698,-0.461283,-0.727309,-1.378098,1.683056,3.035576,1.153311,0.255197,1.931847,-4.403112,1.280519,1.388353,-0.033221,0
0.335239,-0.376182,1.046665,-3.525844,-3.355488,-2.017589,2.572887,-0.075744,0.019211,-3.264663,-1.513669,-0.145767,0.108161,-3.308757,-2.200982,0
0.258909,-1.928164,5.102032,-6.446268,-0.730867,-2.584571,0.117050,-0.435928,1.784906,-0.361861,-1.191875,1.078337,-4.482946,-0.337847,-0.581904,0
-1.133648,-1.661954,-7.856828,-1.040186,0.147853,0.058946,-1.218970,3.116533,-2.825262,5.704252,0.596087,-1.868546,1.800093,-1.751782,-1.502759,0
1.859728,-1.059755,-1.284191,0.454288,-3.345887,1.798300,0.155936,1.377214,1.655260,-6.729026,1.480854,-1.278285,0.542742,-1.509602,0.389928,0
-1.344983,-3.779330,2.431473,-0.312549,0.772747,-6.070284,-0.730706,-3.501912,-6.128760,-3.423111,-1.634350,-3.075344,-9.617132,3.437069,0.285891,0
-1.494484,-3.013957,-3.382710,5.457012,-1.295074,2.318487,-1.105166,0.553284,2.604965,0.596598,-0.937683,-1.134428,3.328070,2.950441,-4.829571,0
-2.205576,-1.488182,3.599981,2.020926,4.936813,3.510128,5.063906,2.173588,1.131128,0.955740,-0.794295,0.634624,-9.442078,-4.580285,-5.229228,0
-2.839501,-4.198962,4.925440,1.525928,-0.882457,1.808643,1.592010,2.253572,-5.654943,-3.589589,-3.828880,-1.704391,2.026031,-0.002552,-0.019297,0
-4.840743,1.557772,3.661169,-0.133696,-3.930109,-1.693189,2.422304,-0.066393,2.919327,6.204041,-1.061435,1.326714,-0.312247,2.261526,-7.444303,0
2.813498,-0.067187,-5.171371,-2.559593,-0.578868,1.784431,0.457234,-4.645643,1.115717,0.884567,-2.218557,1.547201,-1.275290,-3.573985,0.316153,0
-5.614603,3.390295,-2.302103,6.426035,-1.667411,-2.342589,-0.574704,3.134687,-3.038639,1.247786,0.775190,2.808626,0.162926,1.889774,-2.870602,0
-0.936099,-1.168158,-2.979415,-2.378357,-0.449087,-0.987055,-5.176132,0.273977,-4.730989,1.052296,-3.170979,4.907312,-6.983006,-5.449763,-3.986416,0
0.707489,5.681021,-4.520454,1.594982,-7.368381,-1.540087,-2.474341,-6.030651,0.376391,-1.439349,-1.104887,0.751307,2.364151,2.863371,-4.477875,0
0.884979,-2.722698,1.259924,-2.202186,-4.627476,3.965752,0.061445,2.456268,2.980427,-3.491402,0.044802,-7.866220,-4.816360,4.721882,-2.544048,0
1.096977,-1.895834,-7.205211,2.636198,-0.026482,-1.073751,-6.993132,1.601242,-4.031326,-1.347630,-3.409732,-2.684809,-0.564486,0.565887,-2.542460,0
5.139511,-2.080294,-5.301409,1.025755,-1.228664,-1.282686,-0.932707,1.645533,-2.242435,-1.104611,-1.373773,6.401703,-0.581904,-5.476956,1.233711,0
-2.880639,-2.289975,1.358362,4.365095,-4.587073,-6.043139,-3.818901,-0.883185,-3.316461,1.863693,-0.581352,-2.795632,-4.803746,-1.114181,-2.916439,0
0.126148,-5.369659,2.117041,-5.227763,0.677023,-0.084087,-0.128841,-0.596458,-0.924331,-0.027949,-4.453704,2.019894,-0.439914,-1.016535,-4.440989,0
2.798590,2.007874,-1.112333,-1.586582,-1.141303,4.884495,-3.510286,0.972824,-6.804941,3.498934,-3.358189,4.525991,-3.228916,-0.442786,1.121498,0
-2.165281,-2.101516,-4.124122,-2.360397,-0.121517,-4.744847,1.750717,-0.596817,-4.150124,-0.361447,-3.445799,-3.039908,-0.384810,-0.615947,7.404003,0
-7.213596,-2.241932,-1.109491,1.468620,0.136685,0.111236,-3.123593,-1.023649,-2.296477,-0.633504,0.972704,0.686361,1.460054,0.075745,-3.419378,0
2.197042,1.832781,-4.220042,-4.343899,-1.996000,0.309303,-4.702394,-2.243782,0.498825,-2.053583,-3.031511,-1.120087,-5.467011,-2.851087,-5.003129,0
-0.915825,2.476801,0.598835,1.381119,-0.014549,-0.619214,-4.082705,-1.138540,1.643330,-1.961535,-1.542372,-5.434186,1.308619,-1.424140,-0.143942,0
1.383837,-4.350195,-2.044526,0.949381,0.260889,-4.294394,-0.791759,-8.078958,1.969296,-1.041577,-1.765645,-2.200487,1.530758,-0.706252,1.018309,0
0.365291,4.165838,-4.572581,1.019703,0.006740,-1.480294,-4.539111,0.451322,0.103556,-0.365912,-6.618410,-2.806036,3.649353,-0.071583,1.940983,0
-0.672954,-2.968050,-5.826783,1.595747,-3.507495,0.751936,1.172474,1.831085,-4.620070,-3.254496,-5.166769,3.460321,-1.715219,-5.861356,-0.706675,0
2.232271,-4.242580,-1.368513,-0.733847,-2.070745,-1.621173,-0.235960,-5.220768,-1.190501,3.762634,-1.181567,-2.411244,-1.359978,-2.994545,0.987585,0
-1.606893,-1.851562,0.046842,-3.764176,2.489176,4.057049,-2.824121,-3.822574,-0.025100,-2.449728,1.674417,-4.555354,-0.322432,-2.125259,-0.831000,0
-1.900767,-0.280676,-2.587451,-6.728620,-0.567519,0.932924,0.850960,0.703794,5.649105,-2.459650,-4.043456,-1.957403,-0.265574,2.628588,5.343296,0
-10.325451,-2.615112,1.852976,-2.948368,-1.563621,-2.436527,-4.775402,-4.446898,0.565081,-1.510778,-3.481268,-6.947700,0.341197,1.688869,-3.774342,0
-1.310431,-4.988705,4.726526,1.620914,-3.019990,-1.718979,1.268671,-2.794560,-3.203794,-3.265933,-0.728490,-1.663570,2.040398,-5.434974,2.626104,0
-2.071346,-2.975093,2.673820,-1.923020,0.556852,-1.331699,-0.131201,-1.398896,-1.212453,-2.696321,-1.472909,0.923820,3.966675,-3.538103,-2.410158,0
0.680140,-2.756971,2.931334,0.981384,-0.388723,-4.678009,-5.272267,-6.777945,0.284451,4.054543,1.691933,-4.617235,2.311836,0.065311,-2.607816,0
2.776199,-0.349177,8.672094,2.197512,-1.658512,5.004196,-8.859947,-5.809467,-1.720003,1.570513,-3.537375,1.445612,-0.294929,3.778072,0.937487,0
-0.789915,2.040613,-7.352331,-1.048518,-2.215558,-5.645759,-2.811975,-1.780610,0.056063,2.010674,-4.213457,-2.808287,-2.276943,-2.855263,-1.257600,0
-2.378490,-3.081192,-3.179573,1.754230,-0.383534,-0.098935,-4.018598,-1.707325,-6.333260,0.411296,2.879795,5.186113,-0.565375,-8.902128,0.654070,0
-1.504984,-0.720304,-4.153764,1.408106,2.990126,-4.851166,-3.577598,-2.685449,0.962040,-2.239176,0.619457,2.701515,1.103182,-0.616096,-6.940400,0
-3.283918,-1.910470,-6.622330,0.557562,-4.777980,3.236801,1.570087,-0.846484,0.867231,-0.104712,-3.468742,-2.140136,-3.502847,-0.839657,1.135443,0
-0.479767,-6.934648,-1.338376,0.718975,-2.360517,-5.474781,-5.314294,-3.924703,-5.632710,2.005754,0.604303,-5.065182,5.412722,-0.730823,3.133204,0
-1.115221,-1.474668,-0.597530,0.547056,-1.848510,-2.792622,-1.590750,1.183477,0.577734,1.188879,-6.186833,0.574970,-1.700349,-0.776073,-5.644630,0
-5.499858,0.006466,-1.138704,-1.724326,-1.774814,-3.228632,0.062249,-0.018497,-1.101299,-2.245163,-4.018605,-0.566146,-1.313263,-1.706594,2.912523,0
-3.142346,1.631104,1.557976,1.540861,1.423792,1.334135,5.063078,1.713041,1.438536,0.852571,0.904869,-2.086864,-6.534948,0.056716,1.192533,0
2.358763,-4.355153,-5.837924,1.916723,4.707790,1.655451,0.842480,1.212002,0.023702,-0.745104,3.908865,0.829597,-3.397779,0.361450,-0.356902,0
1.679724,0.599146,0.362023,-1.438644,-2.988037,-0.093175,-3.045419,-3.342547,-3.643319,0.551706,-0.621824,-0.231985,0.571758,-1.829181,-2.305302,0
0.712185,1.841787,1.630730,-5.407617,1.365671,-2.239330,-1.022683,-2.902575,0.019083,-3.223352,0.635223,-1.475263,-2.946327,-4.627298,-1.475685,0
-3.549210,-1.072350,-2.667288,3.214348,-1.473063,1.441660,-7.169638,-1.545468,-0.592669,1.472092,0.338891,-0.617068,-3.977905,-2.013662,0.485062,0
-2.844957,-1.158899,1.403616,-6.914904,-3.089741,-2.232279,-4.089706,1.417847,1.003250,5.386501,-2.089046,-5.246022,1.382235,1.239588,-0.414019,0
-0.699676,-0.777006,-4.096058,-2.338691,-2.401801,-1.178741,-2.400661,4.544039,3.525097,2.720657,0.114418,-4.818822,-1.240135,-2.190689,-4.607780,0
-2.356277,2.367750,0.279820,0.179240,-4.904459,-4.235063,-2.222350,-3.575130,1.396734,0.955734,1.185778,-1.342334,0.649626,-0.710884,-1.014519,0
-1.403773,-3.950524,1.920645,-2.605312,-2.198468,-1.813462,2.495403,3.826031,-3.107179,8.471853,5.034740,-3.967760,0.951597,-4.421195,0.641567,0
-3.291608,-0.431739,-7.747668,3.653349,1.219267,-0.663943,-3.551954,-1.796062,-4.464296,-5.017608,1.110687,-4.005207,-4.953284,-1.533838,-0.313678,0
-2.812766,4.804846,1.208841,-0.797055,-5.372886,0.905849,1.141949,-3.033415,0.595306,-7.383422,0.394911,-1.804104,-2.571952,-6.209969,-4.689293,0
1.220388,4.938137,5.848038,-0.939617,-3.096526,-7.002930,-2.850849,3.745705,2.147245,-3.840520,-4.844437,-1.048519,-2.496987,-4.955424,0.531044,0
-0.554779,-0.686768,1.385635,2.274693,-1.970787,-3.660314,1.004784,-5.150209,-3.469929,0.001970,2.371727,-6.274254,-1.914335,-3.852864,-1.196657,0
-0.876772,-3.411983,2.349100,3.130695,-5.436607,-1.218456,-2.938702,-3.762154,-0.487192,0.294974,-2.222669,1.093750,3.131763,-3.559892,-2.880093,0
0.588314,-1.475032,-3.731876,1.427361,-1.703008,-5.545260,-0.476382,2.103529,0.409283,-2.082817,-1.947113,1.042280,-1.202133,-3.014701,1.735651,0
-1.270275,0.596066,-0.207616,-6.084047,-1.689665,3.430574,-1.189332,2.712824,2.866220,0.475358,-1.253084,4.052082,-1.238033,-0.785609,-0.234575,0
1.483847,-3.094862,3.460720,-0.206596,2.694874,-2.927937,1.681480,4.314636,-2.701217,0.331562,5.613411,0.445532,0.746880,3.418463,-0.221834,0
-1.230053,-4.534335,-5.695508,-1.081719,-2.248297,6.534863,4.493856,0.019302,-3.362728,3.796686,-2.102074,-0.312327,-0.258127,-3.319901,2.913750,0
-3.174712,1.891195,-1.413551,2.416695,-5.934635,0.571447,7.409252,-2.125328,-1.239310,0.372592,-2.725940,0.708723,-0.162307,-2.715169,3.629213,0
-1.341434,0.409837,7.720495,0.361369,-2.542523,5.602642,-3.403731,-2.612018,0.821363,-7.371401,-0.426207,3.211237,-5.181563,4.582945,-0.202611,0
-8.018805,1.416920,-2.156626,-6.128839,-0.813752,-0.946114,2.035006,-6.534637,-3.069772,-3.002384,-3.224498,-3.425110,2.782766,2.433693,-5.518087,0
-6.136207,-2.417016,-1.917339,-0.321500,-2.820018,-3.795539,-2.597487,0.639072,4.662977,3.306280,1.059320,-0.606833,0.652090,1.508902,1.628643,0
-0.348040,3.222216,-3.325571,-7.045036,-0.300301,5.456673,-0.385620,-3.177737,-1.804548,-0.028473,-0.396523,-3.258838,-2.649563,-0.024138,-6.623580,0
-2.245202,-3.458858,-1.105209,-2.720921,3.709337,-1.057513,1.314974,-1.146976,-1.045460,2.487827,-4.574825,-2.840711,2.878988,-3.854429,-0.184085,0
-7.573906,-10.493363,-1.805470,-1.773820,1.974995,-0.621172,-3.855975,-5.621197,3.765829,2.751051,4.213385,-4.153605,-0.829435,-3.007596,3.502464,0
-1.008369,-4.410613,-0.274996,0.580730,-8.977663,0.607195,-2.893374,-1.406123,0.166641,4.486521,-0.760983,2.916393,-1.722633,-0.428684,0.254644,0
0.756018,-2.210485,-1.009720,0.917038,0.911438,-2.119596,0.725384,1.520399,-7.593406,-3.328198,-4.312579,-2.384578,-0.185410,-1.921448,-0.849440,0
0.393709,-4.942958,0.025425,-4.879619,-2.120264,0.922920,0.386191,-1.047010,-1.119964,0.030610,-2.486413,-2.387134,3.749020,0.726099,-0.514744,0
-3.419553,-0.640556,0.600246,-5.511496,-0.742787,-0.597815,-0.369917,0.419948,1.495041,2.728125,3.286310,-0.031514,-0.593622,-7.220684,-5.753943,0
-0.227168,2.698244,0.370251,-0.255937,-0.548668,-3.374319,1.153893,-3.706695,-5.372869,-3.889936,-3.458572,3.064817,1.968307,-5.894668,1.704227,0
-0.215824,0.661255,0.384026,0.803221,2.501629,4.396727,1.879225,-2.709725,-0.044121,-1.861221,-0.881137,-3.034955,0.742514,-5.206762,-4.326874,0
0.121091,-1.864820,3.902954,-4.503703,-0.603038,1.610685,1.861115,-2.723885,2.316118,1.961817,-1.404455,-2.297680,-1.167103,-0.712532,4.258093,0
0.396935,-4.508407,5.028591,-4.554323,-1.743668,-1.026426,4.604242,-0.772331,1.040428,-0.422741,-4.414643,3.420918,-4.159044,-2.717789,-6.473975,0
5.066818,-1.250973,0.605421,-1.597738,0.422401,-1.774049,0.348406,-4.084220,-0.862215,-1.741990,2.352938,-0.553131,1.895870,-3.979358,-2.729272,0
3.619854,-0.693453,2.418955,-5.058491,-1.866494,-4.681600,0.334558,2.059553,0.116473,-2.800127,-0.034645,0.068392,-1.750594,-1.080483,-3.244030,0
-0.525628,-3.577665,1.845499,0.243375,0.668007,-0.716836,0.673815,0.694710,-2.741982,2.633556,-3.583694,-4.807930,-2.700339,-0.893783,-2.972061,0
-1.682616,-0.413359,1.255568,-2.072411,-3.837744,-3.342214,-0.864251,1.945061,-2.571674,1.417601,4.192421,-1.075299,-4.399676,-0.880446,-2.174071,0
-2.752835,-1.267354,3.607420,1.005222,0.749146,0.538746,-3.007938,-1.529109,2.570206,-3.996703,-5.199887,-2.886367,2.434002,-3.241493,0.041997,0
-0.813480,-0.336334,-4.526743,3.049866,-2.732063,-2.160239,2.258230,3.885691,-0.188959,-3.478823,-0.409619,1.000660,-0.117967,-0.805367,-5.210160,0
-3.749786,-2.847466,-2.470894,1.214928,1.284554,-0.404675,-2.710009,-2.432714,-0.888272,-0.997548,-2.576739,-1.065641,-6.285698,-4.059721,-2.282623,0
-3.022049,-3.716605,0.931055,-1.434032,2.248495,1.784834,-1.777672,-1.298925,0.933062,-1.273576,3.036137,-4.028853,1.020588,-2.268479,5.595306,0
-2.179657,-0.826457,0.462914,-5.830455,-1.738031,-3.465888,-6.483583,-3.024414,2.380592,1.865932,-1.461208,-3.511938,-5.150490,0.889654,-2.611951,0
3.825888,-0.671011,-2.215897,0.160926,-3.613755,-4.927704,-0.032730,-3.511847,1.311382,6.515366,-0.698437,-2.196234,-0.911419,-2.007047,0.416003,0
2.495575,4.521902,0.902674,4.739323,-3.210176,1.330254,-2.182552,-3.762749,1.640228,-3.953210,-5.919553,1.351059,-2.855743,0.682177,-2.601629,0
3.029133,3.038200,-2.367038,-1.030299,-2.248036,0.708105,-0.481767,-7.510489,1.066286,2.847372,-2.405883,-0.496523,-2.806172,-0.558656,2.485592,0
-6.007679,5.058393,4.630682,1.958138,-3.324337,-4.413080,-3.423438,-0.951687,1.759596,1.849955,1.061171,-5.114142,0.560038,-0.480847,-5.135729,0
-4.087297,-0.604102,-1.301351,-0.307616,-1.878598,-0.025010,3.309338,2.764915,-0.362706,2.945412,-2.280276,-2.286764,-4.427356,-4.706745,-2.904531,0
-2.746570,-0.555764,-1.085032,-1.827499,-3.247702,0.467370,-1.155724,2.294205,-4.622826,-2.917294,0.995348,-6.760205,-2.120149,-5.208532,-2.200863,0
-2.542036,3.096708,-2.850690,-4.008500,-3.081317,2.822342,-0.677665,1.551516,-0.237257,0.674219,-0.024223,-4.681264,0.436870,0.294947,-4.818762,0
-2.875346,1.672661,1.716700,5.691433,-2.757085,-2.622756,-2.274158,1.162756,0.448258,-3.400401,0.454419,-4.544909,4.745518,-4.871901,0.683186,0
-3.213335,-0.476041,-2.662739,-5.446146,1.541113,-0.629713,-1.529029,-0.065108,2.042036,1.261093,0.752153,2.707903,-2.689790,-0.541623,3.314621,0
0.024633,-4.158359,0.207796,0.854343,5.330450,2.902966,1.689041,0.467112,3.095320,-2.018545,-3.853179,-0.135644,-3.090953,1.086735,-1.175755,0
-0.226365,1.044262,-0.272540,-1.408334,0.516304,-0.590140,0.434484,-0.130243,-7.066113,-3.663780,2.142912,2.138233,-1.476629,1.530037,-4.025735,0
2.463814,-1.075205,-1.837543,0.353434,0.323220,1.589029,-1.765450,2.459820,-0.515471,-0.596197,-2.860891,1.540699,0.471443,-1.027691,-3.719524,0
-6.650572,-2.392836,-0.080117,1.623903,0.075861,1.481562,0.229206,1.942930,1.688715,-1.774890,2.207113,-3.383219,-1.212095,-2.382865,-0.055380,0
-5.357957,-1.396435,1.416880,-1.664913,-2.598750,-0.696655,-2.274467,-3.416965,-2.788892,1.974642,-1.145220,-4.412801,-0.306143,0.566906,-1.066139,0
-3.209574,-0.486300,4.498545,-0.353642,0.772318,-0.358407,-2.072165,-2.373296,-1.644929,-5.864012,3.291252,0.459807,0.033706,-2.133315,0.218279,0
-0.788911,0.881020,-2.168307,-2.422342,-3.364206,-2.151568,-4.432339,-1.337456,2.950697,-1.882692,-1.728568,4.187222,-3.548205,-4.944069,5.453541,0
-3.427146,-1.592204,-1.563447,-2.216690,0.040098,-4.421679,-3.381943,-5.769071,0.398846,-0.462299,-3.753719,-1.404569,-3.999631,-1.536928,3.820860,0
1.774422,-6.759455,-6.789176,-4.362576,-0.731725,-0.572524,0.385304,0.999079,-0.010864,1.758841,-2.422636,1.077471,-1.730914,-2.468909,-2.629844,0
0.150138,-4.943804,1.192656,-2.804714,-0.946851,-3.776006,6.392147,2.653688,-2.069777,0.554165,-2.752079,0.383248,0.487055,-0.641912,1.431215,0
-1.825744,3.991390,-4.292273,1.744003,2.790016,-3.756594,-7.231058,3.227139,0.896822,1.451038,7.381809,2.036377,-1.219895,-2.914860,-5.143964,0
-3.478694,1.488337,-2.811871,2.558472,0.420177,-1.705585,2.168007,5.499630,-5.128478,-0.932830,-0.069603,-6.923048,-0.713058,-5.553347,-0.437821,0
0.991911,0.986029,-0.254034,-1.153631,0.155057,6.253773,-0.946586,-7.970885,-0.577690,-5.772416,-6.106372,-2.766094,2.570955,3.755020,-4.566305,0
2.372044,-1.117447,2.606628,-2.210094,-0.825517,2.695591,-2.165442,0.011682,-0.904145,-2.394886,3.505241,0.194771,-2.033566,-3.492641,1.427225,0
-2.711493,-4.072591,-1.692816,-2.205741,1.560377,-3.989475,-3.849076,2.130093,-0.758969,-3.928705,-2.044259,-3.199134,1.090446,-1.336859,-1.775234,0
-3.313734,-0.040410,0.029204,0.800346,-1.646002,-1.300542,-2.216108,-0.168789,-1.629121,-0.308428,-1.712685,-3.745920,-2.807229,0.583792,0.342675,0
1.167978,-4.169827,0.113310,1.722713,-6.438320,2.667166,-5.998657,-0.072671,-1.277837,1.975386,-0.676098,1.096746,2.773008,-3.622533,-0.450257,0
-5.792038,0.127911,0.253699,-1.515514,0.537258,1.678671,-2.984820,-4.675027,-0.837236,-1.091346,-3.291810,-1.712259,-4.279714,1.339336,-5.390283,0
1.059076,-3.759087,3.246267,-6.736251,4.541046,-5.129972,2.119116,0.003040,-0.889532,2.915483,1.493793,-4.803709,2.592793,0.751017,2.340870,0
-4.373032,1.037212,-3.954881,3.197823,-0.227775,-3.097863,1.974241,-1.671906,0.413729,3.838465,-2.780315,-1.998205,-2.757290,3.488899,-2.723759,0
5.121941,6.402769,-2.109657,-2.938602,-6.932993,1.844702,-3.193935,-0.623589,-4.645961,2.056288,-0.989385,-0.171475,-4.986925,-1.096802,-1.079512,0
-1.720762,-5.946269,0.735794,-4.745743,-1.485473,-0.526527,-1.583966,-0.275512,1.674828,-2.742640,-1.647223,-1.635270,-3.147626,-1.698078,0.373502,0
2.422754,-4.843885,1.797548,0.737442,2.642109,-4.627176,1.962820,-0.804183,-4.828243,-5.490067,-1.695313,-0.113271,-4.788249,-5.915398,4.118269,0
-2.211069,-6.374808,2.738338,-3.299569,0.278951,1.358215,-1.371722,3.993265,-6.225104,-4.114639,-6.433913,1.675425,-0.190479,-4.253945,3.683607,0
-5.008003,2.072229,-0.479703,-3.626698,-2.800577,0.744137,-0.496017,-1.859884,0.415330,1.577383,-0.928109,-6.075573,-1.121699,-1.415997,-3.349441,0
-1.686863,-1.579086,-1.886680,0.906052,-0.287695,1.280321,-0.117935,-2.239324,-4.665483,1.361317,0.750004,-2.087952,-4.382950,1.635712,1.829525,0
-0.712706,-1.259356,2.911383,-2.307449,2.002111,4.792524,-9.313482,-0.384027,-0.741186,3.739012,-3.176535,-9.311428,1.315918,-7.370034,-6.015462,0
2.891869,3.930990,-6.963258,1.610512,-0.498959,1.991402,-1.573533,-3.890506,-1.280874,-3.697176,3.044188,-2.389396,1.432323,0.997869,-1.353494,0
-4.242455,4.539366,0.320836,-1.544882,-4.747624,-1.504272,5.004377,-0.767546,-3.283851,-4.769874,-4.081219,-2.860875,0.240290,-0.490538,-1.447602,0
