1.531549,3.395859,1
1.189764,1.917181,1
2.586800,2.451878,1
2.016531,0.715466,1
1.132493,0.457793,1
2.052292,1.804170,1
-1.279473,1.717772,1
1.412396,1.589642,1
0.447050,0.390940,1
3.067719,1.294708,1
-0.146086,2.122653,1
0.203375,0.187999,1
0.372082,2.276167,1
2.721550,1.675522,1
0.250704,2.095984,1
0.016379,0.829572,1
1.645444,0.065444,1
0.780962,0.927343,1
1.950510,-0.566439,1
2.133707,2.854276,1
1.254534,1.376035,1
0.259068,1.405313,1
2.108890,0.534246,1
1.269328,2.002034,1
1.766146,0.437790,1
0.936486,3.786487,1
1.275964,2.133735,1
-0.214242,0.657969,1
2.241552,1.600253,1
0.710379,2.199517,1
2.061793,-0.946510,1
0.557561,-0.215899,1
1.087143,1.401193,1
1.900550,1.749599,1
2.065988,-0.057945,1
2.394254,0.531953,1
0.264446,2.404603,1
0.866757,0.436022,1
0.983123,2.077287,1
1.890529,0.972083,1
2.477770,1.869039,1
-1.677200,-0.180158,1
2.785886,-1.552068,1
-0.733476,1.991253,1
3.134343,0.520127,1
0.263482,1.393394,1
-1.677746,-0.704100,1
2.094248,0.319477,1
0.430231,0.977437,1
0.646505,0.797288,1
1.332378,1.221452,1
2.399875,1.710189,1
0.835116,3.349739,1
1.406427,1.743208,1
3.023948,2.021549,1
1.926967,1.907087,1
2.620971,1.905032,1
0.731870,1.683467,1
1.231448,1.526001,1
0.911965,1.484993,1
-1.336168,-0.837306,1
-0.128489,0.745243,1
0.829526,0.058824,1
-0.208443,1.859541,1
0.485993,1.276675,1
1.265001,2.112294,1
1.018358,1.321922,1
0.431892,1.394978,1
2.053169,1.736830,1
2.091053,0.521309,1
0.554205,3.677039,1
0.769590,1.631630,1
0.421307,0.323231,1
-0.332685,-0.264701,1
-0.688550,1.876915,1
2.147619,0.921462,1
1.118659,-0.660816,1
1.987144,1.462881,1
1.369617,1.463528,1
1.561571,2.807636,1
0.593781,2.951906,1
1.090597,2.820992,1
-0.301558,0.601356,1
2.340355,-1.972485,1
0.276998,0.627638,1
1.714052,-0.673546,1
1.404646,1.421091,1
0.888997,1.539392,1
0.994917,2.452183,1
1.947540,-0.643066,1
-0.616956,-0.510738,1
0.464385,0.656805,1
0.301342,0.516716,1
1.815081,1.005508,1
-0.478876,0.349655,1
-0.250264,2.372792,1
1.976379,1.842140,1
2.147832,-0.190104,1
0.341471,0.066859,1
0.342832,1.075663,1
0.285281,1.322327,1
0.998902,1.644630,1
0.570187,1.364364,1
-0.421781,1.933948,1
2.412118,1.235026,1
-0.131015,-0.531412,1
1.706733,0.576327,1
2.216398,2.293490,1
-0.059787,0.088599,1
0.557882,0.847142,1
1.124774,-0.248609,1
0.498453,1.092912,1
0.925013,1.242131,1
1.596799,1.160587,1
1.216673,0.490806,1
1.269862,0.300163,1
1.028244,0.507008,1
-0.471858,2.280256,1
2.127174,0.658699,1
1.634882,-1.682875,1
0.236724,2.753174,1
0.943175,0.326777,1
2.486428,-0.588056,1
0.351357,1.149626,1
-0.805132,-0.602581,1
3.995151,2.499258,1
-0.792148,0.750036,1
3.199638,1.663047,1
1.065017,1.095725,1
0.828565,1.091063,1
0.087030,1.595150,1
0.023609,3.195308,1
0.939852,1.745827,1
0.319171,1.674887,1
-0.610682,0.774546,1
1.633651,0.307803,1
-0.522935,1.436918,1
-0.847505,1.806310,1
0.540440,0.413383,1
0.239738,0.668986,1
0.039119,1.642882,1
0.805037,-0.008082,1
-0.910108,0.775537,1
2.026202,2.171033,1
1.834107,1.017499,1
-0.518609,1.048664,1
-0.674171,-0.056057,1
0.601581,-0.403222,1
0.950580,0.712562,1
1.508529,1.041767,1
-0.694942,-1.308269,0
1.321359,-3.000391,0
-1.558893,-1.512707,0
1.142635,-0.618028,0
0.773230,-1.102900,0
-1.574586,-2.400872,0
1.046151,-2.784777,0
-1.165977,-1.583035,0
-0.420787,-1.519662,0
-0.185431,-1.862916,0
-1.787084,-1.958538,0
-0.853042,-2.269081,0
-1.592102,-0.542645,0
-2.046694,-1.343592,0
-2.483639,-0.178041,0
-1.864606,-1.182659,0
-2.408257,-1.723801,0
-0.613647,-0.517357,0
-0.623048,-0.188767,0
-0.413100,-1.015228,0
-2.756900,-2.106797,0
-1.396513,-0.716061,0
-1.636081,-1.150003,0
-0.386980,-0.912858,0
-0.109384,-1.914176,0
-0.360196,-2.511395,0
1.203830,-2.793131,0
0.204710,-1.135358,0
-0.723466,-0.911502,0
-1.017787,-0.626645,0
0.380138,0.498569,0
-2.810487,-1.741957,0
0.648356,-1.201150,0
0.038696,-1.229878,0
-0.413671,-0.533250,0
-0.654078,-0.742683,0
-1.077613,-1.734409,0
-1.570726,-0.618471,0
-1.219067,-1.901867,0
-1.138900,-0.652463,0
-0.217644,-0.716831,0
-1.073447,-0.231309,0
-2.224635,0.224432,0
0.404314,-2.438206,0
-0.565692,-0.076586,0
0.670369,-2.261572,0
-1.462190,-2.591886,0
-1.495978,0.065598,0
-0.148816,1.141762,0
0.951297,-1.737867,0
-2.479823,-1.592263,0
-1.322022,-1.391980,0
-2.076472,-0.564548,0
-1.015153,-1.660909,0
-1.015892,-0.608990,0
-0.427269,-0.595060,0
-0.947343,-0.835324,0
-0.991900,-1.455794,0
0.302691,0.414151,0
0.362525,-1.589212,0
-2.210100,-0.279996,0
-2.315178,-0.891216,0
-2.071957,-1.347715,0
0.575690,-1.035398,0
-2.428408,-2.101985,0
-1.425077,1.115987,0
-2.858589,0.630724,0
-0.131159,-2.309576,0
-1.527926,-3.299793,0
-0.484332,2.220159,0
-2.679251,-0.544071,0
-0.173859,-0.314777,0
-0.182802,-1.619810,0
0.493097,-2.626302,0
-2.283911,-2.359888,0
-0.167068,-0.099346,0
-1.877020,-1.531224,0
-1.918798,-1.454948,0
-1.571303,0.262506,0
-2.177473,-0.773011,0
-1.587013,-0.616744,0
0.095720,-1.255245,0
-2.697813,0.025632,0
-0.651993,-2.547141,0
-0.474690,-0.221151,0
-0.957169,-0.559100,0
-0.305741,-0.285360,0
0.777283,-1.769047,0
-0.670452,-1.476216,0
-0.231342,-1.105175,0
-1.613993,-3.753027,0
-1.381440,-0.546644,0
-0.945327,-1.936747,0
-2.226578,-1.037478,0
-1.559256,-1.803296,0
-1.114208,-2.384078,0
-3.023039,-1.701365,0
0.808291,-2.228522,0
-1.155070,-1.567677,0
-1.254175,1.602774,0
-3.051977,-0.632793,0
-1.513959,-1.368598,0
-1.525512,-0.890519,0
0.198805,-0.103355,0
1.562268,0.374776,0
-2.049266,-1.767501,0
-1.255720,0.478931,0
-1.061697,-2.512299,0
-3.277205,0.262458,0
0.262993,-1.582889,0
-1.218940,-1.332414,0
1.542161,-1.519824,0
-1.588984,-0.769245,0
-0.516255,-1.850936,0
-1.801140,-0.310337,0
-0.102888,-2.562310,0
-1.420281,-1.267176,0
-2.142357,-0.777254,0
0.404239,-0.081641,0
-0.617481,-0.388124,0
-1.449134,-0.860593,0
-0.694465,-1.368071,0
-0.627119,-1.488983,0
-1.059362,-1.540772,0
-3.644905,-0.548475,0
-1.928630,-2.721439,0
-1.250818,0.526809,0
0.025863,-0.173305,0
-1.032533,-2.502064,0
-2.571891,-0.948809,0
0.145349,-1.160409,0
0.310590,0.109010,0
-2.115531,-0.306412,0
-2.811349,-0.685575,0
0.398781,-0.797255,0
-2.076940,-1.904606,0
-0.343230,-0.204090,0
-1.713068,-2.040379,0
-1.213023,-0.629336,0
-0.102999,-1.422448,0
-1.379469,1.008975,0
-0.401764,-3.048246,0
-0.937284,-1.689318,0
-0.654932,-1.453882,0
-1.820443,-0.668532,0
-0.504058,-0.790946,0
-0.328477,-2.064255,0
-0.626501,-1.275255,0
-1.199255,-1.197152,0
0.347471,-1.515141,0
