0.676112,1.593752,1
0.537022,1.928912,1
0.633207,0.306056,1
-0.855346,-0.570744,1
1.189877,-0.348159,1
0.815595,4.169008,1
0.091641,2.280703,1
-0.975308,1.079332,1
-1.925694,0.997699,1
-0.204416,2.795300,1
2.413521,1.332971,1
2.721942,2.994104,1
2.211195,2.722723,1
0.463913,3.054426,1
0.586966,0.947867,1
1.288305,1.398104,1
-0.243888,-0.462314,1
-1.033052,-0.086716,1
0.552061,1.586398,1
1.838727,1.015931,1
1.116413,0.695004,1
0.992765,-0.616128,1
1.790809,0.221887,1
1.807517,1.353933,1
1.874645,1.287700,1
2.118769,0.711578,1
2.776024,-0.765738,1
2.122950,0.779974,1
1.251844,2.170084,1
0.951730,0.380551,1
0.240382,-0.661147,1
1.993350,2.577137,1
0.621407,2.229718,1
1.082349,0.348071,1
1.420604,2.082031,1
0.968369,1.454549,1
0.239835,0.255061,1
0.037995,0.982288,1
0.438531,0.789828,1
0.443629,0.938864,1
0.851254,2.645355,1
-0.068573,-1.467016,1
-0.990362,1.327426,1
0.954800,3.013012,1
-0.098159,0.933124,1
1.251318,0.521636,1
0.968925,2.269358,1
0.853141,0.708555,1
2.839419,-0.008344,1
1.156285,1.307970,1
-0.102270,0.632481,1
3.193454,2.220512,1
1.656339,1.160731,1
3.796422,1.047854,1
0.563218,1.154697,1
-0.259600,1.256008,1
1.103985,0.459803,1
2.048148,0.935859,1
2.839828,1.782115,1
0.671581,1.277575,1
-0.392627,2.132217,1
2.765854,0.386677,1
1.522344,0.488455,1
0.619465,1.721838,1
-0.910448,1.196146,1
1.111046,0.439808,1
3.133120,1.197825,1
2.696929,-0.234162,1
-0.734865,0.057396,1
-0.125366,0.669733,1
1.524471,1.680502,1
-0.253415,0.773714,1
1.211700,1.942997,1
0.916136,0.707285,1
0.012379,1.022700,1
2.470440,2.087480,1
0.259273,-0.413399,1
3.072609,-0.655715,1
2.131247,-1.523289,1
1.834233,0.633596,1
1.184534,-0.068779,1
-0.333308,-0.880101,1
3.602644,1.829656,1
1.048044,0.719092,1
0.636178,0.924319,1
2.305698,2.130424,1
0.684623,2.053856,1
0.329126,0.059081,1
1.506084,-0.292167,1
2.825120,1.246191,1
2.986095,-1.712184,1
1.233935,1.783100,1
0.558622,1.322890,1
1.221874,0.924438,1
0.505077,-0.669147,1
0.561357,2.449070,1
0.318929,1.581541,1
2.101310,-0.562238,1
-0.845674,-0.088819,1
3.184535,0.662823,1
0.983297,1.991110,1
1.214866,2.554276,1
1.733953,2.745895,1
-0.040622,2.090958,1
1.137122,1.592454,1
-0.321716,-1.545319,1
-0.033120,2.365752,1
-0.352661,0.850132,1
0.435467,0.091045,1
3.155388,1.550663,1
-0.133225,0.209871,1
1.547233,0.474689,1
-0.602579,1.306666,1
1.516554,1.845172,1
1.793530,0.073774,1
1.819114,1.819334,1
0.342356,3.798149,1
-0.874459,0.018583,1
1.459918,-0.056697,1
2.220755,-0.081014,1
0.807719,1.444888,1
-0.816454,1.010312,1
1.464152,2.514478,1
0.582539,2.220793,1
3.266050,2.183985,1
3.484257,1.896585,1
2.220270,0.765096,1
0.202885,1.939323,1
1.249668,0.977213,1
1.343526,-0.200541,1
-0.323210,-2.087034,1
3.793445,-0.246908,1
2.342445,0.951155,1
1.400867,1.255317,1
0.557319,0.513304,1
1.061954,0.383455,1
3.709002,2.812370,1
-1.309036,0.830179,1
0.867554,2.005425,1
2.986754,1.347185,1
3.128716,2.194462,1
2.422568,-0.121388,1
2.447882,0.781556,1
-0.448918,3.134945,1
2.438489,0.955983,1
2.000443,0.865012,1
-0.381481,0.661132,1
1.054593,1.509241,1
0.069884,0.900840,1
-0.399905,-0.378356,1
-1.306150,-0.742977,0
-1.511973,-2.142444,0
-0.198420,-1.913714,0
-2.574070,-1.381605,0
-2.418135,-2.460537,0
-1.362991,-1.543652,0
-0.750629,-1.976903,0
-0.686884,-0.420337,0
0.150260,-1.036466,0
-0.568821,-1.599127,0
-2.078532,-0.131749,0
-2.512203,-1.458929,0
-1.019009,-1.138701,0
-0.027925,-1.609471,0
-0.428176,1.902446,0
-1.111180,-1.204986,0
-2.115549,-1.683268,0
0.545661,-1.251621,0
-1.731441,-1.928914,0
0.419377,-0.517151,0
-0.350443,-1.902069,0
-1.457081,-2.016063,0
-1.421852,-1.868921,0
-1.305600,-1.059654,0
-1.406675,0.211011,0
-0.352750,-0.998526,0
-1.089016,-1.620054,0
-2.910822,0.350163,0
-1.527643,-0.989759,0
0.099422,1.105358,0
-0.693875,-1.784456,0
-2.934355,-0.328304,0
0.204105,-0.586871,0
-0.442007,-0.287226,0
-1.438067,1.737894,0
-1.398228,0.782678,0
-0.951365,-1.485652,0
-3.237899,-1.723385,0
-1.008232,-1.803046,0
-0.135298,1.537694,0
0.342828,-0.197470,0
-0.034801,-3.066055,0
-2.260644,-0.788547,0
-0.593523,0.007885,0
-0.735023,-1.492010,0
-2.764312,0.559045,0
-0.313226,-0.165961,0
-1.607119,-1.044940,0
-1.307863,-1.446702,0
-1.009708,-1.132088,0
1.361719,-1.914437,0
0.253026,-0.205098,0
-0.504654,-1.238698,0
-1.356590,-2.421757,0
0.158013,-0.909645,0
-1.088400,-0.355900,0
-1.766715,-0.189129,0
-0.030548,-1.670622,0
-1.596693,0.350605,0
-0.538278,-0.471587,0
-2.505036,-3.569752,0
-2.143558,-0.814539,0
0.150616,-0.676476,0
-1.217039,-1.813545,0
-0.098255,-0.797000,0
-2.126180,0.255300,0
-2.320292,-1.973610,0
-1.543485,-0.421966,0
-2.425009,-0.630202,0
-1.415903,-0.501161,0
-1.590683,-0.638457,0
0.007123,3.839265,0
-1.279575,0.229481,0
-1.745055,-0.162367,0
-0.727416,0.654850,0
-2.321234,-1.288742,0
-0.291110,-1.616184,0
-2.025803,-1.381320,0
-2.834304,-0.838743,0
1.122010,-0.543847,0
-1.070241,-0.296908,0
-2.343189,-2.458223,0
-3.076258,-1.090741,0
0.348602,-1.495406,0
-0.225589,-0.714218,0
-1.263243,-1.166862,0
-2.265516,-2.106836,0
-0.614805,-1.866375,0
-2.067297,0.090271,0
-0.214845,-1.775315,0
-1.711244,-1.203412,0
-1.084900,-0.308619,0
-2.642527,-1.023093,0
-0.782453,0.468167,0
-0.066220,-1.403790,0
0.178082,-0.742858,0
-1.722196,-0.138461,0
-1.651392,0.056568,0
-0.662906,0.477071,0
-0.976677,-1.106407,0
-2.741386,1.210944,0
-1.306157,-1.047637,0
-1.741021,-0.789277,0
0.745189,-0.234815,0
-1.362875,0.233204,0
-1.756497,-1.487394,0
-1.175082,-2.307088,0
0.134578,-1.511831,0
-0.420411,-0.516629,0
-2.419339,-1.057837,0
0.162797,-0.576917,0
0.212018,-1.294730,0
-2.980686,1.170987,0
-1.966498,-1.546084,0
-2.618251,-0.515158,0
-1.044161,-0.475394,0
-1.147373,-2.224813,0
-2.353098,-0.724757,0
1.140836,-2.473561,0
-1.269892,-0.133762,0
-0.928771,-1.983735,0
-1.529030,-1.178929,0
-0.738176,-0.234703,0
-1.798961,0.092691,0
-2.683077,-0.428111,0
-1.040009,-2.681320,0
-2.579998,-0.238031,0
-1.130298,-0.685941,0
-2.613095,-1.640409,0
-1.252433,-0.391342,0
-1.326712,-1.649473,0
-0.640531,-1.317572,0
-3.467343,-1.326048,0
-1.898870,-0.860976,0
-0.348228,-1.227954,0
-1.679868,0.372659,0
-1.480737,-1.924922,0
-2.355906,0.087494,0
0.642400,0.120500,0
0.651248,-0.821804,0
-1.859948,-1.009346,0
-2.144720,0.082395,0
-0.424053,0.688909,0
-0.323802,-0.565178,0
-2.143405,-2.532428,0
-0.553072,-0.550206,0
-0.679550,-1.614176,0
1.093017,-1.896934,0
-1.324948,-0.502522,0
-0.116727,0.154835,0
