0.193122,-0.480682,1
0.513703,1.241999,1
1.338306,-1.210009,1
1.723130,-0.331004,1
1.627615,-0.301933,1
0.674266,1.135128,1
0.756812,0.104714,1
-0.095280,-0.619091,1
1.751529,-0.226985,1
1.205730,-1.332901,1
1.133385,-1.018452,1
2.486706,-0.082937,1
2.176753,0.503216,1
0.281551,-0.885796,1
1.032765,-0.071357,1
1.562294,-0.923105,1
1.431926,0.840917,1
0.898265,0.586083,1
0.905997,-0.937410,1
2.005856,1.539492,1
2.244470,0.819726,1
2.654279,1.088027,1
2.160763,-0.513821,1
0.719754,0.824214,1
0.757152,0.651899,1
0.840086,-0.344396,1
0.722208,0.815046,1
0.493092,-0.391991,1
1.448967,1.110960,1
1.607588,0.101561,1
1.567393,-1.013426,1
0.823627,0.037496,1
0.313171,-0.064682,1
1.417806,0.718216,1
1.826670,-0.157490,1
1.799594,0.579042,1
1.259377,-0.911078,1
-0.682495,1.567714,1
-0.561128,0.189850,1
2.279036,-0.140570,1
1.341181,0.081792,1
0.436767,0.053083,1
1.540228,0.245551,1
0.864900,-0.689569,1
-0.379150,-0.147012,1
0.819672,0.801464,1
1.550811,-0.636525,1
2.137575,-0.119363,1
2.115434,-1.115913,1
0.736507,0.097670,1
0.425439,0.085357,1
1.131161,-0.214962,1
1.834650,-0.478200,1
-0.657393,-0.002597,1
0.029024,0.719343,1
0.976947,-1.282648,1
-0.249776,0.080813,1
1.097777,1.449461,1
0.264374,0.556817,1
1.486776,0.655773,1
0.732802,0.228576,1
0.614987,0.099850,1
0.643217,0.495627,1
1.125549,-0.447313,1
-0.202269,-0.093558,1
1.424811,0.072249,1
2.144392,-0.283352,1
1.263062,-0.220137,1
1.905248,-0.332129,1
0.522874,-0.758770,1
1.279385,-1.508427,1
0.705600,0.549716,1
2.292685,0.240324,1
0.676867,0.685196,1
1.138124,0.404082,1
1.343125,-1.116826,1
0.456362,-0.081443,1
0.051333,-0.084926,1
0.011961,0.443075,1
-0.737538,0.208432,1
0.555379,-0.284752,1
2.245401,-1.049433,1
1.421432,-1.159973,1
0.702986,0.273532,1
1.697677,0.457871,1
0.215341,0.419680,1
0.669756,-0.244010,1
0.195649,0.033047,1
1.560236,-0.158529,1
1.004710,-0.872620,1
0.956677,0.711751,1
-0.623497,-1.483800,1
2.193147,0.739199,1
1.118305,-0.014177,1
-0.085881,-0.379473,1
1.421340,-0.553821,1
0.573332,0.610217,1
0.066619,0.752918,1
1.818515,0.458228,1
1.302931,0.158891,1
-0.244189,0.161171,1
1.493958,0.091748,1
2.240261,-0.089205,1
0.102462,1.228171,1
1.337005,-0.319094,1
0.154971,-0.049016,1
1.556618,0.190946,1
1.055005,-0.922586,1
0.840450,0.224800,1
0.582283,1.347795,1
1.600251,0.449134,1
2.361789,-0.087211,1
2.325322,0.062436,1
1.120485,1.367912,1
1.310560,0.845253,1
-0.959789,-0.518226,1
1.437305,1.046594,1
1.071607,-0.700200,1
2.203809,1.037925,1
0.553517,-0.502760,1
0.360340,-0.911348,1
0.769682,-0.026774,1
1.906682,-0.326117,1
1.110539,-1.066967,1
1.305717,-0.369809,1
0.638888,0.472711,1
1.999926,0.450046,1
0.912528,0.941005,1
1.257995,-1.417682,1
0.699898,1.125175,1
1.497473,-0.729975,1
0.757105,-0.390376,1
0.779773,0.270350,1
-0.201607,0.355474,1
1.157846,-0.177750,1
1.540090,-0.400752,1
1.282994,0.540910,1
1.423409,0.927377,1
2.185316,0.369826,1
0.313062,-1.006898,1
0.906310,-0.888294,1
1.039171,0.957922,1
2.266717,-1.406572,1
1.212687,-1.315002,1
-0.155939,-0.920850,1
1.734979,0.392702,1
-0.118477,0.563931,1
0.964473,-0.076730,1
1.953849,-1.026749,1
1.780578,-0.561865,1
0.879951,-1.378344,1
1.907598,0.407698,1
1.247444,0.276142,1
0.907609,-0.123281,1
-0.649637,-0.354321,1
1.974663,0.867441,1
1.000637,0.335585,1
1.087456,0.421126,1
1.198177,0.441429,1
0.904833,1.042950,1
1.865083,0.302419,1
-0.084371,0.036520,1
0.599168,0.944350,1
2.304056,1.119895,1
0.005576,-0.329500,1
1.995026,-0.717523,1
0.885571,0.233940,1
1.256021,0.004326,1
0.443744,-0.749821,1
0.616221,-0.953438,1
0.656110,0.238900,1
1.928484,0.103824,1
1.684517,-1.103604,1
2.029490,-0.819282,1
1.231106,-0.681601,1
1.370297,-0.037574,1
1.701844,0.403886,1
-0.007226,0.376076,1
0.816013,0.031768,1
1.258356,-0.864011,1
2.691625,1.165218,1
1.453979,0.294776,1
0.391295,-0.517820,1
1.478360,1.261083,1
0.560256,0.693375,1
0.746796,0.161044,1
0.878075,0.367661,1
1.515995,0.302197,1
0.394257,-0.370690,1
2.193676,0.298098,1
1.420522,-0.192329,1
0.174145,0.273716,1
2.033994,-0.288281,1
1.105777,-0.054531,1
1.478014,0.456676,1
0.700438,-1.017704,1
0.766096,-0.867981,1
-0.280004,-1.041122,1
0.538932,0.206003,1
1.780684,0.024357,1
1.945117,-0.497163,1
1.997180,-0.400924,1
-0.429154,0.015552,1
1.079942,1.565300,1
0.789711,0.570466,1
0.522490,0.917094,1
0.646235,-0.087370,1
1.608855,0.687644,1
1.904223,-0.437588,1
2.136765,0.641601,1
1.240089,-0.086779,1
0.167311,-0.693953,1
1.190005,0.640086,1
0.624496,0.205783,1
-0.210943,0.016403,1
0.296897,0.291043,1
1.670106,-0.388080,1
1.354677,0.520026,1
-0.298143,-1.777625,1
0.968652,-0.477695,1
1.171949,0.809917,1
0.864230,0.443176,1
0.384442,0.526895,1
0.712159,0.053123,1
1.203782,-0.269849,1
-1.239995,-1.702075,1
0.234059,1.168415,1
1.148965,1.109618,1
1.153184,-0.009910,1
1.737808,0.399944,1
1.120058,0.970401,1
1.370308,0.319564,1
1.402235,-0.126144,1
2.673243,-1.510661,1
0.632562,-1.065401,1
0.479175,-0.134188,1
2.147081,-0.860894,1
1.223934,-1.569454,1
0.529146,0.524988,1
0.737552,-1.361154,1
0.480636,0.561763,1
0.801553,-0.411991,1
1.941557,-1.255100,1
1.180879,0.358392,1
0.505486,-0.059278,1
1.025063,-0.367252,1
0.804134,1.054246,1
1.099400,-0.301203,1
-0.124789,0.763960,1
2.307996,-0.490075,1
1.239510,-0.703486,1
-0.077685,0.618213,1
-0.611632,0.327260,1
0.779140,-1.142805,1
1.437228,0.278234,1
1.312824,0.040950,1
0.211629,-0.165067,1
1.315164,-1.686301,1
-0.687457,0.309617,1
0.658266,-1.157740,1
2.284316,1.559992,1
2.790484,-0.017074,1
-0.241267,0.621883,1
2.041152,-0.965639,1
1.723246,0.659372,1
1.524158,-0.148314,1
0.709683,1.000575,1
1.837362,0.242299,1
1.151205,-0.670622,1
1.597425,-0.004427,1
1.998833,0.459251,1
0.020329,-2.036014,1
0.642579,-0.501297,1
0.894192,0.540546,1
0.077476,-0.086703,1
1.086334,0.406803,1
0.923184,0.858921,1
1.437230,0.476156,1
1.119411,1.424701,1
1.694477,-0.481376,1
-0.028270,-0.392273,1
0.887807,-1.165448,1
0.687788,-0.609640,1
1.523070,-1.489329,1
-0.097667,1.117864,1
1.775706,1.274221,1
1.004102,0.370351,1
0.369512,0.417186,1
1.829978,-1.067126,1
1.626505,-0.490389,1
0.203438,-0.247632,1
1.912348,0.499872,1
0.937238,0.179826,1
1.139450,1.235572,1
2.714684,-0.812665,1
-0.045940,-0.392275,1
1.147249,1.170556,1
0.867939,-0.384380,1
0.568425,-0.134135,1
2.333291,-0.717094,1
1.190791,-0.712634,1
0.063444,0.215919,1
0.540100,-0.447980,1
-0.753277,-0.025843,1
0.956187,-0.525895,1
1.367985,0.365506,1
1.307132,-0.202116,1
1.491887,0.545467,1
0.325677,0.581882,1
0.663006,-0.468779,1
1.849285,-0.897475,1
1.037829,0.792947,1
1.313786,-0.480758,1
1.589066,-0.006572,1
0.495601,-0.342254,1
1.595769,0.142643,1
1.504224,-0.597395,1
1.261486,1.410471,1
1.529027,0.772486,1
0.897244,-0.243589,1
1.189517,0.266799,1
1.712358,-1.132572,1
0.103294,-0.770036,1
1.211751,0.543282,1
0.546387,-0.217400,1
0.794070,0.687057,1
0.794392,0.662889,1
1.181251,0.935396,1
0.355079,0.502299,1
0.839377,-0.019497,1
0.817342,-0.257693,1
0.912466,0.254103,1
1.501246,0.652867,1
2.654951,-0.974395,1
1.687511,-0.709979,1
2.155445,0.704031,1
1.494540,0.195430,1
-0.143451,0.768037,1
0.710784,-0.110491,1
1.106010,-1.218620,1
0.832795,-0.424807,1
1.006817,0.649065,1
1.550461,1.857837,1
2.391129,0.616508,1
-1.100089,-0.546728,1
0.423064,-0.900987,1
0.578387,-0.187903,1
0.836090,-0.836619,1
1.902328,0.076953,1
0.757843,1.755355,1
0.518703,-0.640198,1
0.867686,-0.585757,1
0.691149,1.041530,1
1.494265,-1.918698,1
1.508368,0.490422,1
0.596815,0.493136,1
1.385375,0.173416,1
1.117562,-0.922521,1
1.904811,0.686734,1
0.612095,-0.164072,1
0.843392,-0.325942,1
1.297174,0.833992,1
0.111864,-0.535888,1
0.529201,-0.403782,1
0.376788,0.375934,1
0.762411,-0.848493,1
1.654488,-0.259586,1
1.349570,-1.185441,1
1.606750,-0.921459,1
2.127423,-1.101056,1
1.727040,1.029573,1
1.815361,-0.685031,1
-0.823278,0.065319,1
0.740006,1.368419,1
0.882476,0.773068,1
1.003385,1.079820,1
0.441687,0.529433,1
0.417681,0.291168,1
0.383028,0.197552,1
1.182232,-0.532213,1
1.035631,1.025324,1
0.083477,0.658830,1
1.881296,-0.983509,1
0.986129,0.022583,1
1.142612,-0.091531,1
1.465543,-0.327428,1
1.647123,-0.522065,1
1.513350,-0.623855,1
0.674847,-0.297991,1
1.080954,-0.719927,1
1.583009,-0.290081,1
-0.161786,0.341886,1
2.036312,0.879897,1
0.447129,-0.529448,1
2.204954,0.719314,1
1.636665,1.133955,1
1.558086,0.499963,1
0.955818,0.272622,1
1.731886,-0.107495,1
0.464720,0.374146,1
2.369161,-0.723545,1
1.388124,-0.283954,1
0.582374,0.272113,1
1.214129,-0.182240,1
2.146441,-0.196184,1
1.560482,0.568058,1
-0.534091,0.102474,1
1.098101,0.748075,1
1.919229,0.257917,1
1.194125,0.336598,1
0.344141,1.372004,1
1.488901,0.544710,1
1.035946,-1.490325,1
0.821155,-0.053404,1
1.396890,0.354238,1
-0.313912,0.045747,1
1.440587,-0.584336,1
0.808716,-0.177237,1
1.086387,-0.780052,1
1.079631,-0.203176,1
-0.232198,0.151169,1
0.921311,0.343627,1
0.998801,0.189178,1
1.441657,-0.336869,1
-0.190363,-0.155828,1
1.958003,-0.252078,1
-0.039121,1.215933,1
1.452064,0.257983,1
0.598577,-0.177604,1
-0.600839,-1.158765,1
-0.849120,0.295348,1
0.404657,-0.089237,1
2.674826,-0.105002,1
1.301964,-0.950107,1
1.780634,-0.916265,1
2.106864,-0.773530,1
-0.000374,-0.054258,1
0.145478,0.981941,1
1.859672,-0.000698,1
1.932569,-0.512811,1
1.130631,0.551941,1
0.105441,-0.147494,1
0.582584,0.844181,1
1.732276,0.566101,1
0.668539,-0.366252,1
0.994891,0.216679,1
0.324747,0.258812,1
1.332494,-0.344825,1
-0.279862,-0.463251,1
1.381714,0.855101,1
0.314093,0.272258,1
0.642297,-0.959895,1
1.575854,0.270221,1
1.111895,1.377425,1
1.171177,-0.707112,1
0.989267,-0.391100,1
0.847311,-0.965729,1
1.216673,-1.307927,1
1.669558,-1.767475,1
-0.112760,0.002446,1
1.020673,0.477917,1
0.564811,1.665915,1
1.279129,-0.432827,1
0.889858,-0.193323,1
0.410780,0.716969,1
0.302667,-1.207095,1
0.632831,0.276657,1
-0.114460,0.108696,1
-0.303853,0.164454,1
1.449982,-0.346394,1
1.266149,-0.343217,1
1.090903,0.948223,1
1.150236,0.097255,1
1.894360,-0.057550,1
0.577563,-0.018144,1
1.392715,1.318373,1
1.230400,0.339832,1
0.139029,-0.309121,1
1.682419,-0.432373,1
2.645656,0.387908,1
1.452434,-0.293022,1
0.290496,-0.662319,1
1.737441,0.082500,1
1.658794,-0.175985,1
1.330075,-0.346382,1
1.076445,0.293535,1
0.223037,0.915528,1
1.929217,-0.088817,1
0.975503,1.181634,1
1.804156,0.736638,1
1.150575,-1.280202,1
0.299491,0.068039,1
0.297567,0.179873,1
0.120193,-1.124513,1
1.150651,0.261165,1
0.352996,-0.154894,1
0.984489,-1.158768,1
1.047172,1.385922,1
1.791188,-0.919846,1
0.365633,-0.016223,1
-1.262682,0.424007,0
-1.419726,1.299387,0
-0.563216,-0.023115,0
-0.882164,0.221387,0
-0.993992,-0.043297,0
-0.497010,0.045136,0
-1.448722,-1.333939,0
-0.367499,-0.241481,0
-1.082024,-0.153317,0
-1.014058,-0.144367,0
-0.117598,0.171316,0
-0.496339,-0.080134,0
-0.832668,1.339437,0
-0.125275,2.425587,0
-1.290521,-0.237865,0
-1.354488,-0.302830,0
-1.851278,1.031588,0
-1.739504,-0.361259,0
-0.486397,-0.109164,0
-0.949100,0.535407,0
-1.679239,1.607660,0
-1.323792,-0.803700,0
0.372652,0.408165,0
-1.228338,0.170169,0
-1.536032,0.216293,0
-2.278224,-1.160945,0
-1.216491,0.570048,0
-1.319389,-0.163031,0
-0.543038,-0.048409,0
-0.480612,-0.600626,0
-1.498728,-0.073574,0
0.140226,-0.527806,0
-0.339246,0.948495,0
-1.378271,-0.778779,0
-2.091361,-0.976628,0
-1.659124,0.476418,0
-0.971473,-0.232224,0
-2.083251,-0.725232,0
-1.054018,1.819645,0
-1.191498,-0.052714,0
-0.538476,1.135440,0
-0.853018,0.650054,0
-1.057858,0.688042,0
0.751203,0.511870,0
-0.859977,-0.764517,0
-0.543920,0.727612,0
-0.599090,0.453225,0
-0.660502,1.565509,0
0.336105,-0.323390,0
-1.034233,0.149376,0
-1.498491,1.421855,0
-1.071578,-0.463883,0
-1.325341,0.652109,0
-1.893783,0.056350,0
-1.120301,-0.079894,0
-0.774315,1.125391,0
0.110058,0.039680,0
-0.858533,-0.122682,0
-0.353062,-1.132892,0
-1.748102,1.610003,0
-1.852303,1.421638,0
-1.839218,1.563885,0
-1.257776,0.392905,0
-1.012924,1.152328,0
-1.043768,0.069115,0
-1.145766,-0.168046,0
0.005223,0.157214,0
-0.902044,0.467103,0
-1.120865,0.840594,0
-1.727349,0.612821,0
0.240941,0.521420,0
-0.909269,-1.277298,0
-0.981032,0.559998,0
-0.186024,0.834996,0
-0.592537,-0.071372,0
-1.298500,0.177055,0
-1.197147,0.594904,0
-0.612548,0.553637,0
-1.745080,-0.808161,0
-1.016398,-0.070032,0
-1.197323,-0.823723,0
-0.129093,0.961231,0
-0.963505,0.541994,0
-1.099201,-1.029767,0
-1.398306,0.619092,0
0.212999,0.605924,0
-1.272514,-0.963626,0
-0.965442,0.392214,0
-0.917679,0.041987,0
-2.473275,0.184742,0
-2.214878,-0.818699,0
-0.679585,-0.905871,0
-0.760736,0.519260,0
-2.109819,0.558783,0
-1.445008,-1.623777,0
-1.163682,-0.388559,0
-1.267571,1.293867,0
-0.517408,0.386395,0
-1.925897,1.653426,0
-0.750123,-0.490618,0
-1.197741,0.325538,0
-2.081799,-0.264160,0
-2.221672,1.915662,0
-0.674148,1.925421,0
-1.203972,-1.429346,0
-2.833234,-0.349168,0
-1.084893,1.294871,0
-1.067634,0.765789,0
-1.271703,0.854438,0
-1.050782,-0.269073,0
-1.297146,-0.633987,0
-0.795929,-0.552292,0
-0.842188,0.103139,0
-2.300720,1.197274,0
-0.799625,0.009157,0
-1.181194,1.264725,0
-0.352932,0.352925,0
-0.687907,-0.689840,0
-0.459968,0.462632,0
-0.983344,-0.017745,0
0.663419,0.887176,0
-2.147820,0.670496,0
-0.569059,0.311469,0
-0.884916,0.212618,0
-1.409850,0.510577,0
-0.218484,-1.134831,0
-2.102877,-1.226811,0
-2.043185,1.092349,0
-0.644288,0.169993,0
-2.583085,-0.445934,0
-2.542763,0.102693,0
-0.866688,0.752155,0
-1.492599,0.573679,0
-0.995151,0.632809,0
-2.188941,0.601730,0
-0.873031,0.230579,0
-1.454459,0.196170,0
-0.331801,-0.232111,0
-0.515268,-1.470672,0
-1.709225,0.564821,0
-0.378727,0.284686,0
0.506107,-1.741558,0
-0.285720,-0.069981,0
1.262438,-0.352553,0
-1.398032,-0.806403,0
-0.779542,0.765005,0
-1.106682,-0.866125,0
-1.282819,0.898839,0
-1.076298,0.868895,0
0.284640,0.435965,0
-0.744272,-0.655431,0
-1.717651,-0.776480,0
-2.041832,-0.528212,0
-0.128751,0.488934,0
-1.362830,0.087362,0
-2.996958,0.098378,0
-0.790661,0.733058,0
-0.902846,-2.665049,0
-0.560302,0.669093,0
-1.972669,0.055468,0
-0.694991,0.808314,0
-1.381701,-0.591143,0
-0.513021,-0.241574,0
0.077758,-1.255376,0
-1.890363,1.432642,0
-0.963832,0.984108,0
-1.208144,0.557493,0
0.194697,0.419515,0
-1.725394,0.536927,0
-0.897449,0.767111,0
-1.867903,-0.769624,0
-1.376375,0.784861,0
-0.746477,1.566582,0
-0.595064,-0.366728,0
-1.335333,-1.226851,0
-1.271838,0.287984,0
-0.838309,0.570401,0
-0.446868,0.359921,0
-3.226073,-0.122818,0
0.085011,0.216001,0
-1.597347,-0.544270,0
-1.343858,-0.563005,0
-1.483179,0.128119,0
-2.241064,-0.207853,0
-1.420556,0.034642,0
-1.862528,-0.105933,0
-0.477464,0.830651,0
-0.719675,0.180751,0
0.257442,-1.636917,0
-1.878568,-0.841912,0
-0.389377,0.177536,0
-0.231011,-0.646003,0
-0.168642,-0.275819,0
0.449948,0.851203,0
-0.276855,1.653841,0
-0.089031,-0.361578,0
-1.029407,0.925312,0
-0.886612,1.198070,0
-0.734994,-1.515074,0
-0.664790,0.377081,0
0.354399,-0.342485,0
-1.142507,-0.227643,0
-0.685138,0.426131,0
-2.467503,1.015741,0
-1.417070,0.054624,0
-0.488672,-1.146604,0
-1.461167,-1.077670,0
-1.153857,0.911561,0
-0.375360,-0.564650,0
-1.399462,-1.040266,0
-1.397873,1.604375,0
-0.136841,-1.244861,0
-0.274284,0.503045,0
-0.681181,0.039938,0
-1.161419,-0.906986,0
-0.659335,-0.675903,0
-1.122739,-1.342359,0
-0.542018,1.012128,0
-1.083678,1.069604,0
-0.679868,0.382979,0
-2.066882,-1.223167,0
-0.470881,0.907399,0
-0.100061,-0.235790,0
-1.253519,0.279640,0
-0.740940,-1.044901,0
0.330565,1.326524,0
-0.674541,-0.562685,0
-1.786071,-0.866493,0
-0.272088,0.622278,0
-0.298444,0.361149,0
-1.620683,1.136805,0
0.084974,0.000567,0
-0.888695,0.151288,0
-2.059107,0.040481,0
-1.439543,-0.612208,0
-0.124853,0.399343,0
0.047636,-0.904839,0
-0.169915,0.914425,0
-1.556893,-0.700005,0
-1.145526,-0.193866,0
-2.028311,-0.342764,0
-0.978463,-0.306771,0
-0.552261,-0.130486,0
-0.655360,0.775963,0
-0.906207,-1.971740,0
-0.742918,1.035621,0
-1.407484,0.001689,0
-2.371603,0.024465,0
-1.026620,0.215855,0
-1.596801,-1.598081,0
-0.998630,-0.234800,0
-0.325223,-1.053181,0
-0.722851,0.861395,0
-1.325816,0.546308,0
-0.490361,-0.631916,0
-0.151476,0.114948,0
0.742949,0.161470,0
-0.216774,-0.838052,0
-0.790663,-0.259165,0
-2.078439,-0.521711,0
-0.668288,1.440967,0
-0.220281,0.305580,0
-0.448061,-0.166716,0
-1.834082,-0.070498,0
-0.814975,0.492709,0
-1.284747,-1.228259,0
-0.971196,-0.109281,0
0.714545,-0.457568,0
-0.974316,1.455656,0
-0.249801,-0.481154,0
-1.754622,0.775149,0
0.733791,-0.039287,0
-0.872276,1.684355,0
-1.056267,-0.792505,0
-0.791812,0.434788,0
-1.317756,-0.407376,0
-1.299501,-0.357723,0
-0.861399,-0.518574,0
-0.729962,-1.475264,0
-1.387214,0.608706,0
-1.186547,-0.149323,0
-0.704411,-0.115771,0
-2.079394,-0.876823,0
-0.993220,-0.951802,0
-1.189218,-1.012209,0
0.467767,0.778728,0
-1.521622,-0.755796,0
-0.774263,-0.738276,0
-0.641643,0.950633,0
0.195889,-1.223872,0
-1.671163,-0.684183,0
-0.833126,0.714819,0
0.443111,1.146848,0
-1.923096,-0.146642,0
-1.088213,-0.728066,0
-0.062087,0.967218,0
1.019113,0.462298,0
-0.727427,-0.542215,0
-1.077862,-1.122377,0
-1.561757,-0.640247,0
-0.717679,-0.146562,0
-1.672244,-0.797289,0
-0.535497,-0.430570,0
-0.600646,1.846153,0
-0.820785,0.531840,0
0.239638,0.937892,0
-0.348599,-1.581823,0
-1.583158,-0.323165,0
-0.657162,-1.055938,0
-1.118933,0.128281,0
-0.749286,0.038030,0
-0.648295,0.260339,0
-2.118593,-0.093670,0
-1.248451,-0.811799,0
-1.198423,-1.216321,0
-0.408301,0.701818,0
-1.655050,-0.860275,0
-0.291654,-1.001619,0
0.548636,-0.300553,0
-1.948428,0.257316,0
-1.511237,-0.246445,0
-1.914231,0.957489,0
-0.316036,0.034659,0
-1.784870,0.081180,0
-0.188148,-1.091193,0
-0.985110,-0.071859,0
-1.308277,-1.275722,0
-1.787108,0.754941,0
-1.053553,0.574237,0
0.224215,-0.238156,0
-0.785322,0.844118,0
-0.284443,-0.301847,0
-0.901176,-0.425720,0
-0.795092,0.009836,0
-0.620878,0.058870,0
-1.603276,1.550969,0
-0.658231,-0.337646,0
-1.462424,0.004633,0
-2.754328,-0.322158,0
-1.129375,1.691512,0
-0.784148,0.336874,0
-2.394084,-0.714521,0
-0.981896,0.153859,0
-0.939495,0.023866,0
-0.692651,0.121905,0
-1.128016,-1.160556,0
-2.830112,0.726564,0
-0.353185,-1.426922,0
-0.243435,0.722744,0
-1.249919,-0.569257,0
-0.704601,0.729442,0
-1.594857,0.374997,0
-2.255100,-0.194867,0
-1.235344,0.665678,0
-1.372284,-0.657306,0
-1.244483,0.327297,0
-0.060379,-0.244638,0
-1.469632,0.268502,0
-1.243781,0.188097,0
-0.837427,0.809693,0
-1.625809,1.042925,0
-1.186737,-0.270506,0
-1.027648,0.232227,0
-2.075643,-0.100931,0
-0.425440,0.274762,0
-0.668208,0.133103,0
-0.741496,-0.197057,0
-0.796536,0.084325,0
-1.316325,-0.920964,0
-0.526166,0.423738,0
-0.105531,-0.677024,0
-1.022694,1.131951,0
0.030777,0.076457,0
-1.830594,0.936424,0
-0.800479,0.649779,0
-1.276462,0.734570,0
-2.490798,-0.202374,0
-0.456563,-0.180550,0
-0.960061,0.829582,0
0.586854,-0.362225,0
-0.651746,-0.872351,0
-2.211917,0.332769,0
-0.953048,-0.589065,0
-1.206940,-0.461226,0
-0.128933,-0.025179,0
-1.793437,-0.624198,0
-0.186008,-0.276336,0
-0.769507,0.210488,0
-0.061362,0.748835,0
-1.385456,0.163998,0
-1.525367,-1.253328,0
-0.962227,1.748138,0
-1.119595,-1.251128,0
-1.662951,-1.199464,0
-1.431152,-0.839540,0
-0.520247,0.690025,0
-1.230458,0.468921,0
-0.332650,-0.824086,0
-0.362171,-0.539175,0
-1.480242,1.216043,0
-2.494778,0.394101,0
-0.396455,0.068457,0
-0.678293,-0.093775,0
-2.161338,-0.082477,0
-1.461224,-0.378664,0
-0.830972,-0.410809,0
0.155018,-0.192613,0
0.602458,0.532171,0
-1.497215,-1.321779,0
0.089662,0.497981,0
-2.152746,-1.055120,0
-0.604613,-0.075070,0
-0.953105,1.274917,0
-1.384821,1.303497,0
-2.072202,0.108587,0
-0.164982,-0.564283,0
-1.086688,-1.103063,0
-2.060792,0.627333,0
-1.494772,0.155784,0
-2.091552,0.421539,0
-1.504560,0.518467,0
-1.631190,-0.616711,0
1.059667,-1.458090,0
0.428020,1.608788,0
-1.056200,-0.893697,0
-0.041922,1.009320,0
-1.637462,0.451675,0
-1.625315,-0.973437,0
-1.521048,0.917282,0
-0.011743,-1.446152,0
-1.746698,0.538685,0
0.320797,-0.572369,0
-1.275729,-2.088058,0
-0.411552,0.306242,0
-1.923729,-0.624342,0
-1.153982,-0.460988,0
-1.778917,-0.741070,0
-1.724059,-0.164888,0
-0.456704,-0.380163,0
-1.481437,0.614591,0
-1.213976,0.314823,0
-1.543144,-0.106230,0
-0.958085,-0.204449,0
-1.362702,-0.570338,0
-0.162632,-0.827433,0
-1.027228,0.256724,0
-0.787790,-0.336533,0
-0.555922,0.041666,0
-1.569460,-0.533057,0
-1.182270,0.275766,0
-0.821639,0.340680,0
-1.252635,0.567983,0
-0.497276,0.244565,0
0.012338,-0.082395,0
-1.222100,-1.348119,0
-0.454381,1.200487,0
-0.701258,0.545914,0
-1.203015,0.311392,0
-1.171811,-0.045188,0
-1.849797,0.195346,0
-1.540864,-1.289660,0
0.072127,0.068851,0
-0.325002,-0.362080,0
-0.180959,0.095914,0
-1.385684,0.034857,0
-0.302763,-0.292409,0
-0.774993,0.623657,0
-0.421005,-0.140325,0
-1.753555,-0.399696,0
-0.567812,-0.016012,0
0.314282,0.023498,0
-0.948757,0.047974,0
-1.944299,0.985088,0
-2.986404,0.608171,0
-1.757021,-0.692803,0
0.206063,0.535028,0
-0.543698,-0.790224,0
-0.661490,0.172280,0
-0.335073,-0.053823,0
-2.372297,0.313141,0
-0.687753,0.216420,0
-0.790421,0.556359,0
-1.137611,-0.570488,0
-0.238456,0.482355,0
-1.989235,-0.794048,0
-0.413016,-0.382031,0
-2.355759,-0.283112,0
0.290389,-0.627066,0
0.537958,-0.840528,0
-1.282996,-0.320941,0
-1.431735,-0.513630,0
-1.642512,0.205555,0
-0.599106,-0.786679,0
-0.928283,-1.476048,0
-0.405938,-0.498892,0
-0.166240,0.437865,0
-0.625700,0.905600,0
-0.842381,-0.279118,0
-1.228802,-0.307403,0
-0.881914,-0.953992,0
