2.519094,3.367266,-0.112246,-1.162237,-1.903440,1
-0.502901,1.840087,1.086628,-0.289284,0.228905,1
1.091770,2.226831,-2.021574,-0.868059,-0.202356,1
-5.728792,0.530989,1.808191,1.090868,1.456444,1
0.864930,1.978431,0.242731,-2.719293,-3.915370,1
-1.021078,-0.984134,-0.134911,-0.234355,-1.082924,1
2.395365,-3.992537,-2.226465,-1.786354,-0.128449,1
0.687997,-0.024379,-1.414541,2.549364,-1.056311,1
-0.984333,-1.226577,-1.939085,-1.061386,-0.473658,1
-4.621825,0.442513,-0.526434,0.755073,-1.854625,1
5.118328,-0.233335,0.152821,2.994551,3.811587,1
1.276643,-0.356449,2.364672,0.075821,-0.769642,1
-2.137079,1.013916,1.051255,-2.572712,-0.528720,1
0.564916,3.034553,1.048773,0.499384,2.159855,1
2.190239,2.423774,2.473269,1.626792,-0.361251,1
1.883896,3.249327,1.806969,1.022678,2.272676,1
-1.920111,-1.005774,-1.571204,0.760349,-1.135692,1
1.490036,0.488567,-0.529499,-0.562697,2.813563,1
0.417541,-0.028520,-0.169505,-3.265888,-4.643913,1
-0.000816,-4.152745,0.639784,0.772830,-0.654387,1
3.122869,1.147618,-2.262640,-1.038010,0.026108,1
-3.106291,2.811523,-1.003400,0.286799,-0.803731,1
1.597287,3.463973,-0.328392,1.557497,3.403702,1
-2.350365,0.269960,-0.164536,3.744040,-0.424566,1
-0.509798,-1.974470,1.969208,1.378268,-2.465972,1
3.757149,3.538737,3.367432,-0.877142,-1.421731,1
1.987234,4.281189,1.298967,2.392826,1.696190,1
2.770177,0.789494,-2.472408,3.129903,0.415496,1
1.312046,-2.916986,-1.875701,0.556330,-1.775242,1
3.707295,0.296041,-0.273791,2.142799,-1.418955,1
-3.304482,-1.592802,-0.256409,0.096460,0.579438,1
3.528936,-0.927570,-2.022902,0.163969,1.367406,1
3.291364,-0.059623,0.476265,2.075443,-3.010262,1
-3.037895,2.029723,-3.659540,2.269477,-1.285492,1
1.550009,-3.390959,-0.453499,-1.076378,0.521565,1
-2.155882,-1.359149,3.601639,2.293252,-0.702451,1
1.172868,2.250156,-2.334189,0.126707,0.670481,1
1.844477,-0.592205,3.174158,1.533640,0.844620,1
0.867352,0.380901,0.956449,2.449555,2.253655,1
1.767217,-2.241082,0.222931,1.709737,-0.476675,1
0.286199,-3.502055,-1.607841,0.677921,-0.379520,1
1.110264,0.970591,-1.282226,4.348527,-0.062070,1
-1.644300,0.403291,-0.154443,0.464220,-0.008662,1
3.252168,1.174722,-1.173566,1.318521,1.644133,1
3.369500,0.356291,2.479595,3.947015,1.741418,1
0.234270,3.876604,1.584923,1.598804,-0.793963,1
1.963556,-4.064812,-0.014283,-0.860922,-0.541796,1
2.627015,4.111874,-0.914145,5.834707,-1.469604,1
-0.413072,-6.142769,0.207886,2.507029,-1.153249,1
2.255683,1.769049,-0.667902,0.664922,-1.150948,1
-0.985250,1.762817,-0.485352,-0.715508,-1.039392,1
3.704777,-0.308057,0.312991,-1.113845,0.943529,1
-2.224037,-2.411673,-1.210519,-0.907330,0.097029,1
2.332770,3.636427,-0.689191,0.382347,-0.855825,1
-1.906498,3.528885,1.622890,-1.155965,2.203688,1
0.275009,4.715322,-0.702834,-2.328484,3.736835,1
1.106390,-2.274129,-0.512104,-0.471400,-2.057469,1
-3.078507,0.541903,3.899449,-0.675291,-2.486832,1
2.575602,0.934820,0.437401,-0.613428,1.329287,1
-1.441166,0.199929,3.046562,-1.022650,0.312615,1
2.076489,-1.572362,2.397665,-0.812115,-1.994570,1
3.636747,3.985170,-4.411730,-0.879000,0.013353,1
3.904995,0.507040,-1.117802,-0.076352,3.304962,1
-1.077261,0.751637,0.293683,-2.192595,2.486572,1
-2.303290,-2.537563,-0.522844,2.108980,2.234756,1
1.896820,-1.434704,-0.024728,-0.614319,0.533856,1
2.452540,0.869675,-1.428020,-3.866293,3.997684,1
1.583071,1.957100,0.737656,4.385277,-0.172211,1
2.382379,-0.630535,-0.004245,3.303577,-0.438007,1
2.090000,1.476339,-1.512436,1.727506,-4.063913,1
5.721803,3.002395,-4.498549,0.634532,1.369196,1
5.811323,-0.126074,2.316372,-0.867236,3.188223,1
-0.315953,-1.116488,-0.406236,-0.394626,3.409480,1
1.215672,1.432887,-0.879036,-1.340936,2.750908,1
3.248178,0.443499,-2.445350,0.270514,-0.302650,1
0.559729,1.489779,2.608540,4.923433,0.730418,1
1.911059,-0.124506,1.570911,0.626559,1.008667,1
-1.184861,-0.860687,0.181524,-0.094305,-1.973989,1
2.054190,-1.343522,-0.262845,0.661697,0.602902,1
1.141375,-1.679008,-2.709833,-1.039605,-1.500624,1
2.497091,-0.832560,-2.177284,0.284319,-0.362268,1
2.507958,1.063902,2.580784,0.329160,2.366057,1
1.545073,-1.972349,1.037661,-3.741724,-0.606085,1
-2.195576,2.460280,-1.560290,2.648106,4.967637,1
2.728397,-2.836709,-1.096391,1.861993,2.251362,1
5.155847,-3.875633,0.310908,-0.200666,-0.048209,1
1.098425,1.420832,-0.533635,1.828799,1.411353,1
2.420996,-2.527323,1.766886,3.159077,-2.015248,1
2.925871,-0.898151,0.844307,-2.462087,1.583300,1
1.585822,0.288908,-2.302126,-0.574685,-1.819225,1
0.535961,-0.015276,-3.256825,-1.653051,2.617679,1
-0.156013,-2.413837,-1.290005,-0.833446,2.935287,1
2.330496,1.354327,1.479081,-0.984064,-5.337243,1
1.548964,-0.337904,2.039787,-3.900042,0.249352,1
1.392099,3.445066,0.774622,1.081363,-3.554739,1
0.652060,-4.891406,1.286587,-2.302263,0.657462,1
1.632202,3.191311,-2.761889,1.607896,2.095757,1
0.936357,-1.588417,-3.506787,-2.411581,0.675514,1
1.014577,1.342165,-1.799745,-0.052428,-1.510039,1
0.012117,2.290727,1.203926,-0.977927,0.462813,1
6.111296,-4.730062,1.519705,-0.531973,-0.841393,1
-1.373394,0.973600,0.416149,2.154241,-0.596926,1
1.902896,1.721909,0.516098,2.387000,1.291610,1
2.736394,3.991808,-1.118199,-0.640298,1.569148,1
0.395954,-1.369185,-0.039040,2.000885,5.118959,1
3.335495,1.521242,-0.118707,-2.161329,1.745913,1
1.874262,-1.158146,-2.077536,2.760996,0.711954,1
-1.380018,-2.067977,-0.860411,2.399901,-0.059765,1
2.954179,-0.355264,-0.827308,1.077418,-2.722407,1
1.313896,1.492611,2.214348,-1.262852,-0.790108,1
-0.955920,-3.740084,-1.705992,-0.626486,1.967670,1
2.846348,1.853867,-2.012771,-0.543550,4.218321,1
-0.088226,2.136276,1.485658,-1.612438,-0.083900,1
0.911028,0.287055,-2.054090,1.438391,-0.840249,1
2.029114,2.564187,-2.074005,-3.585925,-0.739493,1
0.479121,-0.098920,-0.065134,1.883708,1.098371,1
-0.405817,1.061367,1.154002,-1.449095,-1.701755,1
1.942995,3.509651,-1.162485,1.078235,-2.233775,1
-2.907839,-0.249394,-1.095703,3.503165,1.333265,1
0.841443,-0.283605,-0.602453,-1.163315,0.125588,1
-2.691001,1.842013,-1.062481,-3.826876,-0.269217,1
5.091996,-0.514999,-0.955826,0.100958,1.245770,1
2.736254,-1.420978,1.734158,1.736366,0.751116,1
2.394138,-1.541517,-3.573008,1.141862,-1.717532,1
3.021781,0.270294,-1.784121,-2.634871,3.573156,1
2.393722,-0.073247,-1.417659,-0.693703,-1.054024,0
0.374704,-0.243236,0.303877,0.993342,-2.783380,0
-0.893579,1.260237,-1.510354,-0.389141,0.340098,0
-4.813200,-3.231410,-0.601462,1.745638,-0.279844,0
-1.612954,0.627336,-0.610551,-1.255219,1.279232,0
0.716103,3.052176,0.849277,0.340767,1.561967,0
-1.787253,1.107965,0.223309,-0.119702,-0.429166,0
-0.493618,1.093992,0.905324,1.957187,2.137128,0
-2.974085,2.233849,0.845636,1.312773,-0.932220,0
-4.103507,0.817078,0.325676,2.473607,-1.452823,0
0.155733,-1.746177,1.428383,0.052978,-1.325320,0
0.992685,-0.100094,0.102225,0.469369,-0.121612,0
-0.825542,-2.706687,-3.497145,-2.337069,-0.352574,0
2.287325,2.440537,-1.259501,-3.020415,0.453677,0
1.014240,-0.149314,-0.701016,0.431890,0.872946,0
-1.585029,-0.861727,-2.136806,0.818256,-1.254908,0
-1.250912,-0.002862,1.053934,2.026924,1.146936,0
1.392920,-3.290136,3.559855,-1.178197,4.462093,0
-1.260409,0.003531,-0.610403,0.013664,0.018265,0
-5.317255,0.143566,1.663924,-3.446820,2.585350,0
-1.569411,-6.373285,-0.951615,1.525088,-0.606252,0
-0.897697,1.716676,-0.144545,2.906950,0.438891,0
-0.351509,4.584940,1.136057,0.304653,1.214767,0
-3.072443,2.794753,0.775017,-1.217791,-1.955002,0
-3.552275,1.891850,0.501575,-2.832427,1.896171,0
-1.621470,-1.473422,-0.286368,1.746746,-0.091322,0
-0.333580,0.364437,-2.125777,1.425613,0.633413,0
3.243044,-1.184706,-0.486918,2.209929,4.256933,0
2.019920,0.701247,0.430313,3.099001,2.652689,0
-0.853959,-0.408964,-1.088411,-1.776815,1.328653,0
-4.048391,-0.945757,1.036238,-1.084012,0.261879,0
-2.735138,3.520741,5.151759,-1.194697,2.515739,0
-2.401831,2.336320,4.316181,1.089066,2.397471,0
-2.878079,4.564207,3.758371,5.374574,1.717301,0
-1.784380,1.761146,0.119390,-2.343487,2.938675,0
-0.853562,1.913519,-2.783854,2.416476,3.580972,0
3.418101,2.207135,-3.329218,1.680064,-0.612411,0
2.281139,2.095024,-1.831888,-1.763781,-4.140059,0
-3.750487,2.456261,0.239080,-0.501093,5.088812,0
1.932995,0.675299,-1.202630,1.578728,-0.279011,0
0.728651,1.785871,-0.831321,-0.548026,1.505854,0
-0.473363,2.149687,-0.381557,0.143527,1.632011,0
0.415192,-0.538287,-4.929874,-1.483823,-1.776461,0
-0.426738,-0.233206,-0.692636,1.162359,2.103775,0
1.358330,-1.293064,-1.250296,2.377960,-0.284748,0
-1.083813,1.479568,-2.309886,-0.020989,0.412304,0
-0.425692,0.684086,1.450077,1.623116,2.743402,0
-1.102191,-1.658400,-0.075832,0.981955,-2.849405,0
-2.974432,-1.936954,-2.114335,0.133780,-2.429666,0
0.801231,-0.227991,3.622979,-1.975323,2.377959,0
1.212624,0.786823,1.897992,0.992904,-1.531141,0
-5.736997,-2.924590,-3.924139,0.033531,1.470257,0
-4.633729,-4.175774,-2.254963,0.590321,-2.053699,0
-4.030639,1.516904,-2.151582,-0.278708,-3.010201,0
-2.017651,0.160412,0.085638,2.505874,0.353860,0
0.871418,-0.141235,0.868625,-0.274224,-1.908628,0
-1.061201,-3.812387,-0.637409,3.516121,4.460077,0
-1.313372,0.126971,-0.692675,1.000372,2.134676,0
-1.978748,1.403685,0.133609,-1.485383,-1.226479,0
-1.512798,-0.543694,-1.224207,-0.655989,0.977388,0
-1.393316,-0.199625,-2.373977,2.802459,0.618107,0
1.352787,0.770893,3.070900,2.032417,0.220387,0
1.942011,1.419443,3.967214,-3.830279,3.307596,0
-1.221847,2.726637,-1.040946,1.718649,2.382169,0
-1.202372,0.705752,-0.942791,-0.126347,-1.049248,0
-0.551746,1.901798,2.258854,1.326055,0.193098,0
-2.575586,1.727518,-1.064314,1.813248,2.257339,0
-4.085608,-2.093549,-3.088035,0.132605,2.969379,0
0.054953,-3.500351,-0.666336,0.663719,0.325441,0
1.127125,3.458506,-1.299805,0.428289,2.529545,0
0.555662,0.753759,-1.522985,-0.804627,4.037229,0
-1.995206,-2.646983,1.937505,-2.463616,4.152023,0
-2.178949,1.347748,2.122507,1.073750,-0.009221,0
0.114460,-2.375102,1.320028,0.258531,-0.275912,0
-1.159970,2.502317,-1.756772,-0.221377,0.462078,0
-0.706887,0.961226,0.442237,-1.610331,1.406834,0
1.646271,5.509407,-0.364910,1.705441,-1.210723,0
-2.371578,-2.860445,2.100994,-1.218810,-0.280599,0
-0.231719,-0.109025,-1.083282,-2.250168,-2.506924,0
-2.158724,1.010292,0.102988,1.938562,1.098929,0
-0.819579,-0.987181,2.253559,-3.225646,-0.624493,0
-0.762205,-0.599893,-0.534793,-2.373739,2.114839,0
-4.462365,-1.683102,-5.110723,-3.635226,1.157437,0
4.037412,2.667175,3.670430,1.942921,-1.081537,0
-2.476156,1.181736,2.144700,-0.311192,0.756781,0
-1.144706,0.859076,-0.997554,3.434944,-2.504143,0
-2.826443,-2.776220,-0.376728,0.933186,0.383175,0
1.391009,-0.016431,-1.912459,0.996119,1.950946,0
0.929211,2.233698,-3.583007,3.400877,2.328957,0
-0.639964,-0.221723,2.475510,4.964981,-2.557078,0
-0.137897,-3.508936,-1.151986,-2.234607,1.330510,0
1.631083,0.305964,-0.632022,0.498610,0.318569,0
1.821142,0.425792,1.123096,-1.345300,0.327469,0
-2.332484,-2.453837,-0.129246,-1.550755,0.695563,0
-0.818007,3.105315,-3.057460,4.487103,4.350654,0
-0.574211,1.325339,0.168516,0.104499,-1.189056,0
-1.080902,0.775978,-2.126759,0.705527,-3.462534,0
2.557360,0.188572,0.719677,2.801239,-2.199353,0
1.685126,0.405458,1.633896,-0.037303,-0.649622,0
-1.789557,2.513720,2.173784,2.014368,1.077307,0
-0.355785,0.286823,1.913445,-1.512190,-0.738962,0
-3.870887,-2.169934,-0.567340,1.365405,1.315557,0
-2.244738,0.986375,-0.217918,0.991997,0.368061,0
-0.826045,-2.595492,-0.968843,2.679676,0.235086,0
-0.973531,-0.803736,1.836938,-3.241469,-0.172357,0
0.442116,0.655212,0.984306,4.323780,-3.328596,0
-2.855645,0.642816,-1.433537,2.359176,2.057590,0
1.737913,1.711129,1.282518,2.309342,2.394885,0
2.820152,0.555595,0.627952,1.320218,-1.878530,0
-2.258261,-1.717030,0.422770,-2.456135,3.587064,0
-1.133365,3.391372,-0.050174,3.980490,-3.070979,0
-3.306693,3.424709,-1.391665,-1.819462,0.550136,0
0.155950,-0.491137,-1.517885,2.063124,0.316050,0
-1.109238,0.221995,0.439925,-0.409567,1.503196,0
-1.605556,-3.420858,-1.888589,0.449028,-1.443749,0
-3.354771,2.617503,3.536469,-1.898375,-1.161465,0
0.663361,0.348228,-0.975338,-1.251064,-1.532016,0
-0.394931,-0.288118,-0.094533,0.846575,2.122601,0
-1.007694,-0.082165,-4.209038,-2.085332,2.199754,0
-1.861080,2.636623,-0.954774,1.934912,2.211521,0
3.231376,1.350478,0.458564,-2.384027,-3.181174,0
-2.109645,0.751085,-1.962205,-0.488266,1.355290,0
-1.326637,-1.952766,0.799477,-1.556321,-0.511664,0
0.867629,-1.182249,-1.229104,1.217170,-3.063519,0
-2.999277,-0.784870,-1.248190,-1.282199,-0.052882,0
