1.522452,-0.456506,0.426538,0.154967,0.520528,1
1.132218,-0.668825,-0.882602,-0.625418,-0.024763,1
1.291725,0.012858,0.105169,-0.136359,0.153675,1
0.420669,0.350951,-0.935035,-0.879530,0.387831,1
1.722919,-0.260350,-0.544153,0.093432,-0.128001,1
0.502942,-0.057022,-0.126370,-0.701084,0.856529,1
0.587811,0.304700,0.282256,-0.053288,-0.091651,1
-0.176134,0.564082,-0.099745,-0.189836,0.271563,1
0.795526,-0.633636,0.042964,0.019532,0.175025,1
0.681534,-0.380380,-0.108019,-0.199465,-0.501636,1
1.217806,0.361145,0.164176,0.066029,0.125655,1
0.393676,-0.030430,0.434019,0.439747,0.038791,1
1.203973,-0.425711,-0.260176,-0.736171,0.251265,1
1.303200,0.129362,0.068403,-0.663969,1.070976,1
0.354003,0.084650,0.627116,0.307689,0.101954,1
1.461675,-0.310854,0.156316,0.083799,0.840589,1
0.211504,-0.142429,-0.314205,-0.229800,0.345163,1
1.266648,0.251765,-0.257123,0.446501,0.085203,1
0.893303,-1.076396,0.231129,-0.197044,0.533075,1
0.668930,-0.118435,-0.402784,-0.400544,-0.205909,1
1.394362,-0.240101,0.359091,0.640727,-0.450605,1
2.398589,-0.129203,-0.698129,0.364670,0.493940,1
0.291911,0.669287,0.031806,-0.372449,-0.293135,1
0.890776,-0.250636,-0.173603,0.365219,0.351695,1
1.436907,0.010393,0.404113,0.406249,0.618220,1
0.762733,0.204823,0.341257,0.056560,-0.361023,1
1.824917,-0.063365,-0.344288,-0.488127,0.196398,1
0.056408,-0.427101,-0.408674,-0.282737,0.389771,1
0.334865,-0.853354,0.941604,-0.348290,0.137403,1
0.652216,0.074944,0.805576,-0.434702,-0.456313,1
1.644853,0.140382,0.055066,0.526445,0.046968,1
1.392389,0.737757,0.082672,-0.999762,0.012166,1
1.021717,0.714091,0.027224,0.184578,0.736094,1
0.850814,-1.021657,0.048838,0.120553,0.537447,1
0.558215,0.066398,-0.548709,0.238306,-0.044552,1
-0.008654,0.554950,-0.557121,0.222606,0.011552,1
0.708870,0.796088,-0.048866,-0.355606,-0.052087,1
0.071400,-0.728712,0.524891,-0.398071,-0.365567,1
0.329818,-0.063306,0.441777,0.239385,0.359867,1
1.350030,1.346307,-0.682120,1.033461,-0.465164,1
1.666162,-0.226203,0.321595,-0.441848,-0.618008,1
1.508151,1.206650,0.521750,-0.125921,-0.396653,1
1.665670,-0.390844,-0.615273,-0.038738,-0.119787,1
1.158117,0.325543,0.605726,0.159801,0.092134,1
0.404549,0.631507,-0.338704,0.034851,-0.776399,1
1.916068,0.247705,0.909691,0.164313,-0.537548,1
0.366431,-0.174177,0.951249,-0.364520,0.014307,1
0.926076,-0.860634,-0.015546,0.560689,0.445729,1
1.284555,-0.182539,-0.019103,1.123235,-0.068583,1
1.301744,-0.064218,-0.385295,0.120688,-0.069552,1
0.846773,0.781668,-0.961750,-0.394627,0.030766,1
1.770816,0.499783,-0.859718,-0.746319,-0.122077,1
0.663408,-0.520657,-1.133373,-1.947549,-0.497675,1
1.546616,0.612750,0.426953,0.021869,-0.508837,1
1.748717,-0.396121,0.061264,-0.700064,0.538740,1
0.967446,-0.086208,0.293800,-0.346738,-0.374705,1
0.891676,-0.793022,-0.660380,-0.057222,0.132697,1
0.592727,-0.492568,1.061100,-0.398735,0.007512,1
0.919038,0.307482,-0.578421,0.390776,0.393033,1
1.302457,0.402815,0.264693,0.699567,-0.607155,1
0.261727,0.608366,-0.083691,0.203500,0.269022,1
1.535918,0.046018,-0.603335,0.362967,0.042112,1
1.144358,0.065238,0.850339,-0.083745,-0.174675,1
1.331116,-0.287473,0.896287,0.411245,0.012932,1
2.002344,0.323841,0.581840,0.077504,0.326870,1
0.292697,0.419933,0.263683,0.414950,-0.950090,1
1.454690,0.107669,0.565520,-0.189934,0.206285,1
1.905388,-0.211632,0.244655,-0.236691,-0.422688,1
0.543135,0.293016,1.099937,-0.453706,-0.538829,1
0.887640,-1.402489,0.824430,-0.368415,0.304590,1
1.857647,0.363231,0.237140,-1.097109,0.028537,1
2.124643,-0.007622,0.305809,-0.294612,-0.897366,1
1.487613,-0.862206,-0.372874,-0.243042,0.840704,1
0.426256,-0.531997,0.190093,0.195485,0.343857,1
1.537006,0.072559,0.897582,0.361821,-0.335592,1
0.456107,-0.097498,0.553669,0.383842,0.109830,1
1.186846,-0.273454,0.945136,0.371596,-0.273224,1
1.134231,0.393924,-0.458770,-0.655687,-0.535404,1
1.124506,-0.708169,0.539418,0.637779,-0.188260,1
0.313462,0.298092,0.101299,0.150852,0.132749,1
0.314885,-0.641922,-0.548681,0.206963,0.168090,1
0.663776,0.082436,0.113912,0.154596,-0.059682,1
1.618891,0.071027,-0.328073,-0.298185,0.441180,1
1.245108,0.559990,0.509676,-0.111533,0.282765,1
0.786653,0.304504,0.714582,-0.436971,-0.290014,1
1.617314,0.349528,0.350106,0.593467,-0.298929,1
0.657322,-0.573449,-0.221281,0.086318,-0.707605,1
2.111652,1.373916,-0.168545,-0.521278,0.128330,1
0.872383,0.127870,0.048527,-0.476101,0.236650,1
0.786416,0.139766,0.202519,-0.425201,-0.657901,1
0.971021,0.565825,0.801682,-0.001325,-0.144955,1
0.852511,-0.310699,-0.029793,0.075704,-0.153271,1
1.887719,0.400836,0.066104,-0.172947,-0.691704,1
0.594126,0.222357,-0.402935,0.689443,0.996817,1
1.265710,-0.736987,0.467899,0.751280,0.186491,1
1.226121,-0.269771,0.183764,-0.042457,0.283946,1
1.626126,-0.048761,-1.178787,0.896761,-0.187619,1
1.046474,0.359406,0.034060,1.259271,-0.266625,1
1.068019,-0.428589,-0.803815,-0.017187,-0.756310,1
1.201046,-0.766494,-0.079181,0.270777,0.102140,1
2.186448,0.797696,-0.064189,0.568077,-0.213798,1
0.148869,-0.388196,0.542228,-0.275549,0.489948,1
1.172507,-0.083515,-0.049227,-0.490764,0.572700,1
1.093408,-0.640362,-0.962180,-0.279119,-0.495360,1
1.008663,1.105853,-0.378529,-0.217638,-0.837662,1
0.325400,-0.297668,-0.092247,-0.052203,-0.052024,1
0.882305,0.063806,0.431948,-0.355639,0.066013,1
1.562429,0.537382,0.636663,0.114258,0.550911,1
1.028846,-0.326499,-0.203762,-0.695467,0.413157,1
1.447058,-0.701407,0.567440,-0.006616,-0.277693,1
0.551035,0.188377,0.779175,-0.656723,0.160270,1
1.361395,-0.151598,0.597913,0.283999,1.376020,1
0.237058,0.444479,-0.505965,0.571290,0.694651,1
0.971127,-0.383340,-0.552793,0.433185,-0.292562,1
1.050672,0.677459,0.449030,0.689644,-0.687147,1
0.828200,0.598614,0.346352,0.259741,-0.052042,1
1.056331,-0.088806,-0.429079,0.865233,-0.557056,1
0.508090,0.250514,0.145357,-0.241880,0.079208,1
1.133069,0.225836,-0.654102,-0.134961,-0.561243,1
0.745279,-0.085726,-0.017023,-0.528531,-0.743448,1
1.303286,0.373331,0.388053,1.102581,-0.175125,1
1.348954,-0.660338,0.070940,0.533422,0.351986,1
0.252756,-0.012561,-0.498423,0.630414,0.107672,1
0.995652,-0.001173,-0.029416,-0.518541,0.701262,1
1.001631,-0.600352,-0.248636,0.452760,0.836355,1
-1.499502,0.043454,1.033990,0.281700,-0.172485,0
-1.452441,-1.103058,-0.577528,0.012232,-0.364165,0
-1.818515,1.022576,-0.755223,-0.124840,-0.110619,0
-0.976846,-0.220045,-0.101902,-0.062846,-0.499791,0
-1.023730,0.453309,-0.697455,-0.302828,-0.155785,0
-0.881331,-0.246230,0.032621,-0.510202,-0.125206,0
-0.932915,1.003030,0.016098,-0.027555,-1.144917,0
-1.481644,-0.130330,-0.304514,0.006761,-0.656813,0
-1.222881,0.457812,-0.317477,0.653773,0.344313,0
-0.698478,-0.235376,-0.351865,0.714686,-0.452337,0
-0.849304,0.347653,-0.113719,-0.445823,0.356715,0
-0.475049,-0.225489,-0.926411,-0.130877,0.678826,0
-0.730251,0.129168,0.370127,-0.265716,-1.358456,0
-1.378215,0.299476,-0.536358,-0.136675,0.282504,0
-1.588802,0.173845,-0.181472,-0.146069,0.009047,0
-1.528371,-0.912791,-0.535955,-0.518984,-0.270431,0
-0.893804,-0.866438,0.072232,-0.588403,-0.460886,0
-0.455487,0.470421,0.080655,-0.407139,0.229336,0
-0.561386,-0.519430,-1.308201,-0.021796,-0.162266,0
-0.410606,-0.388882,0.283152,0.356024,-0.274297,0
-0.391037,0.041787,0.660111,0.515337,-0.426425,0
-1.344989,0.573536,0.512907,-0.970601,0.713265,0
-1.380742,-0.259824,-0.403769,-1.056054,0.156053,0
-0.334483,-0.033685,-0.273644,0.023093,-0.537114,0
-1.608617,0.375495,-0.281727,-1.132789,0.481276,0
-1.576622,-0.569266,1.458897,0.160258,0.392824,0
-1.587286,0.470704,0.802687,-0.364418,0.235427,0
-1.078325,0.426792,-0.229428,-1.173005,0.163274,0
-0.784592,0.329815,-0.033702,0.557495,-0.121634,0
-0.567707,-0.318549,0.071195,-0.836211,0.284551,0
-2.030048,0.352069,0.017045,-0.365857,-0.362014,0
-0.167866,-0.106740,0.364197,0.346560,0.277980,0
-0.860250,-0.753101,-0.029508,-1.150976,0.356539,0
-0.884560,-0.006866,0.279798,0.252892,-0.594933,0
0.362911,-0.724869,-0.022450,-0.076467,0.855424,0
-0.660111,-0.454659,-0.697505,1.197751,0.780849,0
-1.127891,-0.452628,-0.259150,-0.392395,0.033425,0
-0.822042,-0.006945,-0.286560,0.834255,-0.078929,0
-0.458779,0.367835,-0.944006,-0.327321,-0.173647,0
-1.321789,0.129020,-0.027816,0.471335,-0.419968,0
-0.453113,1.181419,0.548421,-0.193317,-0.487618,0
-1.068225,-0.501108,-0.143537,-0.035170,1.201775,0
-0.909162,-0.219271,-0.034716,-0.248387,-0.114425,0
-1.251676,-0.164534,-0.067395,-0.508832,-0.712616,0
-0.519741,-0.912836,-1.015265,-0.789956,0.642777,0
-0.771037,0.661440,0.003214,0.108641,-0.012144,0
-1.486712,0.362715,-0.013550,0.855079,0.683231,0
-0.759053,-0.550434,-0.455920,-0.474267,-0.619906,0
-0.260082,0.468782,0.142328,-0.374425,0.089899,0
-0.754358,0.096534,-0.319710,0.531473,-0.969275,0
-1.135334,0.237106,0.091470,0.371916,0.031653,0
-0.187751,-0.199467,-0.440413,0.278187,-0.679637,0
-0.615129,0.393343,-0.404313,-0.045279,0.088366,0
-0.920574,-0.210788,-1.024892,0.142102,-0.455143,0
-1.226704,0.863503,-0.470862,-0.201529,-0.354124,0
-1.889679,-0.396898,0.495572,-0.404431,0.211532,0
-1.164287,-0.077598,0.204666,0.226971,-0.186216,0
-0.346228,0.129245,-0.873470,0.221004,0.126414,0
-0.829704,0.145985,0.330747,0.026604,-0.564958,0
-0.492904,-0.971680,0.122640,0.335284,-0.718197,0
-0.790224,0.054217,0.067201,-0.616745,-0.793467,0
-1.318870,0.079616,-0.265304,-0.251766,0.033882,0
-1.602412,0.467005,-0.454580,-0.069357,-0.359651,0
-1.079197,-0.350605,-0.347249,0.081280,0.256960,0
-0.728333,0.139709,0.048868,-0.083578,0.685817,0
-1.047202,0.940749,-0.258198,0.708411,-0.271330,0
-0.009927,-0.583261,0.446164,0.381887,-0.351004,0
-0.993083,0.863189,0.522520,-0.312212,0.277941,0
-1.460883,-0.524161,0.291301,0.067672,1.021656,0
-0.949410,0.955346,-0.649460,0.493571,-1.028037,0
-1.254891,0.799502,0.113177,0.286120,0.164897,0
-0.888853,-0.311686,-0.539935,-0.352819,-0.000081,0
-1.160204,-0.172152,-0.647316,0.041959,0.276239,0
-0.049408,0.250116,1.028409,0.557742,-0.329023,0
-0.930775,0.292415,0.532323,0.078137,1.023119,0
-0.985036,-0.338198,-0.161020,0.165726,-0.337984,0
-1.350322,-0.158891,0.304881,-0.040080,-0.212280,0
-1.934319,-0.064869,-0.270310,0.164825,-0.614298,0
-0.763488,-0.147996,0.323015,0.268144,0.027283,0
-1.389003,-1.098477,0.466087,-0.164835,-0.572204,0
-0.482630,0.464402,-0.311663,1.703662,-0.110477,0
-1.017797,0.110926,0.471965,0.306338,-0.175292,0
-0.857262,-0.458033,0.251361,-0.280048,-0.493609,0
-0.361996,-0.765638,0.080647,-0.384099,-0.170516,0
-1.590879,-1.209975,0.027933,0.616378,0.083932,0
-1.307623,0.608616,0.048795,0.323075,-0.492885,0
-0.779707,0.874350,0.146175,-0.616498,0.567735,0
-0.897768,0.055784,0.217996,0.756320,-0.032642,0
-1.305665,0.165473,-0.387955,-0.612224,-0.315668,0
-0.728768,0.180892,-0.113430,0.472424,-0.428248,0
-1.002236,-0.633146,-0.382828,-1.216600,-0.401250,0
-0.228455,0.997043,0.058706,-0.638590,0.557372,0
-0.239015,0.497530,0.173640,0.333431,-0.217174,0
-0.977975,0.253396,-0.333470,-0.043784,0.443969,0
-0.407286,0.220516,0.583636,-0.463553,-0.508141,0
-0.911903,0.442613,-0.363047,-0.239308,0.811451,0
-1.190692,-0.690223,0.473242,1.105490,0.376415,0
-0.575836,-0.290356,-0.081085,0.002387,-0.190279,0
-0.549258,-0.362654,0.831976,-0.446840,1.019845,0
-0.499536,-0.493865,0.719013,-0.076473,0.025826,0
-1.451248,-0.248618,0.242002,-0.527194,0.136171,0
-1.018361,0.136883,0.223599,-0.660836,-0.589605,0
-1.707605,-0.210131,0.827715,-0.099766,0.131997,0
-1.993747,1.325046,-0.981436,0.763837,0.356965,0
-1.508299,0.409123,-0.565304,-0.561863,0.007274,0
-0.399936,0.373954,0.669621,-0.011518,-0.283637,0
-1.169859,-0.612565,0.012736,-0.223927,-0.141807,0
-1.214360,0.364677,-0.624315,0.414884,-0.404676,0
-1.686249,0.288103,0.329069,0.334435,-0.496267,0
-1.256771,0.399126,0.608881,1.164920,0.180990,0
-0.684601,0.004392,1.399012,0.284487,0.409764,0
-1.688167,-0.391261,0.730250,0.041449,-0.221124,0
-1.307959,-0.217879,0.844306,0.129898,0.996529,0
-0.755785,-0.563412,0.514156,-0.852653,-0.743777,0
-0.649248,0.264173,0.679747,-0.531383,0.802852,0
-0.073801,0.466873,-1.288746,0.386664,-0.135985,0
-0.873443,-0.161925,-0.301199,0.549608,-0.211675,0
-0.953936,0.286796,0.154963,0.022263,-0.076899,0
-0.188303,-0.662618,0.024446,0.267420,-0.229980,0
-0.498697,0.127454,0.369406,-0.402549,-0.399559,0
-1.228524,0.123332,-0.332734,-0.669137,-0.335264,0
-0.744956,0.625575,-0.511899,0.563745,-0.659502,0
-1.857730,-0.150686,-0.341645,-0.034908,0.003924,0
-2.104085,-0.159342,-0.107203,-0.290529,-0.399165,0
-0.449262,0.127466,0.175433,0.328977,-0.062337,0
