0.841829,0.910989,-0.542045,-0.703832,0.784411,1
1.750312,-0.270856,0.602387,-0.369788,-0.028409,1
0.973433,-0.819820,-0.753462,-0.093655,0.314219,1
0.864397,0.317475,0.599178,-0.146319,-0.036132,1
0.501551,-0.691249,0.215527,0.054940,0.644379,1
0.385061,0.953504,-0.130319,0.406732,0.521376,1
1.914741,0.099564,0.236995,0.597305,0.259629,1
1.017233,-0.380049,0.194358,0.540192,-0.376694,1
-0.321612,-0.135514,0.077612,-0.644817,0.010992,1
1.101720,-1.177711,0.294380,-0.517227,0.411650,1
0.252267,-0.499963,-0.181786,-0.274454,-0.318766,1
0.766786,0.805057,0.661304,-0.672260,0.598513,1
1.074018,0.124733,-0.314042,-0.705377,0.070244,1
1.498660,0.394245,0.413105,-0.144180,0.923365,1
1.599603,0.115550,-0.083251,-0.749487,-0.333713,1
0.786863,0.130592,0.198285,0.954375,0.120817,1
0.772963,-0.663387,0.048429,-0.078018,0.003650,1
1.616884,-0.128253,-0.994871,-0.234544,0.237202,1
0.945581,-0.261818,-0.351708,0.337959,0.432780,1
0.427157,-0.633287,-0.085692,0.875701,-0.307350,1
0.819944,-0.231147,-0.033775,0.640104,-0.545376,1
1.323526,-0.114811,1.249364,0.029105,0.497621,1
1.228688,1.038345,0.292880,-1.285706,-0.236562,1
0.234260,0.347719,0.319211,0.425569,0.038141,1
2.174453,0.024411,0.470653,-0.054196,-0.304183,1
1.242444,-0.061517,-0.284854,-1.353488,0.013596,1
0.127522,-0.786612,0.145806,-0.212047,-0.639870,1
0.620092,0.003128,-0.876942,-0.262696,-0.349727,1
1.282081,1.058407,-0.408265,-0.185071,0.256755,1
1.060719,-0.145215,-0.667450,-0.213904,0.083125,1
0.476333,0.818258,-0.041100,-0.076641,-0.238223,1
0.912545,-0.321059,-0.321425,0.299733,0.297230,1
2.091968,0.132992,-0.438771,-0.364643,0.273585,1
1.089531,-0.731744,0.417533,0.443451,0.497661,1
-0.320734,0.116575,0.349034,-1.260837,-0.303867,1
0.852472,0.061478,0.248669,-0.287663,0.121607,1
0.765010,0.258217,0.469143,-0.561783,-0.024446,1
1.035097,0.642934,-0.274496,0.800304,0.406102,1
1.452847,0.401326,0.601958,-0.321793,-0.666570,1
0.996366,-0.776180,-1.150910,-0.037775,-0.062865,1
0.337463,-0.285502,0.079444,-0.129165,0.845674,1
1.466851,-1.187154,-0.059551,0.190395,0.134311,1
1.181260,-0.819600,0.028074,-0.315421,-0.779783,1
0.928853,0.017413,-0.565443,-0.453885,0.435434,1
0.805491,0.558864,0.343720,-0.468564,0.807993,1
0.505484,0.064964,0.331224,0.633969,0.126964,1
1.449738,0.903571,0.299861,-0.175828,0.750801,1
1.752945,0.752089,0.655093,0.070328,-0.161414,1
0.365823,0.915534,-0.208939,-0.408890,-1.051072,1
0.638461,0.054215,-0.612428,0.346843,-0.716928,1
1.318816,-0.139102,0.132019,-0.614969,-0.641832,1
0.644298,-0.279762,-0.937027,-0.440554,0.055054,1
1.555171,0.497353,-0.278820,0.684330,-0.606661,1
0.753956,-0.633601,0.432119,0.649444,0.804722,1
1.011650,0.065941,-0.000782,-0.167631,0.031619,1
2.380498,0.046657,0.786005,0.206479,-0.553098,1
0.786768,0.308106,0.313344,0.244946,0.429080,1
1.172005,-0.434861,-1.047419,-0.580385,0.488836,1
1.473699,0.004899,-0.122123,-0.140250,-0.046432,1
1.342577,-0.525340,-1.290411,0.314699,0.295967,1
1.044901,0.144307,-0.262148,-0.344797,0.035596,1
-0.122373,0.427437,-0.727271,-0.242882,0.583328,1
1.402063,-0.263383,0.102930,0.167195,-0.072756,1
0.806634,0.108713,-1.531742,0.906527,-0.382445,1
1.518523,0.408121,-0.348824,-0.039508,0.083051,1
0.982065,0.037637,-0.048624,0.412577,0.134211,1
0.263191,0.243454,0.522712,0.417033,0.405161,1
0.727283,0.630710,-0.639544,-0.313658,-0.190561,1
1.708075,-0.093126,-0.078275,-0.411415,-0.758929,1
0.622284,0.372293,0.481768,-0.476355,0.083552,1
0.526073,-0.524508,0.413147,-0.416034,-0.076778,1
0.545422,0.170141,0.127456,0.409915,0.310565,1
1.574778,-0.592462,-0.001025,-0.440416,0.326914,1
1.104439,-0.234883,-0.081172,0.049088,0.164608,1
1.038623,0.180555,0.246053,0.010332,-0.464628,1
0.702766,0.290022,-0.635807,-0.202704,0.671654,1
1.812993,0.227631,-0.918954,-0.355353,-0.076242,1
0.383693,-0.349708,0.926174,0.326101,-0.872112,1
0.610101,0.377352,0.110405,0.544629,0.489046,1
1.478273,-0.928652,0.251554,0.007886,0.378070,1
1.095742,-0.335284,0.233162,-0.541853,-0.449516,1
0.245830,0.066813,-0.098095,0.663833,0.044172,1
0.684685,-0.358728,-0.217466,-1.015020,0.648194,1
0.636200,-0.716023,0.488554,0.623620,0.355366,1
0.795389,-0.337646,0.956829,-0.061498,-0.334163,1
0.970432,0.294642,-0.136271,-0.384338,0.061865,1
0.482642,0.327565,0.635044,-0.303481,-0.915835,1
1.232413,0.191087,0.307042,-0.908655,0.000133,1
1.226386,-0.446101,0.229087,-0.370454,-0.544740,1
0.503523,0.851176,-0.162471,-0.264101,-0.017487,1
-0.278702,-0.727421,0.534212,0.242014,-0.460006,1
1.643007,1.016510,-0.880953,-0.553082,-0.085732,1
1.361401,-0.286951,0.627050,0.312450,0.166113,1
-0.244683,-0.391675,-0.146471,-0.929838,0.258554,1
2.078475,-0.317824,0.074403,-0.113277,-0.165975,1
1.722848,0.205231,-0.770667,0.002508,0.628601,1
-0.023372,-0.260999,1.677923,0.430414,-0.080161,1
1.019170,0.897031,0.215750,0.254948,0.411809,1
0.766012,-0.518417,1.180747,0.255547,-0.047482,1
1.292638,-0.594251,0.611974,0.587412,-0.478238,1
0.402734,-0.361597,0.314452,0.004926,-0.069611,1
1.332647,-0.293689,0.369307,0.052623,-0.575173,1
0.253442,0.047407,-0.264527,-0.111549,0.091657,1
1.025060,-0.497423,-0.889692,-0.034967,-0.020877,1
1.504732,-0.172567,0.211367,0.420841,0.360678,1
1.580757,1.057763,0.109021,0.849135,0.591994,1
0.569644,0.280093,0.141540,-0.808451,-0.149437,1
0.748066,0.251030,-0.650633,0.283568,-0.031264,1
0.972657,0.048782,0.954384,-0.321089,-0.295805,1
0.997796,-0.084479,0.875784,-0.836477,-0.016258,1
1.025584,-0.115497,0.671895,0.257804,-0.926049,1
0.690009,-0.236867,-0.320229,-0.252035,0.143653,1
0.803138,-0.744158,0.053625,-0.170119,-1.076172,1
0.831972,0.403319,-0.045600,0.254259,-0.234827,1
0.689694,-0.657123,-0.089440,0.462849,-0.148399,1
1.950450,-0.465137,-0.039517,-0.152153,0.461828,1
1.455529,-0.231619,0.332403,-0.262781,-0.806624,1
1.063877,0.396423,-0.326516,-0.026951,0.622368,1
0.202467,-0.524172,-0.562152,-0.729842,0.956362,1
1.611389,0.313994,0.139899,0.356388,-0.113597,1
0.170862,0.377033,-0.196757,-0.146629,-0.209650,1
0.851732,0.147522,0.193083,0.740415,-0.104518,1
1.055208,0.172625,1.132160,-1.425953,-0.461482,1
0.935627,0.105632,-0.032867,-0.163332,0.309259,1
0.607877,0.226713,-0.234244,0.127618,0.473828,1
-0.699080,0.356953,0.497289,0.098779,-0.094838,0
-0.995713,0.189595,-0.398483,-0.518342,0.044575,0
-1.286356,-0.215201,0.051503,-0.150757,0.000966,0
-1.591654,0.082801,-0.063282,0.180168,0.428997,0
-1.035032,-0.408746,0.392733,-0.206694,0.905711,0
-1.142011,0.452273,-0.169117,-0.909958,1.082712,0
-1.288707,-0.477722,0.307512,0.231189,-0.579502,0
-0.658624,-0.321611,-0.419285,0.581114,0.824133,0
-1.223764,0.149664,-0.227316,-0.108459,-0.110615,0
-0.811145,-0.034013,-0.296998,-0.446343,-0.779755,0
-1.129367,-0.584958,0.024703,0.914760,0.618067,0
-0.187147,0.658033,0.374654,0.000942,0.043171,0
-1.288836,0.187654,-1.151865,0.430876,0.123336,0
-0.300999,0.105144,0.600648,0.206383,-0.363064,0
-0.903790,0.274743,1.276067,-0.123429,-0.506449,0
-1.006781,-0.137843,0.126536,0.180953,-0.599308,0
-1.389345,0.061794,-0.577458,-0.063882,0.334099,0
-0.410788,0.823410,-1.330688,-0.992620,-0.308576,0
-1.290849,-0.234427,0.248009,0.013800,0.422743,0
-1.145329,-0.621560,-0.568600,-0.885172,0.327712,0
-1.702757,-0.218643,0.097954,-0.396872,-0.099346,0
-0.991863,-0.242565,-0.011420,-0.455771,0.817646,0
-0.059824,0.841531,0.230602,0.694331,0.509246,0
-1.885262,0.022630,0.611010,-0.443753,0.356211,0
-0.878489,0.442897,-0.460740,1.032104,-0.182844,0
-0.689337,0.029408,-0.235696,-0.753464,0.616916,0
-0.714135,0.417206,0.198689,0.208027,-0.629169,0
-0.598155,-0.360709,-0.278258,0.178487,0.137204,0
-1.312937,-0.128864,-0.063545,0.660333,-0.316286,0
-1.475451,0.268657,-0.036551,0.521347,-0.022654,0
-0.592271,1.452894,-0.252691,0.106417,-0.874087,0
-1.500496,-0.446646,0.205522,-0.752723,-0.472545,0
-1.462877,0.228981,0.631206,-0.020764,0.212575,0
-1.466485,-0.612727,-0.068525,0.840322,1.373412,0
-0.446490,0.317695,-0.532468,1.018986,-0.062571,0
-1.067522,-0.094389,0.230223,0.349922,0.143459,0
-0.858907,-0.182359,0.928654,-0.761604,-0.080380,0
-0.837230,0.676486,0.291286,0.629403,-0.296854,0
-1.642916,-0.227216,0.177147,-0.424716,0.821097,0
-1.238892,0.407010,0.454266,-0.732222,0.748384,0
-0.736494,0.466170,-0.253987,0.202923,0.126354,0
-0.620761,0.704093,-0.038618,0.211932,-0.499865,0
-1.627595,0.111065,0.473344,-0.480744,-0.268620,0
-1.132749,-0.094994,0.073870,-0.275218,-0.117021,0
-1.445597,-0.226645,-0.487654,-0.981096,-0.135989,0
-1.087420,0.162187,-0.598682,-0.546624,0.141509,0
-0.820608,-0.528356,-0.059568,0.486830,0.130073,0
-1.593333,0.263431,0.395353,0.434810,0.055124,0
-1.347787,0.942357,-0.060633,-0.076967,0.303422,0
-0.858807,-0.322928,-0.236722,-0.496685,0.288119,0
-0.465732,0.435892,0.204284,0.424457,0.077887,0
-1.263064,-0.367683,-0.052254,-0.975569,-0.140537,0
-1.336425,-0.694575,-0.559883,0.095125,0.028019,0
-0.971871,0.722576,0.706865,0.089275,0.080011,0
-0.999169,-0.652948,0.653244,-0.139401,-0.424744,0
-0.013695,0.351868,-0.446553,-0.248012,-0.337612,0
-0.685296,0.455976,0.480268,-0.420139,0.165429,0
-1.119710,-0.447983,-0.691112,-0.663202,-0.395617,0
-0.371272,0.138079,0.935901,-0.028483,-0.139043,0
-0.869749,0.669733,-0.200663,0.536648,0.136383,0
-0.842374,-0.959521,-0.860023,0.126792,-0.235115,0
-1.867434,0.104980,0.440619,-0.446306,0.219457,0
-0.712055,0.442211,0.775704,0.079646,-0.437994,0
-1.663294,0.354010,-1.637093,0.663014,-0.485756,0
-0.080559,0.345667,-0.824558,0.054910,-0.182786,0
-1.614491,0.468884,-0.140394,0.104927,0.849333,0
-1.957408,0.314953,-0.396236,-0.356505,0.737481,0
-1.042937,1.082381,-0.146208,0.042937,0.207700,0
-1.298980,0.179654,-0.059319,-0.449392,0.713236,0
-0.608068,0.036150,-0.211005,-0.062829,0.271190,0
-1.523532,0.539573,-1.566840,0.173556,0.779173,0
-0.607169,-0.621760,-0.479936,-0.395336,0.325989,0
-0.594046,0.421183,-0.117337,0.809067,-0.451956,0
-0.644687,0.178688,-0.587645,0.267940,0.849722,0
-1.682322,0.203279,0.885464,-0.506564,0.089075,0
-1.353848,-0.259068,0.020504,-0.332661,0.349680,0
-1.279881,0.391128,-0.468158,0.722040,0.116704,0
-0.956833,-0.434007,0.868109,0.921200,0.429978,0
-1.096318,-0.302854,-0.608457,-0.495787,-0.288501,0
-0.958485,0.176431,0.153786,-0.289843,-0.272240,0
-0.493565,0.381441,0.245175,0.200596,0.188760,0
-0.769803,-0.146893,-0.382776,0.680078,-0.468246,0
-1.005166,-0.627645,1.098975,0.157402,0.537376,0
-0.336136,-0.302592,0.226482,0.539680,0.870474,0
-1.484342,-0.284990,-0.224325,0.629909,-0.147290,0
-1.329358,-0.979591,0.019777,-0.190211,-0.684156,0
-1.295683,0.149572,-0.059763,0.305860,-1.096226,0
-0.774269,-1.395877,-0.065025,0.137829,-0.092830,0
-1.669782,-0.013631,-0.382816,0.036006,0.352052,0
-1.947400,0.292440,-0.077298,0.696580,0.017655,0
-1.222520,0.285507,0.312860,0.074131,0.242223,0
-1.065620,-0.357619,0.031185,-0.342242,0.320787,0
-0.505377,-0.588511,-0.019481,0.667645,0.042441,0
-1.059247,0.343855,0.195805,-0.599522,0.333945,0
-1.453900,0.244472,-0.773519,0.589345,0.906877,0
-0.035434,0.218869,0.744453,0.234306,-0.007449,0
0.006057,-0.053611,-0.401390,-0.416021,0.605080,0
-0.744373,0.083670,0.510420,-0.412575,0.809392,0
-1.736911,-0.153366,-0.725024,0.222557,1.102020,0
-1.108718,-0.374724,0.358709,1.097035,-0.156373,0
-0.992604,-0.085001,-0.231340,-0.155380,-0.384543,0
-1.831468,0.777688,0.444063,0.026654,-0.911391,0
-1.567288,0.339174,0.661523,-0.114626,0.065379,0
-0.807007,-0.241693,-0.001936,-0.658193,0.562931,0
-1.588106,-0.598258,-0.903677,0.340191,0.546635,0
-1.297970,-0.481941,-0.793118,-0.012405,0.487917,0
0.254729,-0.128523,-0.757355,0.219403,-0.257262,0
-0.917472,-0.492358,-0.054904,-0.751617,-0.577249,0
-1.662288,-0.134830,-0.241153,0.842038,0.319562,0
-1.652808,-0.017941,0.170129,-0.367471,0.579105,0
-0.277173,0.116641,-0.037555,0.877128,-0.159095,0
-1.373355,-0.143385,0.288616,-0.126382,-0.064554,0
-1.431862,0.985388,-0.267549,0.946648,0.798194,0
-1.139192,-0.194048,0.061320,0.694928,0.148067,0
-0.892943,-0.815264,-0.382095,0.586072,0.509381,0
-1.279329,-0.005367,-0.623115,-1.049046,0.435788,0
-0.864381,-0.094329,-0.223544,-0.553627,0.502810,0
-1.061547,-0.443916,0.341952,-0.439542,0.107699,0
-1.268339,-0.276046,0.310097,0.149817,0.754262,0
-0.628303,0.735044,-0.269889,0.059079,-0.477431,0
-1.336018,1.191389,0.529484,-0.243937,0.063306,0
-1.009085,-0.401776,-0.906057,-0.250597,-0.081290,0
-1.393229,0.707066,-0.441847,0.287578,-0.087876,0
-1.096367,-0.091862,0.333681,0.044588,0.349672,0
-1.528984,-0.011114,0.764004,-0.879668,-0.771705,0
