1.511618,0.775227,-1.351742,1
1.241374,-0.095212,-0.257539,1
0.462584,0.014759,1.405295,1
0.790308,0.365113,-0.101236,1
0.035843,-0.407207,1.155029,1
1.369142,0.922735,0.151340,1
0.320626,0.542238,-2.625320,1
0.702876,-0.061808,0.844774,1
0.368876,-1.205619,0.144951,1
0.683103,0.471117,0.648198,1
2.405953,-1.320971,-0.162076,1
1.224690,-1.241302,-0.220598,1
2.275194,0.605829,-0.631691,1
0.680495,0.120640,-0.071052,1
0.981088,1.655724,0.674137,1
0.241116,0.535712,-0.845102,1
2.336802,-1.316230,-0.493968,1
-0.155904,-0.041474,-1.663649,1
1.597858,-0.027443,-0.066164,1
0.781780,-1.306965,1.555440,1
2.209437,-0.398902,-0.859585,1
1.722275,-0.499424,-0.885496,1
0.335281,-0.506411,-0.829289,1
1.017604,-0.636583,0.051783,1
1.327339,-0.124386,0.404182,1
1.479887,-0.032924,-0.967316,1
1.013014,0.075148,-0.676652,1
0.893080,-0.672205,0.199197,1
0.991358,0.008255,-0.447183,1
1.664299,0.871900,-0.267364,1
1.141623,-0.198595,-0.662321,1
1.344987,0.197612,-0.024538,1
0.857995,0.901941,-0.245531,1
0.553618,0.049741,0.493701,1
0.967513,0.586698,0.726453,1
1.484106,-0.668711,0.555793,1
-1.008475,0.063089,-0.033014,1
1.957788,0.564155,1.403517,1
1.342462,0.660026,-0.643741,1
1.220601,-0.779598,-0.310487,1
1.583517,0.025412,-0.601823,1
1.044299,1.533163,-1.891958,1
-1.176097,0.056420,-0.193661,1
0.721646,-1.900808,-0.229180,1
1.677744,0.146360,0.391715,1
1.340687,-1.505406,-0.435547,1
1.309877,-0.156100,-0.086983,1
-0.295525,0.447032,0.010146,1
0.626606,-0.232408,0.552168,1
0.445381,0.681064,0.385657,1
1.856698,0.697593,-0.334126,1
1.274440,-0.042106,0.896293,1
0.959870,0.140242,-0.998824,1
0.318738,-1.937433,0.680880,1
1.881584,-1.496386,0.391702,1
1.970572,-0.497449,0.047243,1
0.672434,0.012081,0.458304,1
1.096730,0.533535,1.577266,1
1.351129,-0.580317,0.991937,1
1.053890,0.188877,-0.300169,1
-0.082478,0.822349,-0.321689,1
0.286979,1.014391,-0.077857,1
1.034044,-0.210150,0.793519,1
0.983109,-0.400518,-0.494725,1
0.809235,0.214543,0.004841,1
0.631418,1.411767,0.261508,1
2.250953,-0.275926,0.364823,1
1.974718,0.460657,0.876350,1
0.680478,1.186028,0.517036,1
0.457448,-0.461252,-1.153691,1
0.082914,0.225763,-1.309674,1
0.956141,1.175521,0.378970,1
0.254936,-0.651967,-1.009135,1
0.685790,0.154639,0.610209,1
1.194165,-0.598500,-1.226658,1
1.458664,-0.165861,1.282634,1
0.914771,0.700346,-0.457448,1
2.117431,-0.281922,-1.069927,1
0.891157,-0.613004,0.343276,1
-1.167941,-0.247494,0.223104,1
1.767922,-0.604639,-0.337020,1
0.879745,0.418762,-0.525891,1
0.171693,1.239263,-0.307367,1
1.420068,-0.383092,-1.767825,1
2.147502,-0.027412,-0.582856,1
0.809857,-0.632504,-0.303845,1
1.069562,0.608077,0.278708,1
0.780340,0.280748,0.493878,1
0.437566,-0.925049,-0.415781,1
1.518785,-1.404023,0.482106,1
1.602027,0.476042,1.022361,1
1.010660,0.224115,0.225540,1
0.856683,-0.134102,0.489027,1
2.785354,0.045041,0.496918,1
2.450597,1.007207,-0.324081,1
0.368590,0.488336,0.076063,1
0.473769,0.076238,-0.316252,1
2.713625,0.661041,3.018143,1
0.930992,-0.833792,-1.883011,1
0.933910,0.587110,0.323837,1
1.508938,0.414710,2.504899,1
1.330683,0.345240,0.552809,1
0.043102,0.224986,-0.832487,1
2.165021,-0.250841,-0.212504,1
0.981140,1.285282,0.537040,1
1.258142,0.818821,0.288228,1
1.413283,-0.501770,0.290154,1
0.607713,0.549781,-2.088290,1
-0.739348,0.759100,0.100260,1
1.586830,-0.094653,0.578277,1
0.432404,1.093158,0.301031,1
2.239354,-0.086944,-0.788081,1
0.041366,-0.186324,0.735871,1
-0.001257,0.278133,-0.287546,1
1.357824,0.456913,0.159824,1
1.312887,-1.476232,-0.271616,1
1.788769,0.172035,1.525323,1
1.912505,-0.817617,1.239526,1
2.327406,-0.489383,0.355241,1
2.585904,0.418087,-0.664794,1
1.147504,0.192378,0.616755,1
0.026525,-0.411610,-1.475433,1
0.326658,0.989317,-1.076570,1
2.070432,0.713158,1.483076,1
-0.285975,-0.109680,-0.431035,1
-1.605920,-0.764301,-0.760678,0
-0.795328,0.785588,0.270292,0
-2.606073,-0.926925,1.458474,0
-1.153099,-0.262613,-0.155650,0
-2.052462,0.431375,0.013639,0
-0.777604,-0.631434,1.273030,0
-1.090790,-0.039343,-2.803064,0
-0.775089,0.094542,-0.116762,0
-1.554409,-0.745097,0.104272,0
-1.795778,-0.880855,0.850084,0
-0.947791,-0.874634,0.275076,0
-0.738595,-0.154900,0.005853,0
-1.269322,0.179754,0.927134,0
-0.975167,-1.025601,0.549384,0
-0.009363,1.195466,0.385614,0
0.789102,0.551125,0.546833,0
1.618385,-1.277457,-0.669097,0
0.181409,0.522889,1.140295,0
-1.084071,0.729872,-0.047347,0
-1.788466,0.203673,-1.302553,0
-1.354141,-0.577177,-1.080711,0
-0.895444,-0.646801,0.221760,0
-1.046255,0.691950,0.716352,0
-0.779145,1.133765,0.675131,0
-2.242870,-0.841611,-0.966723,0
-1.018863,0.595253,0.508020,0
-0.812493,0.269356,0.309680,0
-0.439216,0.391634,0.121297,0
-0.147213,-1.122818,-0.904797,0
-0.119061,0.264387,-0.431779,0
0.885654,-0.366095,-1.383900,0
-1.368122,-0.788519,0.735011,0
-0.756056,-1.646690,0.145453,0
-0.702118,0.250572,0.681314,0
-1.390063,0.926878,1.176234,0
-1.769224,0.033768,1.330127,0
0.412056,-0.706792,-1.252813,0
-0.862254,-0.249516,-1.189817,0
-0.725721,-0.984838,0.271676,0
-0.577642,0.223962,-0.362232,0
-0.871879,-0.306534,-0.274138,0
-1.267056,-0.130548,-0.138797,0
-2.503583,0.784656,0.547263,0
-0.300397,-0.400973,0.829123,0
-0.350930,0.418542,0.892957,0
-2.028416,-0.499063,0.400002,0
-1.176593,0.320716,0.080869,0
-0.982292,0.142865,-0.630544,0
-1.117451,0.624281,-0.398414,0
-0.959928,-0.389295,-0.670200,0
0.245573,0.562181,-1.289732,0
-0.878386,0.194810,0.618372,0
0.005043,0.730350,-0.428636,0
-1.009152,0.252754,-0.024509,0
-2.250557,-1.093383,-0.860904,0
-0.844542,0.227597,0.628100,0
0.066022,0.683363,-0.362030,0
-1.168737,-0.788938,0.018915,0
-1.553989,1.752193,-0.126105,0
-0.741725,-0.952135,-0.449656,0
-0.748250,-0.070357,0.527789,0
-0.660235,-0.934672,-0.362040,0
-1.547080,0.623066,0.638672,0
-2.219257,-0.231199,-0.550644,0
-1.559536,0.991082,-1.041023,0
-1.631241,-1.087703,0.084126,0
-1.073338,0.032564,0.130944,0
-0.892326,0.384534,-0.456516,0
-1.379064,-0.371147,-0.491959,0
-0.964426,-0.269791,-0.247455,0
-1.409985,-0.145189,1.671368,0
-0.940246,0.280025,0.892417,0
-0.554825,-0.226764,-0.333282,0
-0.402886,0.481592,0.504920,0
-0.780812,-0.372439,1.112024,0
-1.693527,0.431350,-0.435037,0
-0.373454,-0.439537,-0.306118,0
-2.444166,-0.565671,1.234243,0
-1.003677,0.352142,-0.201098,0
-0.069727,0.286127,0.169947,0
-0.651528,0.762259,-1.329600,0
-1.181016,-1.932685,1.319246,0
0.391687,1.354209,0.753631,0
-1.539160,-0.035622,1.325857,0
-1.595735,0.021566,-1.548309,0
0.388721,0.530411,0.393653,0
-1.102811,0.713017,-0.610767,0
-0.922254,-0.901529,0.834967,0
-0.492047,1.136151,0.312153,0
1.008682,-1.332794,0.821816,0
-2.495508,-0.663925,-0.211321,0
0.118016,-1.331292,-0.236764,0
-0.255741,-0.747282,0.111922,0
0.016556,-0.384462,-0.612236,0
-1.007027,0.689407,0.410737,0
-2.794048,0.736714,-0.112849,0
-1.300851,0.425515,-0.929704,0
-2.115365,-0.966336,-1.639090,0
-1.430006,-1.354309,0.015505,0
-2.772833,0.525145,1.416049,0
-1.825003,-1.535079,-0.096871,0
0.146742,-1.201639,-0.324271,0
-1.798431,-0.778037,0.255200,0
-2.104092,0.637769,0.785587,0
-1.521803,1.174020,0.366361,0
-0.313869,-0.121146,0.228089,0
-1.315025,-0.029122,1.189865,0
-1.780369,-0.855283,0.144726,0
-1.162713,-0.269002,-1.031403,0
-1.943199,0.017314,-0.094465,0
-1.789580,-0.525905,1.007792,0
-0.368305,-0.365268,-1.376549,0
-1.042590,-0.074998,-0.153381,0
-0.651286,-0.947416,1.577227,0
-0.605916,0.370135,0.184765,0
-0.194027,-0.149016,-1.134180,0
-1.052959,0.159144,-0.506121,0
-0.773381,0.937786,0.746085,0
-1.389195,-0.726080,-0.887317,0
-0.039561,-0.388694,-0.123582,0
-1.587867,0.423079,-0.079419,0
-0.668012,1.630436,-0.387145,0
0.281942,-0.769557,-0.011475,0
-1.224165,-0.011817,0.550936,0
-1.116283,-0.094641,-0.723077,0
