0.574346,-0.035863,0.624579,1
-0.688942,-1.336838,0.518079,1
1.601685,-0.039834,-0.796307,1
1.472790,0.552377,-0.033960,1
0.766372,-0.154580,0.804338,1
0.677259,-0.590213,-0.551172,1
1.729662,0.508064,0.172477,1
1.283044,-0.141973,0.951226,1
1.589049,0.137250,-0.246608,1
-0.650452,0.639313,0.407560,1
0.974142,-0.404185,-0.299606,1
0.303299,-0.718810,-0.010652,1
1.883745,0.803207,0.744650,1
0.462102,0.141542,0.907999,1
1.195961,-0.691893,-0.045376,1
-0.430402,0.372276,-1.104441,1
0.744785,0.897122,-0.295660,1
0.994702,0.930574,-0.475074,1
0.249439,0.005653,-1.401520,1
1.475792,-0.587326,-0.433268,1
0.247839,-0.208934,-0.071321,1
0.984037,-0.173022,-0.245618,1
1.474675,-0.627067,0.440969,1
0.159875,0.280893,1.194505,1
-0.139622,0.362890,-0.298630,1
1.800057,1.065241,-0.522247,1
-0.154986,-0.210919,-0.170633,1
1.513392,-1.553215,0.341728,1
1.296492,-0.175236,-0.024023,1
0.863148,-0.190532,-0.169971,1
1.507059,0.093929,0.448240,1
-0.369033,0.386940,0.374201,1
0.077673,1.298061,0.389407,1
2.187717,-0.020042,-1.009990,1
1.528086,0.384267,0.474086,1
0.429454,0.600485,0.546914,1
1.502571,-0.195592,0.665710,1
0.786814,-0.426007,0.059948,1
1.873159,0.525494,-0.214173,1
1.266776,-0.179603,0.149827,1
0.375412,-0.393078,1.427319,1
-1.065676,-0.113251,0.951237,1
0.369966,-0.403891,0.353572,1
2.475298,0.329055,-0.401230,1
1.540243,1.263010,0.503170,1
1.585689,-0.690830,1.066438,1
0.202891,0.813822,0.130517,1
1.988509,-0.157509,0.645843,1
0.796454,0.021341,0.947942,1
0.700189,0.467098,-0.443934,1
0.520703,-0.879060,0.691522,1
0.385485,-1.736947,1.333069,1
1.337957,-0.345705,0.649382,1
0.171585,0.416450,0.983853,1
2.550403,2.588294,1.203140,1
1.189147,0.687259,0.733105,1
1.123123,0.362536,-0.442362,1
-0.573131,1.349124,0.645835,1
1.354040,-0.171227,0.457012,1
0.577082,0.703246,0.784317,1
0.630816,-1.009565,0.213310,1
0.437285,-1.099872,0.712736,1
0.434935,0.101719,-0.674284,1
-0.707707,0.392055,2.139634,1
-0.333637,-0.971640,0.270490,1
-0.039578,-0.918078,0.003523,1
1.029706,-0.298622,0.116304,1
1.502810,0.332276,0.384371,1
1.508745,-0.792272,-0.023356,1
0.945684,-0.313265,1.539702,1
-0.397909,-0.192605,-0.801218,1
0.214595,-0.230006,0.088828,1
1.623680,-0.061721,-1.424001,1
0.855896,-0.880472,-0.180253,1
-0.049908,0.912485,1.406883,1
0.160607,0.164612,0.790254,1
0.506352,-0.376986,0.457796,1
1.018079,0.197790,1.706409,1
1.330575,1.083234,0.843313,1
1.380516,0.372536,0.622083,1
0.935906,0.574018,-0.116526,1
0.652760,-0.809219,0.170726,1
1.165764,-0.250300,-1.316727,1
1.893760,0.557080,-0.938479,1
1.109937,-0.488129,-0.599545,1
1.912641,-1.289964,0.393362,1
0.146423,-0.715465,-0.116235,1
0.424617,-0.365032,0.158148,1
1.198979,0.065951,2.005517,1
0.545524,-0.479201,-1.284011,1
1.686001,-0.310875,-0.097282,1
2.575927,0.089541,-1.309990,1
1.801198,-0.850743,-0.208277,1
0.498627,-1.492068,0.776005,1
-0.354854,-0.175540,0.212763,1
1.151920,-0.762360,-0.411094,1
2.303461,-0.412243,0.430667,1
2.022810,-0.422889,0.817185,1
2.572244,-1.327571,0.589073,1
0.103887,0.426351,0.999771,1
1.267681,0.268615,0.225424,1
0.014316,0.610641,-0.422938,1
1.056130,0.126227,-0.577664,1
1.340599,-0.572106,-0.309606,1
2.569395,0.226753,-0.157726,1
0.463576,1.569535,-0.124548,1
2.224268,-1.214270,0.082722,1
1.070249,0.726818,-0.238272,1
2.236584,-0.066943,0.905974,1
1.319344,-0.643276,-1.086949,1
0.154965,0.864149,0.550593,1
0.912337,0.151002,0.210117,1
1.153207,-0.614710,-1.387973,1
1.433090,-0.603931,-0.263973,1
2.481882,-0.238272,-0.014008,1
0.358781,-0.060207,-0.849939,1
1.230508,0.048699,-0.447820,1
0.670037,-0.232974,0.596788,1
0.744514,-1.350737,-1.805881,1
1.229651,-0.382290,-0.050373,1
0.802928,-0.297789,0.503668,1
-1.012883,-0.617854,-0.734393,1
0.546036,1.289284,-0.055323,1
0.973166,-0.712423,0.012593,1
1.495000,0.322684,-0.362983,1
-1.313398,0.646632,0.425483,0
-1.368240,0.307370,0.161873,0
-0.519496,-0.916790,-0.647252,0
-2.750695,0.047632,0.656869,0
-1.142380,-0.706406,-2.417095,0
-0.392352,0.676654,-1.210505,0
0.420562,-0.767277,-0.115598,0
-1.565229,-0.616774,-0.101848,0
-0.872564,0.326431,-0.348970,0
-1.990442,0.415988,0.852542,0
-0.339113,-0.592214,0.252541,0
-1.406418,-0.401526,-0.439831,0
-2.541666,-1.167974,0.049181,0
-1.771680,0.611217,0.137596,0
0.150020,-0.470864,-0.084135,0
0.496783,0.274524,-1.243689,0
-1.324297,-0.036792,1.282662,0
-0.825419,0.599833,-0.935632,0
-1.903295,-1.287595,-0.845167,0
-1.218052,0.240283,0.946055,0
-1.853857,0.506448,0.096201,0
0.064216,0.564965,-0.389465,0
-1.588855,0.387391,0.525995,0
-1.409133,-0.949816,-0.271578,0
-1.078521,0.584300,-0.078037,0
-1.383681,1.771603,0.582661,0
-0.881742,-0.316460,-1.161031,0
-0.699376,-0.508233,-0.234567,0
-1.557632,-0.526738,-0.136634,0
-1.456469,0.112901,-0.300361,0
-0.604099,0.600599,0.650151,0
-1.115168,-0.018126,0.030377,0
-0.344971,-0.455180,0.039958,0
-1.465171,-0.412154,0.708805,0
-0.787768,-0.340194,-0.912147,0
-1.363534,-0.594887,0.131347,0
-1.684370,0.668315,0.289139,0
-0.539617,0.387386,0.641160,0
-1.995471,0.654409,0.467599,0
-1.811100,0.745021,1.426316,0
-0.955309,-0.106885,0.242452,0
-1.085399,-1.588051,-0.629579,0
-2.676545,0.563500,0.243860,0
-1.343999,0.135237,-0.415040,0
0.056206,-0.366800,-0.998057,0
-0.263600,1.197320,-0.597525,0
-0.966395,-0.707380,0.192449,0
-0.912913,0.079282,0.004608,0
-0.155602,0.556898,-1.236530,0
-0.000238,0.219721,-0.051586,0
-0.876956,-0.565215,0.423502,0
-1.273956,-0.635480,-1.241977,0
-0.917586,-0.463968,0.644535,0
-2.194666,-1.003550,0.482264,0
-1.837887,-0.204352,-0.726009,0
-0.858375,-1.994528,0.715067,0
-0.689763,1.234785,0.680107,0
-1.211046,-0.059024,-0.281158,0
-0.015584,-0.517200,-1.653624,0
-1.329302,0.434012,-0.764891,0
0.134977,1.031774,0.403351,0
-0.939320,0.519362,-0.277604,0
-1.145342,-0.418556,-0.037807,0
-0.956284,-0.465655,-0.332891,0
-0.335029,-0.093293,0.078784,0
-1.993830,-1.253094,-0.578770,0
-1.740046,-0.097953,1.184783,0
-1.466931,0.935932,-0.108257,0
-2.288106,-0.090639,-0.417137,0
-0.872660,-1.185797,0.236687,0
-0.535987,0.010558,0.996207,0
-1.632304,0.099816,0.010212,0
-2.185608,-0.217768,-0.349279,0
-0.921556,-0.382432,-0.223190,0
-1.500183,0.678505,-0.874107,0
0.121107,0.806971,0.174515,0
-1.947985,-0.266533,-0.040621,0
-1.071542,0.175775,0.231839,0
-1.393303,0.177341,0.425602,0
-1.161516,0.522900,-1.035411,0
-0.827244,0.986480,1.005188,0
-1.055163,-0.015728,-0.144729,0
-1.136077,0.160841,-0.544026,0
-1.817737,-0.691810,0.207475,0
-1.129272,-0.051682,1.535030,0
0.320580,0.190097,-0.263516,0
-1.603166,1.475160,0.165959,0
0.166992,0.102922,1.256777,0
-1.671383,0.225845,0.075402,0
-0.155654,-0.728853,-0.009399,0
-0.029991,0.479626,0.810097,0
-1.489344,0.357846,0.091046,0
-1.373165,-0.670642,-1.241005,0
-1.055594,-0.249882,0.627574,0
-1.290837,-0.020038,0.425278,0
0.255148,-0.162627,0.499474,0
-2.092425,-0.912982,1.115732,0
-0.312304,0.591826,-0.714761,0
-0.941523,-0.006144,0.630145,0
-1.096416,-0.118396,-0.949201,0
-0.595144,0.742608,0.016699,0
-0.847999,0.738359,-0.420252,0
-1.074611,0.665257,0.896029,0
-1.831602,-0.255100,-0.914968,0
-1.790120,-0.996454,1.730625,0
-1.020925,0.261327,-0.324489,0
-1.164357,-1.121335,-0.258499,0
-1.878058,0.827669,-0.226531,0
-1.126920,-0.562500,0.458361,0
-0.706012,-0.038965,-0.486641,0
-1.340752,1.294008,-0.254768,0
-1.457589,0.473796,-0.214222,0
-1.824923,-1.293616,1.313420,0
-1.066683,0.852273,0.192500,0
-0.664327,0.295412,0.532752,0
-1.072222,1.934726,0.339750,0
0.251901,1.453866,-1.012420,0
0.052666,-0.491184,-0.662711,0
-1.957874,0.110946,1.148636,0
-0.486690,-0.829967,0.540962,0
-0.721724,-0.059206,0.379542,0
-0.816775,0.235414,-0.743281,0
-1.646983,-0.991211,1.259626,0
-0.211345,0.780927,0.587423,0
-1.275707,1.146230,-0.148826,0
