-0.800830,-0.287729,0
-0.305552,0.019040,0
-0.903864,-0.073319,0
0.110070,0.185920,0
0.638456,0.347686,0
-0.574693,-0.634955,0
-0.573724,0.414494,0
-0.414428,-0.416663,1
-0.040806,0.208936,0
-0.551058,-0.128342,1
-0.391465,-0.731754,1
-0.187728,0.490641,1
-0.211586,-0.231050,1
0.356078,-0.115449,1
0.695631,0.371656,0
0.413640,-0.194299,1
-0.442424,0.052096,0
-0.846613,-0.017117,0
0.417142,-0.450028,0
0.061045,0.843418,0
-0.573245,-0.076340,1
-0.144447,-0.124303,1
0.795317,0.464089,1
0.143943,-0.392410,0
-0.045270,0.281812,0
-0.316267,0.029233,0
0.618850,0.472147,0
0.798183,-0.025072,1
-0.643302,0.493814,0
-0.700484,-0.095839,1
-0.177565,-0.547097,0
0.002875,-0.051911,0
-0.917005,-0.032659,0
-0.405294,-0.490250,1
0.891000,0.450260,1
0.385448,0.686318,0
-0.085652,-0.470609,0
0.811203,-0.022359,1
-0.101689,0.430052,1
-0.550212,-0.303506,1
-0.595020,-0.193515,1
-0.809692,-0.248436,0
-0.423177,-0.510176,1
0.655725,0.399258,0
-0.057273,0.542769,1
-0.509142,0.721829,0
-0.087058,0.085564,1
-0.768421,-0.196057,0
-0.464176,0.617027,0
-0.509739,0.450172,1
-0.853582,-0.215832,0
0.387673,-0.788404,1
-0.085945,0.792653,0
0.018082,0.104363,1
-0.455783,0.594905,0
0.594187,-0.800058,0
-0.005837,-0.463086,0
0.742711,-0.367003,1
-0.517484,-0.766431,0
-0.645174,0.395459,0
0.319133,-0.413594,0
-0.796567,-0.310338,0
0.305128,-0.650149,1
0.473830,-0.375622,0
-0.692529,0.235639,0
-0.158061,0.695143,0
0.447235,0.755994,1
0.487796,-0.534683,1
-0.139643,-0.967986,0
-0.768044,0.054385,0
-0.008541,0.974667,1
0.687382,0.473975,1
-0.130567,0.527369,1
-0.371385,0.068835,0
0.382325,-0.167953,1
0.758497,-0.312546,1
0.181898,0.232327,0
0.311832,0.489369,0
-0.532034,-0.846229,0
0.184512,0.915202,1
0.909765,-0.327691,1
-0.619482,-0.229878,1
-0.295678,-0.559260,1
0.224666,-0.063722,1
0.495125,-0.783875,0
-0.089055,0.182508,0
0.690100,0.119180,0
0.224716,-0.440467,0
-0.353451,0.853331,1
-0.314622,0.386865,1
-0.283672,0.867276,1
0.356645,0.087159,1
-0.818069,-0.458843,0
0.002360,-0.908303,0
0.213466,0.382879,1
-0.138181,0.917788,1
-0.145934,0.318744,0
-0.115808,0.725968,0
-0.447756,0.530741,0
0.559615,-0.735322,1
0.567478,-0.724057,1
-0.695897,0.488599,0
0.273829,-0.513965,0
-0.422268,0.243222,1
0.659068,0.439551,0
0.161011,0.482687,1
-0.198569,0.828647,0
0.780088,0.302683,1
0.821357,-0.335720,1
0.028652,-0.626399,0
-0.804979,-0.392049,0
-0.445786,0.754636,0
-0.127371,-0.878309,0
-0.969421,0.004583,0
-0.691639,-0.665318,0
-0.506817,0.582190,0
-0.179283,-0.477061,0
0.858379,0.398449,1
0.766162,0.517446,1
-0.162001,-0.072828,1
0.000133,-0.635965,1
-0.057750,0.801564,0
-0.807318,-0.277662,0
0.104247,-0.985961,0
0.386618,-0.867101,0
-0.612360,0.581639,0
-0.259150,-0.058146,1
0.336275,0.613479,0
0.063545,0.366854,1
-0.381937,0.371906,1
0.701536,0.111245,0
-0.045904,-0.477747,0
0.634184,-0.187525,0
-0.670079,-0.241298,1
-0.672482,0.330054,0
0.122737,0.269768,0
0.131618,0.315418,0
0.329457,0.378724,1
-0.631235,0.717098,1
-0.039638,0.109615,1
-0.341049,-0.703363,1
-0.276906,0.722496,0
0.663491,0.341157,0
0.094402,0.365027,1
-0.139027,0.807983,0
0.486932,0.190894,1
-0.433316,0.814450,1
-0.479051,0.689421,0
0.084218,0.652567,0
0.004840,0.076324,1
-0.544953,-0.742803,0
0.366813,-0.289654,0
-0.567158,0.375538,1
0.431064,0.527244,0
-0.259435,0.883466,1
0.575742,-0.372155,0
-0.564172,0.456984,0
0.627609,0.002512,0
0.271434,-0.851442,1
-0.308067,-0.644348,1
0.431976,0.689558,0
0.302433,0.313568,1
-0.207190,0.014480,1
0.403475,0.225651,1
-0.609983,-0.165462,1
-0.247105,0.130582,0
-0.281996,-0.671363,1
0.758427,-0.311944,1
-0.234648,-0.805745,1
0.196767,0.416475,1
-0.458481,0.888701,1
0.585473,0.204103,0
0.091127,0.978957,1
0.699007,-0.606440,1
0.292525,-0.508183,0
0.408039,-0.304000,0
0.530538,-0.529637,1
-0.071361,-0.751458,1
-0.201000,-0.312934,0
-0.063402,0.564352,1
-0.118679,0.081639,1
-0.501886,-0.501167,1
-0.158523,0.552263,1
0.474344,-0.126321,0
0.168805,-0.434529,0
-0.147364,-0.132188,1
-0.040969,-0.854839,1
0.359629,-0.632930,1
-0.158839,0.077097,1
0.547461,0.093765,0
-0.379759,-0.653539,1
0.780831,0.556839,1
0.910813,-0.337847,1
-0.361522,0.868127,1
-0.259759,0.136592,0
-0.633040,-0.292969,1
0.406833,0.208437,1
-0.740707,-0.118823,1
0.446648,-0.065247,1
-0.704089,-0.594322,0
0.079914,0.655541,0
-0.227252,0.921074,1
-0.267362,-0.062125,0
-0.968360,-0.086986,0
-0.373441,0.812471,0
-0.530147,-0.462627,1
-0.525376,0.108332,1
-0.594500,0.214865,1
-0.755077,-0.227540,0
-0.002234,0.905200,1
0.560740,0.158007,0
-0.426523,-0.872478,0
0.204542,0.200036,0
0.737409,-0.585383,1
-0.217273,-0.857091,0
0.629483,0.027650,0
-0.084631,0.551379,1
-0.320594,-0.103733,0
0.732568,0.212339,0
-0.040719,0.341857,0
0.191920,0.957047,1
0.247056,0.577179,0
-0.965273,-0.192203,0
0.101175,-0.168932,1
-0.674990,0.674652,1
-0.041410,0.529552,1
-0.125312,-0.101417,1
0.203947,-0.387903,0
-0.244994,-0.057317,1
0.014324,0.670376,0
-0.505938,0.693731,0
-0.433358,-0.773370,0
-0.093930,0.525923,1
0.482970,-0.184457,0
0.675168,0.517698,1
0.623340,-0.589646,1
0.551180,-0.275485,0
0.241422,0.876190,1
0.405742,0.273854,1
0.098595,-0.390311,0
-0.403637,-0.359042,0
0.354478,0.610687,0
0.304418,-0.122024,1
-0.596101,0.643656,0
-0.606002,-0.044253,1
-0.192948,0.635420,0
-0.168064,0.206219,0
-0.519927,-0.065974,1
-0.152633,-0.633975,1
0.345821,0.443730,1
0.006983,-0.299701,1
0.054417,0.318317,0
-0.451161,-0.641165,1
-0.803708,-0.375992,0
-0.430677,-0.399809,1
-0.732336,-0.122201,1
-0.512939,-0.273138,1
-0.138556,0.891627,1
-0.190600,0.255442,0
-0.152626,0.616452,1
-0.109138,0.679310,0
-0.177329,-0.273707,1
0.916988,0.302744,1
0.660319,-0.235645,0
0.668769,0.006140,0
-0.791915,-0.324247,0
0.706439,0.262502,0
-0.120714,-0.809341,1
-0.209447,0.146950,0
0.068459,0.277613,0
0.169241,-0.316788,1
0.695925,0.122335,0
-0.197501,0.612913,1
-0.574920,-0.537183,1
0.468957,-0.414647,0
-0.230398,0.175396,0
0.847855,-0.236329,1
0.430674,0.469192,0
-0.045968,-0.690040,1
0.659851,0.744585,1
0.456911,-0.271691,0
0.022198,0.330723,0
-0.341788,-0.808561,0
0.435935,-0.277740,0
0.185077,0.894161,1
-0.520486,-0.275534,1
0.488137,0.260104,0
0.796560,-0.557831,0
0.570065,0.456411,0
-0.813246,0.026976,0
-0.815279,0.208952,0
-0.642301,-0.157068,1
0.400391,-0.628366,1
-0.313511,0.608445,0
-0.314766,-0.393750,0
0.328511,0.029316,1
-0.076523,0.937047,1
0.167623,0.402991,1
-0.338487,-0.002947,0
-0.742843,0.526921,0
-0.408182,0.827222,1
-0.016668,-0.221428,1
-0.145802,0.168053,0
0.583531,-0.302526,0
-0.003640,-0.731236,1
0.303724,-0.491216,0
-0.610067,-0.367765,1
0.538100,-0.627884,1
0.145823,-0.538423,0
-0.690837,-0.686555,0
0.864569,-0.029324,1
0.310498,0.594929,0
0.120325,0.567656,1
0.121849,0.712143,0
0.394878,-0.894819,0
-0.509286,-0.750924,0
0.273234,-0.521762,0
0.460973,0.284219,1
0.866153,0.044503,1
0.981693,-0.137487,0
0.313268,0.285417,1
0.371297,0.703201,0
0.917651,-0.090603,1
-0.924683,0.063474,0
0.370974,-0.615520,1
0.376920,0.235543,1
0.355155,-0.312582,0
-0.169528,-0.524520,0
-0.942498,-0.321663,0
0.899027,0.330736,1
0.156575,0.360000,1
-0.385045,0.022728,0
-0.595497,-0.403352,1
0.882065,0.256538,1
0.420972,0.799716,1
-0.834066,0.496288,1
-0.136810,0.536909,1
-0.227549,0.235923,0
-0.072472,0.602923,1
0.711403,0.182601,0
-0.167448,0.612746,1
-0.422637,-0.268421,0
-0.056517,0.733938,0
-0.243334,-0.503918,0
-0.844913,-0.358093,0
0.131112,-0.299942,1
0.601287,0.011880,0
-0.059832,-0.626261,1
0.050296,0.531906,1
0.144652,-0.564405,0
-0.385572,-0.911865,0
-0.830468,-0.293993,0
0.646573,-0.073802,0
0.202089,0.801660,0
0.568105,0.415942,0
0.838811,0.466549,1
0.050766,0.675679,0
0.530928,-0.818121,0
-0.624263,0.132215,1
0.193759,0.315904,1
0.505954,0.441562,0
0.183600,0.482615,1
0.400768,-0.766104,1
0.014521,0.259000,0
0.694595,-0.268827,1
0.437179,0.893881,1
-0.209674,-0.360732,0
0.695540,-0.641569,0
0.824980,0.105976,1
0.210030,0.355907,1
0.287855,0.585767,0
-0.511878,-0.518386,1
-0.098329,0.994076,1
0.476691,0.323944,0
-0.680832,-0.508788,0
-0.417055,-0.564088,1
-0.349616,-0.722460,1
0.167085,-0.102308,0
-0.858332,-0.395735,0
-0.208427,-0.068007,1
0.243533,-0.512887,0
0.290424,0.298743,1
-0.978535,0.115404,0
-0.595281,0.231495,1
-0.528689,0.692574,0
-0.182738,-0.040567,1
-0.046491,-0.902636,0
0.804205,-0.569800,0
0.421308,-0.876627,0
-0.078588,-0.995747,0
-0.440715,0.571796,0
-0.530512,-0.576539,1
-0.669365,0.261061,1
0.355454,0.574167,0
0.748174,-0.354122,1
-0.127090,0.769639,0
0.761282,0.277630,1
0.001135,-0.767407,1
-0.029796,0.818397,0
0.192026,0.144392,0
0.241756,0.341535,1
-0.424265,-0.336936,0
0.464908,0.497147,0
0.068943,-0.050889,0
0.750563,0.538431,1
0.372571,-0.918803,0
-0.200508,-0.271975,0
0.655365,-0.452334,1
0.373903,-0.471725,0
-0.682695,0.135185,1
0.805905,0.318440,1
0.367778,-0.223891,1
0.136837,-0.440196,0
0.920501,-0.325833,0
-0.294661,0.162257,0
0.825322,0.480610,1
-0.221779,-0.507361,0
0.504803,0.847163,1
0.441750,0.255366,1
0.385594,-0.185678,1
0.336563,-0.814914,1
0.542347,-0.008072,0
-0.267248,-0.083750,0
0.520204,0.050057,0
-0.631503,0.419213,0
-0.820499,-0.315644,0
0.184977,-0.804796,1
0.965430,0.010299,1
0.675815,-0.256350,1
0.502938,0.180618,0
-0.409187,-0.055312,0
-0.838507,0.301357,0
-0.235524,-0.105755,1
0.610789,-0.687201,1
0.688256,0.713007,1
-0.648371,-0.079296,1
0.060709,0.433941,1
0.049271,0.651522,0
-0.621371,0.485255,0
0.257802,0.789422,0
-0.316333,0.656603,0
-0.693042,-0.372031,1
-0.059232,0.613902,1
0.630754,-0.241099,0
0.281175,0.366480,1
-0.243464,0.632804,0
-0.712816,-0.050625,1
-0.181972,0.010571,1
0.352555,-0.709978,1
-0.831605,-0.389643,0
-0.367365,-0.236889,0
0.263995,-0.060407,1
0.391079,0.189641,1
-0.142660,-0.668153,1
-0.196457,-0.511906,0
0.090748,-0.915281,0
-0.203341,0.667385,0
-0.640055,0.614687,0
0.481987,0.340050,0
-0.957171,-0.165459,0
0.444898,0.709516,1
-0.527373,0.082610,1
0.017127,0.863706,0
-0.804447,0.075794,0
-0.637438,0.286302,1
0.160513,-0.782863,1
0.133586,-0.121964,0
-0.454579,-0.281159,0
0.544933,0.223378,0
-0.269087,0.026920,0
-0.436572,-0.226258,0
-0.015034,0.306360,0
0.903016,-0.196418,1
0.383893,-0.624357,1
-0.724511,-0.565098,0
0.234237,-0.361949,0
0.721204,-0.605250,1
-0.144813,-0.145210,1
0.272785,0.214082,1
-0.214964,0.818207,0
0.041585,-0.336163,1
0.356888,0.605012,0
0.437579,0.218349,1
0.798512,-0.577455,0
-0.475291,0.701528,0
0.226127,0.908602,1
-0.922829,0.112318,0
-0.690377,-0.683480,0
0.270761,-0.414888,0
-0.248578,-0.495003,0
0.223162,-0.527374,0
-0.100253,-0.921651,0
0.327417,-0.827468,1
0.292432,-0.887548,0
-0.557580,0.032324,1
-0.362664,0.326770,1
0.017658,-0.564152,0
0.749315,0.542366,1
-0.862624,-0.024558,0
0.450968,-0.785453,1
-0.468934,0.358521,1
-0.654297,0.282489,1
0.755115,-0.236735,1
0.647215,0.082532,0
-0.064202,-0.060353,1
0.194984,-0.073463,0
0.436713,-0.403803,0
0.380964,-0.545630,0
0.032045,0.130279,0
0.383968,-0.806518,1
0.208296,0.915034,1
0.552003,0.553999,0
0.197523,0.415522,1
0.122865,-0.047363,0
-0.821213,-0.229920,0
-0.964831,0.114585,0
0.709726,0.230153,0
-0.403822,0.309886,1
-0.241361,0.628223,0
-0.559834,-0.244625,1
-0.202356,-0.454113,0
-0.260631,0.411376,1
-0.034625,0.294168,0
-0.141681,-0.718026,1
0.000265,-0.431955,0
0.512127,0.041387,0
-0.557226,-0.620316,0
0.041368,-0.628304,0
-0.316047,0.637546,0
0.681582,0.442592,1
0.265769,-0.878252,0
-0.332365,-0.598952,1
-0.754976,0.407004,0
0.698376,-0.222202,1
0.635838,0.405270,0
-0.133962,0.882643,1
0.290951,0.724357,0
-0.707598,0.676744,1
0.332603,-0.264824,1
0.106872,-0.259619,1
-0.817027,0.277287,0
-0.089798,-0.619059,1
0.340700,0.577837,0
-0.218012,0.585724,1
-0.015159,-0.405588,0
0.927394,-0.316783,0
0.372210,0.563232,0
0.445875,0.379439,0
0.287236,0.003257,1
-0.009818,0.343664,0
0.377228,-0.902946,0
-0.915955,0.388746,1
-0.114492,-0.732982,1
-0.333968,0.795710,0
0.373546,0.429947,0
0.592456,-0.641613,1
0.041605,0.396569,1
0.083082,0.130093,0
0.634816,-0.471043,1
-0.490469,0.597421,0
0.852427,0.426684,1
0.183443,-0.157391,1
-0.229652,-0.439328,0
-0.060338,-0.145607,1
0.121411,-0.384550,0
0.620880,0.769369,1
-0.377818,-0.005574,0
0.199316,-0.785362,1
0.352813,0.223674,1
0.734489,-0.605582,0
-0.379757,-0.182429,0
0.524511,-0.744941,1
0.852480,0.485976,1
-0.087339,0.397671,1
-0.452485,0.683009,0
0.312347,0.658813,0
-0.476790,-0.066773,0
0.428181,0.145392,1
0.927653,-0.372503,0
0.360030,0.280466,1
0.851171,0.094519,1
0.674885,-0.528586,1
0.912090,0.199396,1
-0.273526,0.258618,0
0.233438,-0.421047,0
-0.255406,0.447665,1
-0.716140,0.657254,1
-0.154664,-0.168625,1
0.340263,-0.196321,1
-0.288561,0.630900,0
0.536478,0.234648,0
-0.435873,-0.035340,0
-0.619960,-0.508221,1
0.592157,0.740070,1
0.772246,0.443328,1
-0.165411,0.447130,1
0.914742,-0.253321,1
-0.353474,-0.358784,0
0.220169,-0.250110,1
0.327629,0.504029,0
-0.023356,-0.346043,1
0.625074,0.688083,1
-0.715144,0.161552,0
-0.077269,-0.151017,1
-0.873789,0.302771,0
0.340762,0.718368,0
0.042841,0.113008,0
0.161696,0.877430,1
-0.439861,0.076439,0
-0.375891,0.206665,0
0.717654,-0.370595,1
0.086629,-0.062176,0
0.379296,-0.585742,1
-0.558147,0.786441,1
-0.412777,-0.222742,0
0.533849,0.563868,0
0.431214,0.158923,1
0.251951,0.716071,0
-0.434946,-0.553314,1
-0.834945,-0.479706,0
0.018825,0.326751,0
-0.602277,0.578964,0
-0.596811,0.021832,1
-0.214372,-0.879156,0
0.058668,0.030533,0
-0.713485,0.500521,0
-0.183026,-0.126261,1
-0.722221,-0.649177,0
-0.562394,0.708993,0
0.509746,0.689557,1
0.425064,0.830221,1
-0.723092,0.341691,0
0.861985,-0.085241,1
-0.506277,-0.828098,0
0.281541,0.279351,1
-0.707254,-0.067222,1
0.151609,0.351413,1
-0.148066,-0.219714,1
-0.688138,0.129713,1
0.131109,-0.250531,1
-0.161294,-0.359145,0
-0.560974,-0.736230,0
-0.528923,-0.696736,0
-0.746112,-0.252016,0
0.189946,0.506940,1
0.064582,-0.041341,0
0.766649,0.558305,1
0.130561,0.048190,0
-0.162343,0.423307,1
-0.225280,0.944280,1
0.427389,0.626655,0
-0.275434,0.739251,0
-0.243632,0.855675,0
-0.511280,0.595073,0
-0.503470,-0.072254,0
0.858843,-0.032394,1
0.231010,-0.887268,0
0.715591,-0.124034,0
-0.737446,-0.094463,1
-0.617094,0.327137,1
-0.114558,-0.005242,1
0.197744,0.723099,0
-0.581935,0.178712,1
0.712364,0.192785,0
0.122992,0.139753,0
-0.180560,0.847557,0
-0.120996,0.575807,1
0.703232,0.367725,1
0.170881,-0.800238,1
-0.704530,0.029724,1
0.167368,0.526481,1
0.142456,-0.117041,0
-0.597554,0.405010,0
0.788496,-0.214648,1
-0.267853,0.652692,0
-0.065093,0.617589,1
-0.352550,-0.867348,0
0.340687,0.065515,1
0.311364,0.053051,1
-0.741700,-0.565644,0
-0.807196,0.077740,0
-0.718087,0.071808,1
-0.560467,0.824428,1
-0.815093,-0.264997,0
-0.145848,0.352275,0
-0.764766,-0.336070,0
0.449282,-0.866235,0
0.676423,-0.615810,1
-0.483159,0.092041,1
0.389388,0.828206,1
-0.737438,-0.662104,0
-0.274572,-0.455525,0
0.409705,0.378975,1
-0.470380,0.849237,1
0.203403,-0.285473,1
-0.933198,-0.154276,0
0.509654,0.455782,0
-0.674233,-0.041064,1
0.343126,0.340901,1
-0.567057,0.715450,0
0.688173,-0.421965,1
-0.084068,-0.911435,0
-0.504791,-0.674364,0
0.467540,0.024829,1
-0.825127,-0.329057,0
0.739357,-0.240886,1
-0.271501,0.806159,0
0.604838,-0.217338,0
-0.891804,0.114492,0
-0.761556,-0.566037,0
-0.563848,0.416555,0
0.168892,-0.237785,1
0.276522,0.601835,0
-0.522335,-0.035305,1
-0.084570,0.095802,1
0.421438,0.396908,0
-0.564531,0.596312,0
-0.644575,-0.203650,1
0.074756,0.817456,0
-0.476857,0.148184,1
0.645446,-0.040705,0
-0.435261,-0.185661,0
-0.583827,-0.800826,0
-0.194044,-0.403956,0
0.132026,0.113284,0
0.366253,0.567495,0
-0.290405,0.434105,1
0.742320,0.065021,0
0.025284,0.809467,0
0.626923,-0.664373,1
0.248224,0.272370,1
0.294922,0.812963,1
-0.913292,0.016432,0
0.654224,-0.497118,1
0.215606,-0.539820,0
0.098925,0.255583,0
-0.818434,-0.209229,0
0.224928,0.313592,1
0.904055,-0.408819,0
-0.118913,-0.386350,0
-0.653289,-0.296045,1
-0.196005,0.692132,0
-0.035498,0.789744,0
0.865182,0.051210,1
-0.193824,0.519405,1
0.277365,-0.838848,1
0.443788,-0.497707,0
0.474744,0.347843,0
0.093474,-0.644169,1
0.961493,0.118761,1
-0.020763,0.640164,0
0.374502,0.325948,1
-0.655881,0.439711,0
0.485143,0.148115,1
0.131844,0.979965,1
0.200334,-0.903655,0
0.769709,0.065516,1
0.147555,-0.424115,0
-0.415079,-0.298353,0
-0.402334,-0.435493,1
0.354663,0.875031,1
-0.274341,-0.201549,0
-0.853706,0.470799,1
-0.443766,-0.892214,0
-0.410441,0.535471,1
-0.138582,-0.907930,0
0.403773,-0.653439,1
0.240184,-0.464383,0
-0.673474,-0.559482,0
-0.368038,-0.903765,0
0.506034,0.779517,1
-0.327881,-0.909045,0
-0.518836,0.269786,1
-0.344539,0.835827,0
0.144817,0.381120,1
-0.365722,0.522141,1
0.581523,-0.219429,0
-0.007060,-0.862244,1
-0.111642,0.582500,1
0.673227,-0.363692,1
0.546561,-0.465354,1
-0.271622,-0.049666,0
-0.118793,0.968563,1
0.485950,0.207733,1
0.303967,0.915115,1
0.245872,-0.338469,1
-0.785580,-0.609311,0
-0.957349,-0.151302,0
0.629269,-0.094229,0
0.761930,-0.482373,1
-0.511730,0.435157,1
0.153935,-0.965169,0
-0.014835,-0.148990,1
-0.410972,0.362710,1
-0.824929,-0.513543,0
0.338796,-0.818860,1
-0.134950,-0.415332,0
-0.157329,0.079470,1
-0.024642,-0.114678,1
0.928168,-0.111812,1
-0.490505,0.557437,0
0.706583,0.228998,0
-0.682939,0.676386,1
0.111311,0.302226,0
-0.472605,-0.037813,0
0.773342,-0.413862,1
0.222144,-0.637631,1
-0.151173,0.287644,0
0.578355,0.713877,1
-0.206653,-0.152331,1
0.306348,-0.278485,1
-0.721048,0.529817,0
0.470237,-0.305675,0
0.656512,0.204674,0
-0.416231,-0.121344,0
0.567043,-0.467384,1
-0.724129,-0.584130,0
-0.724748,-0.076906,1
-0.459759,0.581599,0
0.644609,-0.723901,0
0.805916,0.484710,1
-0.722424,0.617962,1
0.278561,0.860590,1
0.747068,-0.251202,1
-0.445086,0.178400,1
-0.253570,-0.788574,1
-0.616926,0.330199,1
0.090082,0.950117,1
0.862815,0.365952,1
-0.634012,0.683075,0
0.220178,-0.504265,0
0.375647,0.495430,0
0.077029,0.063439,0
-0.808012,-0.525529,0
-0.013000,0.997904,1
0.959181,0.264576,1
0.615865,0.237742,0
0.125165,0.362933,1
-0.458666,-0.267030,0
0.891506,-0.075592,1
-0.936831,-0.018412,0
-0.125475,0.925984,1
-0.652460,0.240513,1
0.609059,0.567719,1
0.736248,-0.015293,0
0.063148,0.155077,0
-0.099404,-0.859823,1
-0.781484,0.092584,0
-0.385353,0.205515,0
0.090487,-0.426172,0
-0.529909,-0.293647,1
0.275336,-0.389380,0
-0.468919,0.166842,1
0.535028,-0.405750,0
-0.479766,-0.504030,1
0.114000,0.126836,0
0.267013,-0.240094,1
0.107179,0.881660,1
-0.544512,-0.564487,1
-0.095981,-0.732941,1
-0.969231,-0.026695,0
-0.934830,0.306105,1
0.583925,-0.403749,1
-0.527054,0.118952,1
0.190501,-0.378624,0
0.528506,0.710735,1
0.117346,0.178572,0
0.840028,0.181034,1
-0.435114,-0.045972,0
-0.692130,0.106277,1
-0.031376,0.574883,1
0.456543,0.831605,1
-0.732883,0.177488,0
0.603991,0.734718,1
-0.159487,-0.923063,0
-0.146330,-0.968986,0
-0.301688,-0.617824,1
0.560748,0.581778,0
-0.003308,-0.874366,1
-0.464194,0.304562,1
0.231911,0.504430,1
-0.120555,0.098094,1
0.580233,-0.664011,1
-0.070302,0.853702,0
-0.751980,0.196815,0
0.031190,-0.572889,0
0.494701,0.181983,1
-0.328628,0.098692,0
-0.083299,0.511885,1
0.175629,0.770371,0
-0.847453,0.284648,0
0.689599,0.713295,1
-0.133574,-0.313709,1
0.838929,0.402232,1
0.990853,0.070839,1
-0.093338,-0.129701,1
-0.831067,-0.513105,0
0.206287,0.098631,0
-0.659403,0.454308,0
-0.704554,0.371788,0
-0.446229,-0.447209,1
-0.111160,0.470472,1
0.240844,0.607575,0
-0.107776,0.628008,1
0.106686,0.758650,0
-0.685701,-0.054386,1
0.160882,-0.694847,1
0.175451,-0.814613,1
-0.445561,-0.618261,1
0.284018,-0.104963,1
0.369612,-0.179405,1
-0.708932,-0.665068,0
-0.677080,0.531911,0
-0.074698,-0.165269,1
-0.406619,-0.796363,0
-0.022398,0.754263,0
-0.491211,-0.005945,0
0.179442,-0.623753,1
0.271284,0.902025,1
0.619490,0.412535,0
0.670987,-0.350229,1
-0.744765,0.106984,0
0.001917,-0.855428,1
0.138972,0.595298,0
0.349561,-0.143002,1
0.110629,0.171369,0
-0.458761,-0.709930,0
0.547616,-0.392782,0
-0.246470,-0.181101,0
-0.490756,-0.203547,1
-0.791011,-0.284289,0
0.365482,-0.756841,1
-0.345852,0.412261,1
0.007560,-0.378101,0
0.478898,0.020322,1
0.310392,0.076105,1
0.895005,0.136599,1
-0.139625,-0.747988,1
0.265334,0.069364,1
-0.032277,0.283814,0
-0.050660,-0.666796,1
0.526973,-0.176777,0
-0.047660,-0.465483,0
0.349579,0.226030,1
-0.672364,-0.642861,0
-0.285740,0.326827,1
0.257651,-0.757251,1
0.346964,-0.431957,0
-0.368035,0.213859,0
0.110919,0.492340,1
0.465871,-0.623748,1
-0.438295,-0.566407,1
0.660067,0.511045,1
-0.233202,0.187040,0
-0.665732,-0.352834,1
0.124357,0.286608,0
0.181682,-0.526064,0
-0.487362,0.509319,0
-0.168925,-0.639432,1
0.746648,0.545335,1
0.687395,0.004299,0
0.788084,0.034359,1
0.572342,0.106938,0
0.008679,-0.795693,1
-0.504150,-0.741648,0
0.769397,-0.012941,1
0.342956,-0.896335,0
0.634225,-0.532686,1
0.390273,-0.184093,1
-0.058750,0.902911,1
0.076173,0.105743,0
-0.014767,-0.351485,1
-0.147178,-0.466522,0
-0.886490,-0.450531,0
-0.679854,-0.390640,1
-0.192178,-0.459592,0
-0.234723,-0.422781,0
-0.319116,0.161692,0
0.289122,-0.762454,1
-0.625300,-0.393218,1
-0.811580,0.450873,0
0.712525,0.173653,0
0.167565,-0.047790,0
-0.541315,0.281075,1
0.501679,-0.221169,0
0.319239,-0.344288,0
-0.113280,-0.153294,1
-0.236054,0.567604,1
-0.143710,0.612828,1
0.850375,-0.336478,1
-0.247806,-0.961205,0
0.212448,-0.786217,1
-0.610075,-0.619986,0
0.165993,-0.151390,1
0.661089,-0.332328,1
0.627441,0.551524,1
-0.022827,-0.053320,0
0.793386,-0.028817,1
0.431497,0.801783,1
-0.689324,0.070258,1
0.787780,0.166966,1
-0.316913,-0.923397,0
0.312378,-0.466539,0
-0.259875,-0.935429,0
-0.427744,-0.145480,0
-0.470710,0.784704,0
0.068303,-0.080785,0
-0.098032,0.395265,1
0.377331,0.879142,1
-0.658055,0.584568,0
-0.444249,0.174533,1
0.937114,-0.133573,1
-0.966608,-0.072123,0
0.801497,0.345770,1
0.461339,-0.458378,0
0.818299,-0.535555,0
-0.141154,0.983018,1
-0.301259,-0.373330,0
-0.978064,0.186156,1
0.479851,-0.636119,1
-0.229276,0.222887,0
-0.500789,0.326476,1
-0.602581,-0.563675,0
-0.807098,-0.357790,0
0.572065,0.031427,0
-0.495661,-0.017594,0
0.065022,0.900481,1
-0.077963,-0.116679,1
-0.133661,0.063667,1
-0.592446,-0.324837,1
-0.335624,-0.570511,1
-0.206630,-0.367956,0
0.367114,0.292581,1
0.008258,-0.642818,1
-0.067813,-0.926720,0
-0.043399,-0.377411,0
-0.501897,-0.649369,1
-0.527849,-0.640578,0
-0.505141,0.265521,1
-0.008535,0.861973,0
-0.441898,-0.050016,0
0.626506,-0.712991,0
0.101406,-0.966750,0
-0.822865,0.479122,0
0.428903,0.018340,1
-0.612839,-0.638910,0
0.091620,-0.355176,1
0.267413,0.850422,1
0.871161,-0.046332,1
0.304300,-0.634766,1
-0.271315,0.799158,0
0.630755,0.720151,1
-0.329865,0.287638,0
-0.524134,0.771541,1
0.320888,-0.346999,0
0.250663,0.330970,1
-0.317020,-0.320434,0
-0.650689,0.070141,1
0.040656,0.440931,1
0.714966,0.255970,0
0.489152,-0.017621,1
0.106393,0.360313,1
0.936047,-0.000524,1
0.729577,0.240346,0
0.364711,-0.541738,0
0.039505,-0.004534,0
-0.821587,-0.299364,0
0.184323,-0.151451,1
-0.379910,0.309162,1
-0.359868,-0.003829,0
-0.449681,-0.010557,0
-0.569627,0.781278,1
-0.153054,0.919526,1
-0.236343,0.953338,1
0.279839,-0.300296,1
-0.047185,0.009416,1
0.467678,-0.020445,1
0.312992,0.646091,0
0.680191,-0.502685,1
-0.505361,0.668465,0
-0.842496,0.114729,0
-0.022373,-0.529305,0
-0.014518,0.617759,1
0.466866,0.535801,0
-0.392798,0.533179,1
0.126777,0.037575,0
-0.042899,-0.921886,0
-0.222183,-0.120124,1
0.246355,-0.282133,1
0.197401,-0.285967,1
0.697422,-0.489607,1
-0.639876,0.377613,0
0.007708,-0.145237,1
0.046078,0.165213,0
0.635908,-0.045025,0
0.641464,0.102774,0
-0.509224,-0.751334,0
-0.364047,0.617553,0
0.286241,0.950410,1
0.591275,-0.756658,0
-0.519718,-0.193660,1
-0.601789,0.726637,1
0.524207,0.595612,0
-0.559330,0.221629,1
-0.893994,-0.199206,0
-0.400757,0.113714,0
0.655558,0.645321,1
-0.721073,0.625050,1
-0.419975,0.310490,1
0.017609,0.070801,1
0.559157,0.653561,1
-0.311647,-0.154602,0
0.603971,-0.720372,0
0.088740,0.632494,0
0.797964,0.569022,1
-0.561166,-0.803825,0
0.184671,0.897793,1
-0.462876,0.783914,0
0.011507,-0.807318,1
0.429235,0.290434,1
0.817732,0.098261,1
0.205268,-0.602243,0
-0.591249,-0.777123,0
-0.186695,0.480409,1
0.112903,-0.765497,1
0.471067,0.551737,0
-0.569322,-0.233273,1
0.514779,-0.777535,0
-0.496943,-0.300550,1
-0.879742,0.040181,0
-0.516636,0.131765,1
0.232863,0.912599,1
-0.577801,0.050595,1
0.010859,0.627467,0
0.448352,0.419610,0
0.850343,-0.083090,1
0.387518,0.726781,0
0.073821,-0.799176,1
0.207190,0.510361,1
0.744864,0.573936,1
-0.659337,0.386609,0
-0.601992,-0.156280,1
0.883901,-0.430577,0
0.650031,0.116764,0
-0.832641,0.492881,1
0.699696,0.615711,1
-0.087508,0.550040,1
-0.467378,-0.699990,0
0.276821,0.606443,0
-0.499167,-0.515989,1
0.116804,-0.396298,0
-0.195897,-0.138332,1
-0.822361,-0.324067,0
0.037210,-0.481698,0
0.362022,-0.851398,0
0.953483,0.245923,1
-0.281975,0.603515,0
-0.637314,0.200047,1
0.675744,-0.469955,1
-0.307072,0.375441,1
-0.074520,-0.321622,1
-0.715179,-0.593737,0
-0.313688,0.401625,1
0.009966,0.490415,1
-0.736707,0.187604,0
-0.833651,0.300503,0
-0.264279,0.067928,0
-0.622507,-0.310795,1
-0.686150,0.095518,1
-0.707281,-0.323463,1
0.206582,-0.011506,0
0.343904,0.352339,1
-0.406086,-0.730616,0
-0.528314,-0.684461,0
-0.094393,0.157998,0
0.103177,-0.185238,1
0.280961,-0.190917,1
0.043653,-0.983318,0
0.877011,0.421146,1
-0.294114,-0.809139,0
-0.483336,-0.001395,0
-0.132602,-0.187771,1
-0.032931,-0.926020,0
0.426319,-0.605364,1
-0.419643,0.457036,1
-0.106020,0.052043,1
-0.789960,0.489738,0
0.715160,-0.141547,0
0.470195,-0.181663,0
0.673215,-0.248844,0
0.627420,-0.283132,0
-0.232162,0.504431,1
-0.861986,0.473724,1
0.695292,-0.345322,1
-0.527671,-0.437310,1
0.466907,0.439398,0
-0.363330,0.267629,1
0.662266,-0.669273,0
0.520025,-0.443754,0
0.382770,0.292599,1
-0.644167,0.592810,0
-0.217663,-0.929008,0
-0.548737,-0.747467,0
-0.110671,-0.875521,0
0.003689,-0.483252,0
-0.158653,0.771526,0
-0.978821,-0.020639,0
0.245250,0.716471,0
0.634039,0.717579,1
-0.720839,0.100946,1
0.156977,-0.084170,0
-0.631425,-0.092652,1
-0.021181,-0.969159,0
0.238075,-0.501156,0
-0.412914,-0.379155,1
0.791443,-0.057081,1
-0.786345,-0.426220,0
0.013911,-0.335082,1
-0.173687,0.903240,1
-0.210603,0.830002,0
-0.580012,0.630744,0
0.601528,-0.558833,1
-0.389895,-0.153222,0
-0.435642,-0.563201,1
0.345089,0.721335,0
0.352630,0.713665,0
-0.371317,-0.668551,1
-0.169708,-0.668409,1
-0.512398,-0.378265,1
0.274510,-0.298743,1
0.195515,-0.711579,1
0.851830,-0.388351,1
0.786317,0.453358,1
0.052817,-0.603579,0
-0.699864,0.210455,0
-0.359435,-0.135506,0
-0.414171,-0.000117,0
0.699319,0.214512,0
0.331332,0.443824,1
0.081270,-0.838376,1
0.775415,0.568872,1
-0.216641,0.049925,1
0.338346,0.636305,0
0.305891,0.194472,1
-0.595073,-0.384819,1
-0.399165,0.056350,0
0.052064,-0.699846,1
-0.729138,-0.616604,0
0.743978,0.352132,1
-0.454980,0.519393,0
-0.078996,0.328380,0
-0.430682,0.191134,1
0.307255,0.907663,1
-0.172561,0.307958,0
0.437670,-0.380683,0
0.160490,0.579325,1
-0.802488,-0.533619,0
-0.226202,-0.827873,0
-0.927592,0.178725,0
-0.212692,-0.457071,0
0.230905,0.388143,1
0.599279,-0.717031,0
-0.333635,0.432275,1
0.222274,0.211386,0
-0.048333,-0.856722,1
-0.460235,0.520985,0
0.334412,0.847020,1
0.428648,-0.838149,0
0.154978,-0.133682,1
-0.218832,-0.684532,1
-0.554356,-0.021320,1
-0.218151,0.219442,0
0.150808,-0.145743,1
0.397186,0.629071,0
0.326259,-0.003535,1
0.912040,0.014556,1
-0.133394,-0.421594,0
0.789791,0.398498,1
-0.080517,0.566570,1
0.728421,0.331554,1
0.214450,-0.490410,0
0.647022,0.660094,1
0.488270,-0.571129,1
-0.120465,-0.360922,0
0.283128,0.277701,1
-0.422807,-0.319687,0
-0.093228,0.903452,1
0.676778,-0.181187,0
-0.081993,-0.456615,0
0.397218,0.364838,1
-0.367735,0.187010,0
-0.236665,-0.135577,1
0.516566,0.682818,1
-0.569007,0.693143,0
0.024697,0.245399,0
-0.330996,-0.328280,0
-0.094508,-0.842726,1
0.100591,0.785027,0
-0.203648,-0.616281,1
0.062729,0.373545,1
0.064032,0.969501,1
0.276997,-0.259190,1
-0.211687,-0.804996,1
0.284195,-0.814468,1
0.372541,-0.676823,1
-0.219118,-0.110892,1
0.371289,0.606948,0
-0.802433,0.379259,0
0.972862,-0.006081,1
0.762977,0.035591,1
-0.632536,-0.172991,1
0.005092,0.644460,0
0.567819,0.793405,1
0.839464,-0.147986,1
-0.231526,0.351478,0
0.722483,0.549356,1
-0.238769,-0.177164,1
-0.570216,0.047764,1
-0.827187,-0.291548,0
0.235599,-0.629619,1
-0.912290,0.208462,0
0.364300,0.850688,1
-0.322303,0.249144,0
0.376224,-0.754484,1
0.042549,0.215688,0
0.097530,0.021486,0
-0.385006,0.866003,1
-0.627036,-0.662523,0
0.415359,-0.386451,0
0.436385,0.831377,1
-0.120859,-0.518077,0
-0.425379,-0.885260,0
-0.147696,-0.337668,0
0.323202,-0.783396,1
-0.486981,0.567255,0
0.948367,0.190716,1
-0.183601,0.324591,0
0.436231,0.858948,1
-0.459721,-0.466239,1
-0.119566,0.155273,0
-0.600235,0.253398,1
0.492750,0.815124,1
0.390082,-0.699177,1
0.169502,-0.730777,1
-0.217253,0.744123,0
-0.616037,0.635051,0
-0.593545,0.707165,0
0.851654,-0.080526,1
0.274420,0.800021,0
0.124612,0.546421,1
-0.919817,-0.169798,0
-0.179837,-0.520053,0
0.253880,0.261700,1
-0.412392,-0.576619,1
0.530922,0.370355,0
0.005405,-0.426041,0
0.622051,-0.142940,0
0.493433,-0.103529,0
-0.342919,0.603623,0
-0.012710,0.781692,0
0.150045,-0.062942,0
0.446583,0.230227,1
0.801408,-0.548723,0
-0.707970,0.055287,1
0.712977,-0.120362,0
0.478669,0.243899,1
-0.750007,0.646173,1
0.158784,0.255398,0
-0.779868,-0.219165,0
0.677306,-0.230462,0
0.317189,-0.335404,0
-0.448769,-0.532767,1
0.697461,0.368914,1
-0.735441,0.407635,0
0.219775,-0.155782,1
0.412881,0.021183,1
0.295495,0.704911,0
-0.923530,0.008471,0
-0.415451,0.555139,0
-0.747630,-0.165459,1
0.201312,0.411155,1
0.135010,0.869295,1
-0.028065,-0.547801,0
-0.466109,0.523166,0
-0.080568,-0.864455,0
0.520979,-0.383107,0
0.504459,0.785538,1
-0.370244,0.437408,1
0.142319,0.821886,0
-0.066278,0.726868,0
0.377025,0.186093,1
-0.438591,-0.421663,1
-0.402753,-0.348652,0
-0.146255,0.134790,0
-0.341468,0.825681,0
0.586989,0.192423,0
0.348846,-0.493579,0
0.327967,-0.130174,1
0.123314,-0.167574,1
-0.344636,0.147841,0
0.556660,0.285120,0
-0.414750,0.302076,1
0.210371,0.727569,0
0.123963,-0.855907,1
0.454436,-0.499012,0
0.079324,0.927433,1
-0.332806,0.079105,0
-0.283330,0.520939,1
-0.786105,0.375201,0
0.346620,0.800884,1
-0.432376,-0.304533,0
0.565292,0.430619,0
-0.271983,-0.779344,1
-0.421539,-0.715323,1
0.505775,0.163710,0
0.586754,-0.283854,0
-0.108721,-0.289284,1
-0.139761,-0.654284,1
0.211704,-0.809575,1
-0.638439,-0.708972,0
-0.882142,0.028755,0
0.370134,-0.165473,1
-0.450306,0.584029,0
0.384913,-0.222648,1
-0.408219,0.692219,0
-0.327057,-0.842927,0
0.122838,0.400960,1
-0.622271,0.701299,1
-0.134991,0.272391,0
-0.400350,0.756288,0
-0.897996,0.194812,0
0.650314,-0.536435,1
0.485840,0.768171,1
0.492320,-0.144026,0
-0.559997,-0.187573,1
0.589779,-0.469890,1
0.517135,-0.737278,1
-0.312816,-0.360027,0
0.663682,0.064913,0
-0.658728,0.349319,0
-0.051583,0.206282,0
-0.378290,0.548068,1
-0.037430,-0.395182,0
0.007957,0.064574,1
0.799629,-0.341729,1
0.528139,0.285469,0
-0.573557,0.020459,1
-0.858557,0.029141,0
0.062474,-0.418555,0
0.841568,0.000803,1
-0.593639,0.431347,0
-0.436530,0.357750,1
0.283010,-0.095258,1
-0.292931,-0.768573,1
-0.888976,0.328779,0
0.779495,0.073594,1
0.933596,-0.212548,1
0.445723,0.666307,0
0.018695,0.872166,0
-0.313234,0.160138,0
-0.098693,0.749240,0
0.741583,-0.257125,1
-0.249958,-0.852055,0
-0.500948,-0.365089,1
0.226040,0.782062,0
0.261889,0.792984,0
-0.275728,0.195485,0
-0.419563,-0.137560,0
-0.071289,-0.973840,0
0.898326,0.215514,1
0.107543,-0.200367,1
-0.035246,-0.150873,1
0.542508,0.714796,1
-0.002929,0.716730,0
0.995752,0.068513,1
0.585021,-0.505196,1
0.703424,-0.188939,0
-0.723134,0.243078,0
-0.255830,-0.709644,1
-0.106244,-0.993941,0
0.201544,-0.336224,1
-0.310064,0.009216,0
-0.775271,0.185204,0
0.387895,0.189483,1
-0.965670,-0.069596,0
-0.095721,0.031402,1
-0.352866,-0.099969,0
0.394835,0.803338,1
0.043215,0.671701,0
0.046416,0.787385,0
0.558200,-0.005012,0
0.125243,0.399109,1
0.047884,0.202903,0
-0.611893,0.375267,0
-0.537904,-0.577563,1
-0.694329,0.366375,0
0.453839,-0.047195,1
-0.733594,0.553753,0
0.184959,0.661241,0
0.357092,-0.771826,1
0.332942,-0.596492,1
0.340396,0.901880,1
-0.196008,-0.950431,0
0.448679,-0.011569,1
0.132138,0.436050,1
-0.738955,0.520245,0
-0.188682,-0.276859,0
0.942682,0.116988,1
-0.910484,0.396522,1
-0.049725,0.254752,0
0.482926,0.350106,0
-0.289125,0.498485,1
-0.354895,0.054555,0
-0.043565,-0.888519,0
-0.964930,-0.103017,0
0.885414,0.172854,1
-0.080201,-0.853541,1
-0.306901,0.731117,0
-0.130400,-0.364219,0
-0.151895,-0.040884,1
-0.967697,-0.082102,0
0.315038,-0.017422,1
-0.827351,0.332201,0
0.289945,0.655575,0
0.154060,0.327412,1
0.055375,-0.538452,0
-0.426971,0.347982,1
-0.091207,-0.386255,0
-0.168269,-0.205793,1
-0.059334,-0.520303,0
0.482646,0.810265,1
0.115479,-0.669249,1
-0.230619,0.147781,0
0.248649,-0.915581,0
-0.869641,0.421298,1
0.416620,0.420304,0
0.076873,-0.901073,0
0.421124,-0.769067,1
0.426339,-0.523501,0
-0.307519,-0.260749,0
-0.511692,0.265510,1
-0.912766,0.397101,1
0.879255,-0.081035,1
-0.329505,0.131974,0
-0.057761,0.261029,0
-0.516107,0.711619,0
-0.591190,0.732542,1
0.796038,-0.460831,1
0.153840,0.212658,0
0.311585,0.380597,1
-0.538354,-0.262076,1
0.857095,0.154127,1
0.477175,-0.654596,1
-0.580363,0.564409,0
0.964744,0.153868,1
0.065786,-0.889706,0
0.371323,0.790902,1
0.523444,0.515682,0
-0.680698,-0.322716,1
-0.271660,-0.721224,1
-0.092004,-0.960075,0
0.659372,0.369642,0
-0.222151,0.516467,1
-0.476231,-0.744976,0
0.861871,-0.056595,1
0.242297,-0.697193,1
0.538188,0.207041,0
0.456675,-0.396026,0
0.317335,-0.236315,1
-0.388001,-0.311341,0
-0.445413,-0.668357,1
0.847326,-0.211906,1
-0.244686,-0.424334,0
0.066870,0.663310,0
-0.384409,-0.273758,0
0.032953,0.393440,1
-0.757290,0.556721,0
-0.499873,0.467897,1
0.770704,0.247145,1
-0.050536,0.227379,0
-0.044542,-0.454350,0
-0.205238,0.424250,1
-0.376319,-0.357913,0
-0.787656,0.378995,0
0.217753,0.279214,1
0.042305,0.833344,0
0.226784,-0.751834,1
0.631979,-0.124752,0
0.308847,-0.176007,1
0.341227,0.159966,1
0.090793,0.332291,0
0.470501,-0.498378,1
0.059933,0.682845,0
-0.037941,-0.077078,0
-0.888970,-0.032484,0
-0.001821,0.337813,0
0.215682,-0.369842,0
-0.786939,0.568429,1
-0.237736,-0.443794,0
0.630131,-0.363207,1
-0.329946,-0.061022,0
0.343572,0.722029,0
-0.402171,0.221514,0
0.723135,0.199808,0
0.751175,0.603752,1
0.477494,-0.286766,0
-0.473327,0.588524,0
0.680750,0.524853,1
-0.073663,-0.103568,1
-0.844989,0.139398,0
-0.535140,-0.082725,1
0.554068,-0.634341,1
0.033970,0.014854,0
-0.623060,0.132915,1
0.566433,0.720513,1
-0.145056,-0.835738,1
-0.057974,-0.005181,1
-0.767409,-0.334838,0
-0.731087,0.672122,1
-0.303000,-0.204413,0
0.260646,-0.622250,1
0.274182,-0.524549,0
0.326382,0.739043,0
0.392726,0.021986,1
0.834035,-0.053206,1
0.387644,-0.131995,1
0.485097,-0.144136,0
0.692343,-0.572876,1
0.092285,-0.954690,0
0.908700,0.361199,1
0.717432,-0.394299,1
-0.843215,-0.021922,0
-0.016549,-0.522775,0
0.165061,-0.742366,1
-0.047324,-0.508557,0
0.513429,0.830711,1
0.292196,-0.098927,1
-0.301284,0.253845,0
-0.334342,-0.300365,0
-0.218074,-0.849245,0
0.555499,-0.525731,1
-0.422121,0.406182,1
-0.600797,0.670164,0
0.451492,-0.692097,1
0.031362,0.168924,0
-0.086396,0.188148,0
0.665373,0.312064,0
-0.845311,-0.381951,0
-0.036549,0.316936,0
-0.781991,-0.319207,0
0.509492,-0.116333,0
0.380428,-0.708582,1
0.034422,-0.064073,0
-0.234314,0.612300,0
-0.657892,0.164889,1
0.282464,0.793600,0
0.472792,-0.686173,1
-0.037475,-0.613604,0
0.501974,0.109527,1
-0.716549,0.167347,0
-0.578409,-0.561860,1
-0.410494,-0.251153,0
0.542034,-0.428417,0
0.004494,0.760043,0
0.252375,-0.486014,0
-0.356291,-0.367197,0
-0.194596,0.678131,0
0.568730,0.571090,0
0.290431,0.910838,1
-0.264021,-0.427105,0
-0.113278,-0.333036,0
-0.404833,-0.611303,1
0.776491,-0.121382,1
0.556044,-0.801918,0
0.316759,0.341440,1
-0.522153,0.094780,1
0.608766,-0.631034,1
-0.636974,-0.585830,0
0.842595,-0.278762,1
-0.069991,-0.202855,1
-0.786003,0.525176,0
-0.596206,-0.258115,1
-0.916675,-0.388250,0
-0.423036,-0.895335,0
0.268392,-0.697780,1
0.834887,-0.122842,1
-0.328814,-0.802087,0
0.291328,-0.281718,1
-0.870331,0.276587,0
0.519297,-0.072166,0
-0.236622,0.733294,0
0.723782,-0.143196,1
-0.308895,0.912352,1
-0.422643,-0.225570,0
-0.475899,-0.795826,0
-0.051958,0.101065,1
0.403286,-0.856274,0
0.093592,-0.925529,0
-0.658361,-0.615081,0
-0.207246,-0.528691,0
0.661507,-0.151436,0
-0.556428,0.659332,0
-0.185203,0.962870,1
-0.412834,0.578175,0
0.696164,0.040176,0
0.527395,0.419946,0
0.332297,-0.525664,0
-0.007070,0.856399,0
-0.321490,0.940972,1
-0.042536,-0.012651,1
0.131075,0.250998,0
-0.564779,0.472714,0
0.635917,0.227975,0
0.944023,0.297424,1
-0.043245,-0.108665,1
-0.649535,0.543921,0
0.466575,-0.518924,1
-0.784596,-0.201128,0
-0.044587,0.208334,0
-0.344729,0.633923,0
0.149306,0.612735,0
-0.378728,0.306712,1
-0.442290,-0.591295,1
0.225062,-0.806373,1
0.636680,0.169085,0
0.491050,0.713218,1
0.556680,-0.552194,1
-0.395447,0.907145,1
0.991726,0.074063,1
0.070967,0.420349,1
0.056899,0.286371,0
-0.505295,-0.125509,1
0.646235,0.644011,1
-0.512774,-0.732493,0
-0.049277,-0.539289,0
-0.130584,0.244916,0
0.702060,-0.493904,1
-0.586000,0.193110,1
0.640916,-0.176132,0
-0.791535,-0.031102,0
0.251948,0.265364,1
-0.744730,0.471168,0
0.277675,-0.250025,1
-0.654340,-0.076090,1
-0.606013,-0.167114,1
0.191416,0.344710,1
0.293597,0.211270,1
-0.146857,-0.836987,1
-0.543814,-0.444797,1
-0.330890,-0.129814,0
0.748313,-0.111576,1
-0.159133,0.389228,1
0.712292,-0.281308,1
0.021870,0.610223,1
-0.449709,0.230335,1
-0.420878,0.802238,0
-0.504301,-0.165609,1
0.273406,0.773374,0
0.584366,0.619066,1
0.323063,0.745549,0
0.099970,-0.823794,1
-0.268591,-0.422328,0
-0.573657,-0.520278,1
0.466096,0.267209,1
0.868950,0.178388,1
0.985901,-0.109180,0
-0.211388,-0.463808,0
-0.878845,0.367733,0
-0.661570,-0.383146,1
-0.609772,0.786491,1
0.230902,0.087511,0
-0.023789,0.087907,1
0.264114,0.336965,1
-0.524756,0.380733,1
0.325891,-0.655806,1
-0.440879,0.311791,1
0.235015,0.347733,1
0.847983,0.356170,1
-0.284533,-0.813587,0
0.973023,-0.082408,1
-0.295917,0.029152,0
0.450762,-0.531073,1
-0.287994,-0.573027,1
-0.496845,-0.179052,1
0.477375,-0.864506,0
-0.183529,0.392012,1
-0.805825,0.291715,0
-0.227255,0.520066,1
0.635909,0.331867,0
-0.168143,-0.129076,1
-0.320400,-0.320160,0
-0.772907,0.395066,0
-0.133747,-0.799883,1
-0.687342,-0.335497,1
-0.436633,0.016741,0
0.485668,-0.594340,1
-0.558897,0.042502,1
-0.453930,-0.055742,0
0.079752,-0.320079,1
0.415456,0.273927,1
-0.206008,0.607545,1
0.520068,0.625849,0
-0.521531,-0.800332,0
-0.694311,-0.294437,1
0.594734,0.171942,0
-0.094321,0.907392,1
0.836445,0.469047,1
-0.075867,0.530099,1
0.483176,-0.590199,1
0.452303,-0.518171,1
-0.131463,0.315754,0
0.222216,0.967311,1
0.574856,0.629000,1
-0.241112,0.423402,1
0.119689,0.664567,0
0.330794,-0.043866,1
0.133614,-0.745073,1
-0.513767,-0.383210,1
-0.335272,-0.578007,1
-0.458932,-0.882969,0
-0.096177,0.409605,1
0.432785,0.409096,0
0.357894,0.428459,1
0.329827,-0.419891,0
0.395770,0.438758,0
-0.403683,-0.029374,0
0.067758,-0.761626,1
0.023951,-0.103575,0
-0.680173,0.305810,0
0.447406,0.650621,0
-0.738056,-0.418981,0
0.905547,-0.251823,1
0.197809,-0.429725,0
0.170170,0.738877,0
-0.312694,-0.926007,0
0.148482,-0.879909,0
0.483089,-0.493624,1
0.548550,-0.187084,0
0.086485,-0.055680,0
0.914946,0.319432,1
0.921177,-0.061103,1
-0.278265,-0.464316,0
0.413107,-0.830859,0
-0.249840,-0.908148,0
-0.337873,0.593398,0
0.686846,0.349433,0
0.667391,-0.164672,0
0.469524,0.150480,1
0.341704,0.018075,1
-0.183763,0.750359,0
-0.713957,0.552574,0
0.707114,-0.527652,1
0.227625,-0.542726,0
-0.435801,0.650853,0
-0.594757,0.226326,1
0.244251,-0.907911,0
-0.424240,-0.088358,0
-0.072583,-0.954716,0
0.063358,-0.974481,0
-0.302690,0.025753,0
-0.759411,-0.191698,0
-0.096906,0.775091,0
-0.159529,0.719331,0
0.525450,-0.020063,0
0.257304,0.811494,1
-0.467489,-0.035582,0
0.421692,-0.151960,1
0.410989,0.826935,1
-0.925633,-0.344760,0
0.919024,-0.349873,0
0.566882,-0.153559,0
-0.304590,0.629004,0
0.115562,0.758769,0
-0.215478,0.895112,1
-0.378826,0.687616,0
0.670203,0.461645,1
0.406947,0.195653,1
-0.558418,-0.335749,1
0.007147,-0.025907,0
0.628669,0.290988,0
-0.265772,0.050362,0
-0.122703,-0.786605,1
-0.199543,-0.203679,1
-0.136478,-0.632661,1
0.642762,0.558932,1
0.317701,0.650866,0
-0.428803,-0.897777,0
0.545978,0.192371,0
0.789839,0.216181,1
-0.345985,0.196786,0
-0.588166,0.095597,1
0.861037,0.418980,1
-0.290032,-0.196081,0
-0.459932,-0.151004,0
-0.050864,0.417365,1
0.062392,0.749592,0
-0.385227,-0.197454,0
0.764140,0.185970,1
-0.095230,0.310117,0
-0.621660,-0.305391,1
-0.473702,0.032356,0
0.891395,-0.061868,1
0.242138,0.067080,0
0.001562,0.782206,0
0.199571,-0.021532,0
0.700290,0.413257,1
-0.095619,0.817221,0
0.269705,-0.610773,1
0.191773,0.694634,0
0.070448,-0.903457,0
0.004751,0.448788,1
-0.208849,0.531049,1
-0.518856,-0.317454,1
-0.530819,-0.390903,1
-0.565022,-0.173707,1
-0.193260,0.677117,0
0.459323,0.809450,1
0.759000,-0.341106,1
-0.212082,0.459290,1
0.276510,0.341856,1
-0.918474,0.207004,0
0.226334,0.273299,1
-0.098362,-0.703218,1
0.369841,0.906390,1
0.437439,-0.773286,1
-0.156461,0.906620,1
-0.164189,0.278517,0
-0.267087,0.642551,0
-0.044366,-0.373714,0
0.450853,-0.585044,1
-0.564264,0.209853,1
0.073850,0.223654,0
-0.330857,0.146000,0
-0.084047,0.945653,1
-0.512144,-0.002521,1
0.152657,0.714190,0
0.801612,0.398125,1
0.304745,-0.180933,1
-0.538382,-0.120698,1
-0.336056,0.912471,1
0.294258,0.099680,1
0.122325,-0.631892,1
0.514108,0.239287,0
-0.763235,-0.110222,0
0.716154,-0.492457,1
-0.055927,0.727126,0
-0.851838,-0.095241,0
-0.697116,0.466923,0
-0.405074,0.607628,0
-0.714010,-0.481406,0
0.645286,-0.252392,0
0.397896,-0.690770,1
-0.339921,-0.307846,0
0.408909,0.782404,1
0.060261,0.732243,0
0.573871,-0.425631,1
-0.028471,0.310992,0
-0.423667,0.208295,1
0.715838,0.144843,0
-0.029796,-0.591299,0
0.960113,0.256194,1
-0.072706,0.605399,1
0.914629,-0.336119,0
0.017344,0.323539,0
0.055781,-0.979843,0
0.331149,0.228307,1
0.235606,0.531918,1
0.520794,-0.048556,0
-0.323239,0.540407,1
-0.184556,-0.273638,0
0.043687,-0.370781,1
0.078847,-0.986109,0
0.037920,0.038960,1
-0.355641,0.273887,1
-0.709596,-0.441011,0
0.937768,0.307748,1
0.385353,-0.061691,1
-0.034380,0.735359,0
0.265634,-0.798775,1
0.267277,-0.213571,1
0.152669,0.944037,1
-0.329601,0.370523,1
-0.402668,0.749246,0
0.384414,0.635252,0
-0.211794,-0.345501,0
0.600466,0.432566,0
0.198619,0.874082,1
-0.749793,-0.416028,0
-0.187610,-0.345583,0
-0.378701,0.778010,0
-0.326639,0.131904,0
0.601091,0.000197,0
0.100017,-0.728510,1
-0.629280,0.697349,1
0.332601,-0.191057,1
-0.590368,-0.066933,1
-0.176062,-0.766937,1
-0.393472,-0.080465,0
0.108796,0.227827,0
-0.302455,0.498572,1
0.114759,-0.323220,1
0.155625,0.788121,0
0.808683,-0.243284,1
-0.211682,-0.091300,1
0.028206,0.159037,0
-0.393951,0.048943,0
-0.085829,0.938650,1
0.857885,0.323803,1
-0.128282,-0.900606,0
0.661820,0.695656,1
0.718212,-0.560398,1
-0.679630,-0.675260,0
0.359137,0.429165,1
-0.072262,-0.332674,1
-0.266539,-0.916637,0
-0.544553,-0.457855,1
-0.159921,0.243765,0
0.450845,0.868285,1
-0.082772,0.316972,0
-0.359225,-0.132738,0
-0.125493,-0.697405,1
-0.437082,0.206965,1
0.646567,-0.511044,1
-0.394130,0.005703,0
0.062385,-0.154141,1
-0.174237,0.795846,0
-0.070778,0.281210,0
-0.475026,0.788835,1
0.637586,-0.072224,0
0.845729,-0.445186,1
0.329928,-0.114477,1
-0.291464,-0.795565,0
0.188118,0.271454,1
0.411400,0.356704,1
0.552584,0.057966,0
-0.683109,0.126054,1
-0.390360,0.142654,0
-0.078100,0.538862,1
-0.576137,0.259890,1
0.308162,-0.051163,1
0.048726,-0.054252,0
0.876613,-0.105545,1
-0.264271,-0.169510,0
0.006884,0.444265,1
0.034925,-0.804998,1
-0.284280,-0.553675,1
0.551706,-0.731696,1
0.504291,0.397365,0
-0.573242,0.567960,0
0.161147,-0.256351,1
-0.305986,0.770786,0
0.309648,-0.689834,1
-0.124195,-0.382190,0
0.259003,0.924530,1
0.563558,0.135616,0
-0.181014,0.064121,1
0.256978,0.554715,0
-0.001020,-0.070464,0
-0.541137,0.714700,0
0.983003,-0.119848,1
0.407934,-0.590239,1
-0.551888,-0.430919,1
0.153410,0.142126,0
-0.660133,0.039713,1
-0.241960,0.649515,0
0.349879,0.633845,0
-0.732675,-0.391118,0
0.744498,-0.622639,0
-0.104995,0.001476,1
0.932075,-0.210384,1
0.265337,-0.068944,1
-0.354245,0.095013,0
0.734769,-0.371241,1
0.975165,0.142704,1
0.038520,-0.576724,0
0.231644,-0.676558,1
0.701166,-0.418478,1
0.190404,0.515662,1
0.799375,-0.065098,1
0.893023,-0.305621,1
0.483995,0.201715,1
-0.243846,0.203147,0
-0.074084,0.401909,1
-0.701840,-0.339315,1
0.803389,0.069188,1
-0.303399,0.515173,1
0.261119,-0.737997,1
0.566824,-0.507238,1
-0.414555,0.267991,1
0.074285,-0.457268,0
0.236482,-0.735311,1
-0.941606,0.035857,0
0.199591,0.951417,1
0.730236,0.135969,0
0.776516,0.214231,1
-0.662316,-0.467330,0
-0.582622,0.263600,1
0.934579,-0.284462,0
-0.011137,0.727674,0
0.034435,0.685463,0
0.242846,-0.704446,1
0.947466,-0.190329,1
-0.211684,-0.467088,0
0.075644,0.314143,0
-0.872710,0.134039,0
-0.650000,0.326881,0
0.085456,-0.919764,0
-0.537150,-0.138028,1
0.294466,-0.199466,1
0.394642,0.711844,0
-0.935866,0.329220,1
0.294467,0.416245,1
0.716092,-0.671097,0
0.101708,-0.041061,0
-0.375543,0.049175,0
0.768610,0.412773,1
0.275374,-0.342269,0
0.160415,0.402664,1
0.791769,0.510414,1
-0.270456,-0.122775,0
0.590650,0.192394,0
0.739197,-0.114883,1
-0.536941,0.024343,1
-0.559412,0.761574,1
-0.279487,-0.289115,0
-0.408529,-0.510878,1
-0.664606,0.399032,0
-0.168712,0.495808,1
-0.198304,-0.376943,0
0.006223,0.531240,1
0.500283,-0.403127,0
-0.276365,0.239479,0
0.481990,-0.283437,0
-0.226375,-0.163623,1
0.103294,-0.180894,1
-0.406097,0.543882,0
-0.419320,-0.319668,0
0.086178,0.301192,0
0.391217,0.677649,0
0.790314,0.514876,1
-0.086092,-0.317505,1
0.621516,0.715604,1
0.305553,-0.372261,0
0.246845,-0.194165,1
0.224612,0.970479,1
-0.954685,-0.293399,0
-0.312958,-0.581368,1
-0.214448,0.460667,1
0.255009,0.888846,1
0.432728,-0.139548,1
-0.470756,-0.481094,1
-0.269743,0.699183,0
-0.673078,0.311694,0
-0.158355,0.551534,1
0.282173,-0.113040,1
0.305592,0.043687,1
0.429882,-0.439399,0
-0.067467,0.709654,0
-0.590486,-0.634740,0
-0.429893,-0.061242,0
-0.115834,-0.268249,1
-0.140781,0.080722,1
-0.316290,-0.705444,1
0.128484,-0.238623,1
-0.356199,0.858741,1
-0.539440,-0.291350,1
0.894551,-0.212518,1
-0.660985,0.302516,0
0.623156,-0.402850,1
0.271731,-0.071252,1
0.640837,-0.298387,0
0.489350,-0.426630,0
-0.061370,-0.018626,1
-0.162379,0.822797,0
0.713125,0.696840,1
-0.096482,-0.603165,0
0.158211,-0.364804,1
0.343846,0.785295,1
-0.593748,0.364189,1
-0.478509,-0.254732,1
-0.333294,-0.855352,0
0.342418,0.938437,1
0.073396,-0.016745,0
-0.359950,-0.437254,0
0.556625,0.051317,0
-0.538391,-0.504745,1
-0.003931,0.221570,0
-0.857349,-0.012535,0
0.253573,0.300862,1
0.622661,0.144316,0
-0.080367,-0.033493,1
-0.070389,0.325885,0
-0.669304,0.451103,0
-0.928847,-0.002598,0
0.595750,0.413570,0
-0.064161,-0.330854,1
-0.603175,0.575889,0
0.231892,0.953450,1
-0.372794,0.693500,0
-0.551295,-0.340103,1
-0.007270,-0.233243,1
-0.023736,0.241900,0
0.849226,-0.401075,1
-0.613784,-0.231142,1
0.565431,0.315827,0
-0.233070,-0.834104,0
-0.106471,-0.637320,1
0.031826,0.976291,1
0.405256,-0.736282,1
-0.307642,-0.050051,0
0.145204,0.098071,0
-0.061252,0.133531,1
-0.624569,0.495661,0
-0.486064,-0.238353,1
0.975494,-0.155595,0
-0.474843,-0.130977,0
0.207085,-0.895377,0
-0.301610,-0.761088,1
-0.610898,-0.171534,1
0.409797,0.534306,0
-0.332162,0.572972,1
-0.736444,0.043269,1
0.068633,-0.222507,1
0.804916,0.333152,1
-0.143140,0.882391,1
0.692414,-0.167646,0
-0.273204,-0.782429,1
-0.677806,-0.600233,0
-0.496587,-0.324577,1
-0.586236,-0.360479,1
0.135271,-0.197133,1
0.467987,-0.454932,0
-0.662827,0.394524,0
-0.106387,0.005011,1
-0.032504,0.157170,0
0.369281,-0.208478,1
0.735587,0.061695,0
0.623876,-0.537617,1
0.279266,0.325253,1
-0.603736,0.601460,0
0.725021,-0.430944,1
0.244479,-0.581667,0
-0.132045,-0.620250,1
0.221200,-0.664058,1
-0.075182,0.558373,1
-0.436616,-0.302038,0
-0.024399,-0.388336,0
-0.265908,-0.089736,0
0.165068,0.325662,1
-0.337171,-0.555666,1
-0.349084,0.059093,0
-0.395629,-0.127372,0
-0.531303,0.472326,0
0.252378,0.689897,0
0.248270,0.538734,0
-0.763304,-0.028770,0
-0.576682,-0.029212,1
0.881494,-0.111822,1
0.074161,0.583280,1
0.088624,-0.760771,1
-0.091058,0.751453,0
-0.316437,0.559858,1
-0.189454,-0.270643,0
-0.220279,-0.459834,0
0.311324,0.248418,1
-0.061685,0.820760,0
-0.259101,-0.813415,0
0.359494,-0.263472,1
0.707758,-0.578442,1
-0.433022,0.589252,0
0.309735,0.641139,0
0.172532,-0.601641,0
-0.850188,-0.436070,0
0.641333,-0.039642,0
0.293288,0.577127,0
-0.882707,-0.289623,0
0.321427,-0.870215,0
0.274080,-0.740258,1
-0.553673,0.310039,1
-0.248493,-0.555433,1
-0.093771,-0.540735,0
-0.133875,0.473207,1
0.114346,0.221049,0
-0.425781,-0.005287,0
0.302524,-0.275969,1
0.558644,-0.056143,0
0.684390,-0.148068,0
-0.479016,0.083443,0
-0.075059,-0.361723,0
-0.231938,0.067900,0
-0.493890,-0.281393,1
0.082879,-0.047563,0
0.397004,-0.065126,1
-0.591919,-0.657832,0
-0.561011,0.522427,0
0.563218,0.013209,0
-0.482860,-0.134258,0
0.809598,0.421630,1
-0.072285,-0.669418,1
-0.494927,0.852655,1
-0.031141,-0.701106,1
0.366794,-0.394867,0
-0.544472,-0.550327,1
0.557570,-0.515827,1
-0.715941,-0.045426,1
0.419047,-0.422289,0
0.217703,0.827128,1
-0.080121,0.656693,0
0.349555,-0.516904,0
-0.330099,0.866695,1
0.348838,-0.592859,1
0.942478,0.158436,1
0.828771,-0.129807,1
0.489019,-0.666156,1
-0.277152,-0.542122,1
-0.367262,-0.178129,0
0.427003,-0.349673,0
-0.550795,-0.015427,1
0.134500,-0.266736,1
0.310975,0.156851,1
-0.619325,-0.769146,0
-0.186456,0.730230,0
-0.286050,0.483445,1
0.221225,0.719357,0
-0.590404,-0.289757,1
-0.946799,0.132444,0
0.168121,-0.314061,1
-0.314529,0.381318,1
-0.986753,0.134675,1
-0.634109,0.147746,1
0.701293,0.178914,0
0.409768,-0.724567,1
0.758878,0.409124,1
-0.051473,0.407731,1
0.368822,0.358122,1
-0.882026,0.422023,1
-0.509434,0.286095,1
-0.350985,-0.206567,0
0.826198,-0.337738,1
-0.502872,0.511301,0
-0.025038,0.959017,1
0.593269,-0.615270,1
-0.765550,0.405468,0
-0.185409,-0.305047,0
0.642791,0.763118,1
-0.897316,0.011613,0
0.121240,-0.779342,1
-0.566364,0.611806,0
0.506753,-0.458402,0
0.335030,0.882885,1
-0.181970,0.263138,0
-0.925025,-0.371962,0
0.059186,-0.427897,0
-0.468881,0.732608,0
-0.581123,-0.234431,1
0.138076,-0.072675,0
-0.241104,0.952667,1
0.622278,-0.598313,1
0.413300,-0.162974,1
-0.551168,0.452373,0
-0.611466,-0.494481,1
0.608141,0.723564,1
-0.611596,-0.573829,0
-0.013297,-0.536621,0
0.054209,-0.954112,0
0.035482,0.193547,0
-0.073845,-0.501087,0
0.426238,0.091066,1
-0.983102,0.048516,0
0.492753,0.732684,1
-0.226521,-0.093947,1
-0.430291,-0.280901,0
-0.247011,0.018541,0
-0.828528,0.141523,0
0.524060,0.779613,1
-0.134913,0.912464,1
-0.624157,0.259992,1
0.897678,0.411325,1
-0.022074,0.379695,1
-0.523373,0.310096,1
-0.598838,0.460824,0
-0.048618,0.893915,1
0.193508,0.724860,0
-0.200032,0.763217,0
-0.556041,0.552957,0
-0.218242,-0.384569,0
-0.305520,-0.694182,1
-0.604957,0.559567,0
-0.781718,-0.399173,0
0.411356,-0.405875,0
0.860820,0.309034,1
0.286748,-0.016624,1
-0.706528,0.137980,1
0.666242,-0.305367,1
-0.401195,-0.382377,0
-0.411452,0.792313,0
-0.657516,0.388517,0
0.555530,-0.213557,0
-0.058526,-0.662712,1
0.401874,0.635954,0
-0.356894,0.796917,0
0.195521,-0.138612,1
-0.602256,-0.393123,1
0.455514,-0.741436,1
-0.427077,0.202660,1
-0.555660,-0.733022,0
-0.033964,-0.262189,1
0.404958,-0.367723,0
0.796076,0.592385,1
0.409509,0.351606,1
-0.621173,-0.649017,0
0.577618,0.182458,0
0.193388,0.975363,1
0.789335,-0.351098,1
-0.890134,-0.193150,0
-0.092094,-0.445794,0
0.073828,0.873942,1
0.292017,-0.521213,0
-0.493780,-0.275538,1
-0.517450,0.756120,0
-0.254545,-0.721374,1
0.348505,-0.845036,0
0.630231,0.727332,1
-0.494053,0.319125,1
0.508033,-0.507116,1
0.651125,0.085652,0
0.675342,-0.155487,0
0.061014,0.464677,1
0.493415,0.294941,0
0.169923,0.603281,0
-0.842513,0.175619,0
0.654406,-0.542009,1
-0.785888,-0.080580,0
-0.584419,0.562616,0
0.074384,-0.954187,0
0.289949,0.580331,0
0.364938,-0.202018,1
-0.926785,0.016063,0
0.860576,-0.055352,1
0.213234,0.353991,1
-0.760411,-0.616843,0
-0.042728,-0.658620,1
-0.539013,0.114758,1
0.517000,-0.587241,1
-0.435738,0.171406,0
-0.129250,-0.261772,1
0.308362,0.084862,1
0.657648,0.723943,1
-0.352521,-0.267968,0
-0.687636,0.134694,1
-0.264591,-0.614421,1
-0.849243,-0.380957,0
0.563691,0.347370,0
0.365323,0.803280,1
0.730528,-0.677405,0
0.437354,0.661660,0
-0.166934,0.475024,1
-0.260156,-0.858572,0
-0.440114,-0.602508,1
0.865371,0.207364,1
0.129524,0.635127,0
0.144792,0.441888,1
-0.230179,0.880201,1
0.827467,-0.079422,1
-0.068089,-0.937065,0
0.308974,-0.702766,1
0.866215,0.039502,1
0.231016,-0.942817,0
0.310314,-0.201357,1
-0.352972,0.870199,1
0.196135,-0.487601,0
0.077564,-0.674341,1
0.767547,-0.082653,1
0.837925,-0.398200,1
0.556618,-0.230165,0
-0.335265,-0.134408,0
0.067069,-0.469051,0
-0.458176,0.136111,1
-0.028600,0.802880,0
-0.280041,-0.718286,1
-0.398478,0.366988,1
0.879387,0.229478,1
0.451833,0.890863,1
-0.055741,0.554389,1
0.485877,-0.217816,0
-0.843810,0.042496,0
0.552019,-0.179076,0
0.908088,-0.380912,0
0.351874,0.813182,1
-0.050707,-0.949932,0
0.852948,-0.171984,1
-0.797593,-0.545530,0
0.583798,-0.624557,1
-0.898697,0.035631,0
-0.733695,0.045562,1
-0.409979,0.752183,0
0.827746,-0.253790,1
-0.205321,0.379765,1
0.567135,-0.297234,0
-0.484051,-0.695160,0
-0.187294,0.465241,1
-0.645092,-0.079237,1
0.385935,-0.792145,1
0.748779,0.588342,1
0.942663,-0.085548,1
0.289895,-0.880525,0
-0.437907,0.556200,0
0.165037,0.152114,0
0.308383,-0.007217,1
-0.627452,0.465459,0
-0.194172,-0.628599,1
-0.615533,0.321777,1
-0.323759,0.197174,0
-0.212982,0.031149,1
0.239004,0.866715,1
-0.184218,0.828670,0
0.230419,-0.894324,0
0.661876,0.113181,0
-0.055375,-0.029741,1
-0.894036,-0.157051,0
0.073321,-0.521488,0
-0.150087,-0.307125,0
0.200925,0.526154,1
0.697636,0.685197,1
0.626147,-0.486582,1
0.513867,-0.143434,0
-0.380906,0.462012,1
-0.350923,-0.719029,1
-0.424807,0.593702,0
0.251230,-0.318843,1
-0.563349,-0.675449,0
0.159669,-0.254942,1
0.437933,0.404625,0
0.535735,0.327981,0
0.392568,-0.906963,0
0.335966,0.553464,0
0.889344,0.210666,1
0.475654,0.586980,0
-0.104137,0.101801,1
0.958367,-0.280507,0
0.871742,-0.392556,1
0.000463,-0.553065,0
0.128093,-0.362203,1
-0.423756,-0.712238,1
0.382855,-0.220056,1
-0.702657,-0.179212,1
0.130600,0.815460,0
-0.304600,-0.393746,0
0.402441,0.591263,0
0.708055,0.502839,1
-0.726134,0.222795,0
-0.680330,-0.524988,0
0.474488,0.447763,0
0.112810,-0.949268,0
0.735525,-0.504335,1
-0.169324,-0.967131,0
0.316452,0.015244,1
0.865947,0.465221,1
-0.407619,0.792063,0
-0.050045,0.722981,0
0.607523,0.645355,1
-0.670765,0.009964,1
0.236618,-0.962710,0
-0.487197,0.237611,1
0.703711,-0.264866,1
0.110346,0.977578,1
-0.547410,0.432417,0
-0.122220,0.565400,1
0.483149,-0.386695,0
-0.353826,0.377516,1
0.329069,-0.487879,0
-0.157263,0.921450,1
-0.078329,-0.325334,1
-0.830391,0.022624,0
0.559955,0.330421,0
0.710234,0.043104,0
0.356929,-0.410100,0
0.148814,-0.314001,1
0.102021,0.991552,1
-0.392551,0.406205,1
0.317912,0.222292,1
-0.168142,0.643410,0
0.788244,0.531159,1
-0.385080,0.498478,1
-0.425737,-0.441354,1
0.269776,0.931192,1
0.148546,-0.581410,0
-0.382809,-0.749434,0
-0.589859,0.224639,1
0.476519,-0.025317,1
0.416677,0.702064,0
0.214266,0.313635,1
0.938564,-0.111676,1
0.122870,0.889730,1
-0.268010,0.954728,1
0.533140,-0.296806,0
0.239227,0.321384,1
-0.180138,-0.191384,1
-0.260192,0.561338,1
-0.491773,0.356999,1
0.811904,-0.081631,1
-0.418362,0.468675,1
0.112754,-0.941843,0
-0.556642,-0.470569,1
-0.454052,-0.034064,0
0.588515,0.277938,0
-0.079336,0.121655,1
-0.556961,-0.784515,0
0.024101,-0.573169,0
0.352538,0.763909,1
0.120908,0.800073,0
-0.220866,0.702546,0
0.268748,0.891888,1
-0.578681,0.520924,0
0.369730,-0.735615,1
0.219709,0.915678,1
0.230320,-0.191776,1
0.193616,-0.849016,1
0.929878,0.174749,1
-0.689125,-0.627083,0
0.390234,-0.675088,1
0.635818,-0.585664,1
-0.248257,-0.011644,1
-0.821755,-0.260088,0
-0.150879,0.299153,0
-0.460015,0.628255,0
0.001699,0.808733,0
0.520143,-0.237598,0
-0.716674,-0.109431,1
-0.794154,0.503035,0
-0.193753,0.436166,1
0.587150,-0.758863,0
0.174612,0.898025,1
-0.385946,-0.435154,1
-0.020818,-0.025320,0
0.238227,0.157427,0
-0.543421,-0.745424,0
0.715603,0.458278,1
-0.936690,0.235746,0
-0.779320,0.584149,1
0.177207,-0.495994,0
-0.525282,0.383054,1
-0.180780,-0.681700,1
0.280829,-0.593630,0
-0.440563,-0.544559,1
-0.695605,0.173491,1
0.020287,-0.472668,0
0.502012,-0.338410,0
0.156896,0.216603,0
-0.251061,0.613475,0
0.471180,-0.535458,1
0.071753,0.534489,1
0.700288,0.292433,0
0.118638,-0.122505,0
0.796439,0.593356,1
-0.125679,0.079769,1
0.486139,-0.318783,0
-0.389409,0.790533,0
-0.682135,0.278071,0
0.939661,-0.212758,1
0.036480,-0.311401,1
-0.599283,-0.492340,1
0.153141,0.472471,1
-0.957851,-0.146571,0
-0.235096,0.160788,0
0.730924,-0.438657,1
-0.635176,0.628465,0
0.071242,-0.513396,0
0.783615,-0.442619,1
0.167822,-0.605794,0
-0.652086,0.022530,1
-0.699399,0.655430,1
-0.514344,-0.759739,0
-0.557328,0.522137,0
-0.071139,-0.156610,1
-0.064569,0.080764,1
0.232734,-0.333644,1
0.615342,0.729071,1
-0.506464,0.398957,1
-0.713548,0.661357,1
0.793163,-0.365633,1
-0.316113,0.818246,0
0.300146,-0.015512,1
0.473676,0.785803,1
0.224749,0.916349,1
0.307940,-0.846390,1
-0.240262,0.337736,0
-0.764388,0.075599,0
0.409682,0.171044,1
-0.843637,-0.357584,0
-0.370707,-0.504771,1
0.643593,-0.489247,1
0.145119,-0.355819,1
0.255003,-0.554734,0
0.628669,-0.271321,0
-0.768932,-0.146582,0
-0.354972,0.539008,1
0.007029,0.404766,1
-0.123256,0.242641,0
-0.519635,-0.713574,0
-0.586316,-0.363272,1
-0.071158,-0.748916,1
-0.564802,0.558136,0
-0.253687,-0.759400,1
0.802771,-0.029387,1
-0.460463,0.446365,1
0.481366,-0.500169,1
-0.116879,-0.373515,0
0.144013,-0.861876,1
0.071751,-0.227318,1
-0.133197,0.302819,0
0.626100,0.511831,1
-0.158173,-0.366871,0
-0.083403,0.718571,0
0.875769,0.396963,1
-0.966309,-0.066161,0
-0.459462,-0.531111,1
-0.508025,0.286851,1
-0.290511,-0.705254,1
-0.742536,0.249025,0
0.748856,-0.375768,1
-0.634685,-0.107131,1
-0.237644,0.437066,1
0.665551,0.629158,1
-0.260115,0.291651,0
0.140989,0.581711,1
0.300282,0.800549,1
0.454549,0.305279,0
-0.760881,-0.369459,0
0.957129,-0.268906,0
0.917392,-0.333382,0
0.025840,-0.825144,1
0.915643,-0.233049,1
0.391183,-0.720998,1
-0.442631,-0.846462,0
0.782697,-0.544048,0
0.514570,-0.076314,0
-0.018727,0.337946,0
0.239899,-0.564177,0
-0.356775,0.329903,1
0.924063,-0.117657,1
-0.452190,-0.360723,1
-0.872048,-0.202589,0
-0.754619,-0.314679,0
-0.049051,0.961448,1
-0.091760,-0.266354,1
-0.582599,-0.577189,0
0.657332,-0.544936,1
0.862161,-0.361395,1
0.793010,0.102060,1
0.074428,-0.563766,0
-0.568038,-0.001509,1
0.318578,-0.607594,1
-0.120317,-0.067986,1
-0.729758,0.427492,0
0.571291,-0.677065,1
0.890945,-0.022481,1
0.774929,-0.465305,1
-0.295782,-0.274122,0
-0.503857,0.612459,0
0.459524,-0.086456,1
-0.964731,0.116856,0
0.368608,0.897430,1
0.755462,0.161618,1
-0.000510,-0.170110,1
0.597852,0.431452,0
0.828380,-0.083571,1
0.823858,-0.291937,1
-0.864445,0.419735,0
-0.602747,-0.293651,1
0.241044,-0.250384,1
-0.101939,0.737188,0
-0.637926,-0.642415,0
-0.349269,-0.602656,1
-0.705226,0.229902,0
0.180957,0.294263,1
-0.940208,-0.221191,0
-0.274284,0.888172,1
0.695238,-0.450426,1
-0.403765,0.543682,0
-0.356325,-0.268209,0
-0.036584,0.060710,1
-0.241709,0.360670,1
0.767059,-0.196311,1
0.532852,0.008104,0
0.553304,-0.569087,1
-0.254709,0.915379,1
-0.211503,0.396023,1
0.415362,-0.392504,0
0.492840,-0.403681,0
0.375127,-0.372525,0
0.440805,0.070365,1
0.177049,-0.962960,0
-0.385953,0.820724,0
-0.231169,0.577463,1
-0.118566,0.527121,1
-0.061867,-0.351507,1
-0.669190,-0.529015,0
-0.098102,-0.598112,0
0.953333,0.213273,1
-0.280288,0.446173,1
0.809592,-0.378528,1
-0.001194,0.184719,0
0.248947,-0.560390,0
-0.744916,-0.574004,0
-0.523350,-0.130869,1
-0.753280,0.245481,0
-0.553405,0.128154,1
-0.227398,0.384728,1
0.776647,0.103412,1
0.855713,0.433244,1
-0.012473,-0.242389,1
0.835132,-0.212980,1
-0.551995,0.633043,0
-0.100764,-0.598662,0
-0.153684,0.618948,1
0.847512,-0.344092,1
-0.759580,-0.153683,0
0.840627,0.489367,1
0.285927,-0.904289,0
-0.035158,-0.837917,1
0.008058,0.411437,1
0.290236,0.780660,0
-0.203835,0.066884,1
-0.115928,-0.348122,0
0.409488,-0.664740,1
-0.341381,0.857494,1
-0.741168,-0.185380,1
0.176803,-0.893656,0
0.470528,0.417222,0
-0.047339,0.311154,0
-0.093411,-0.761412,1
0.406865,-0.178048,1
-0.015965,0.009224,1
-0.210116,-0.420691,0
0.341155,0.673957,0
0.231187,0.841282,1
0.545556,-0.359325,0
-0.501831,-0.855154,0
0.762029,-0.242999,1
-0.040534,-0.061168,0
-0.136655,-0.570007,0
0.741147,0.262643,1
-0.945406,0.148012,0
0.519720,0.068630,0
0.064983,0.302864,0
0.342901,0.854868,1
0.882173,-0.315945,1
0.528824,0.113360,0
-0.474662,0.074380,0
0.754035,-0.298120,1
0.278555,-0.747796,1
-0.153274,0.040584,1
0.009205,0.806192,0
0.598114,0.743150,1
0.125345,0.682709,0
0.798909,-0.354935,1
-0.248662,-0.136108,1
-0.281240,0.830102,0
-0.221706,-0.752416,1
-0.056538,0.303632,0
0.321964,-0.302503,0
-0.050298,-0.147762,1
-0.341570,0.620519,0
0.831457,-0.105385,1
-0.128053,0.554104,1
0.236812,0.062071,0
-0.917610,-0.355277,0
-0.579613,-0.139316,1
-0.107692,0.363849,0
-0.185209,0.011048,1
0.022066,-0.544106,0
-0.030044,0.680496,0
-0.923587,-0.198587,0
-0.678574,0.447059,0
0.586507,0.584588,1
0.444351,-0.176681,0
-0.353341,-0.913292,0
-0.188530,-0.427377,0
-0.323006,-0.106140,0
0.217346,0.097381,0
-0.676074,-0.477423,0
-0.911311,0.138716,0
0.533626,0.110755,0
0.594610,-0.496419,1
-0.208748,0.671024,0
0.304994,0.366363,1
0.703427,0.626420,1
-0.186578,0.289934,0
0.211007,-0.742226,1
-0.655518,-0.075277,1
-0.569711,0.021475,1
0.757289,-0.419913,1
0.102664,0.580677,1
0.219931,-0.363711,0
-0.308568,-0.185458,0
0.139871,0.482684,1
-0.514434,-0.555135,1
-0.150953,-0.811007,1
0.478927,0.282292,0
0.139958,-0.735275,1
-0.483097,0.570248,0
0.286200,-0.664513,1
0.217883,0.405057,1
0.908614,-0.024828,1
0.056387,0.087808,0
-0.018722,-0.723682,1
0.724097,0.672710,1
0.090860,-0.136032,0
0.155394,0.576426,1
0.765418,0.380116,1
0.666910,0.244345,0
-0.337592,0.587153,0
-0.163475,0.802366,0
0.851878,0.353429,1
0.372614,0.138078,1
0.688915,-0.409503,1
-0.456865,0.597529,0
0.565669,-0.471721,1
-0.001869,-0.377944,0
-0.101626,0.340183,0
-0.795849,-0.192486,0
0.565660,0.512983,0
-0.188045,0.331079,0
-0.106900,-0.521135,0
-0.424576,0.555507,0
0.357873,0.917897,1
-0.234622,-0.269513,0
0.055975,-0.545707,0
0.320984,0.599110,0
-0.948177,-0.113347,0
-0.872611,0.049954,0
0.508709,0.743475,1
0.029363,-0.592917,0
0.083659,-0.318517,1
-0.603682,0.287810,1
-0.199207,-0.699049,1
0.293057,0.693892,0
-0.220183,0.868481,1
0.249400,-0.154165,1
0.280430,-0.392727,0
-0.236268,-0.954192,0
0.337760,0.819707,1
-0.499898,-0.341256,1
0.418817,-0.448076,0
0.545397,0.546206,0
0.601878,0.054105,0
0.289682,-0.368759,0
0.461188,-0.626660,1
0.312724,0.857506,1
0.661150,-0.198279,0
0.819484,-0.538057,0
0.102672,0.112541,0
-0.018978,0.405235,1
-0.271676,-0.738548,1
-0.692739,0.350269,0
0.311762,-0.192638,1
0.359286,0.554409,0
-0.723215,-0.038836,1
-0.391486,0.566467,0
0.939807,-0.094871,1
-0.937100,-0.190478,0
-0.140766,-0.781265,1
-0.307990,0.840255,0
0.623970,0.420334,0
-0.087611,-0.591032,0
-0.013253,-0.775849,1
0.216330,-0.004240,0
-0.045269,-0.424383,0
-0.449831,0.231516,1
0.536781,0.158684,0
-0.202017,0.129187,0
0.228386,-0.262210,1
-0.965684,0.155595,0
-0.661254,0.741166,1
-0.097713,-0.598354,0
-0.449312,0.761521,0
-0.379619,0.242699,0
0.601776,-0.755649,0
-0.336967,0.703484,0
-0.887548,-0.132423,0
0.799573,0.328783,1
0.863337,-0.245696,1
0.572190,-0.216198,0
-0.429632,-0.199424,0
0.521592,-0.395316,0
-0.654150,-0.141542,1
-0.738016,-0.103462,1
-0.380021,-0.117634,0
0.126717,-0.197731,1
0.925239,0.007547,1
0.366474,0.738461,0
-0.068431,0.270874,0
-0.848033,-0.082612,0
-0.287946,0.724157,0
0.701191,0.282422,0
-0.475268,0.222782,1
0.083121,-0.767044,1
0.339361,0.345105,1
0.129494,0.959340,1
-0.772529,0.268731,0
-0.818905,0.354187,0
-0.638266,-0.551308,0
-0.374044,0.510499,1
-0.218627,-0.872715,0
-0.525087,0.493427,0
-0.224151,-0.623826,1
0.398886,-0.337045,0
-0.142923,-0.517993,0
-0.104089,-0.803562,1
0.294135,-0.663127,1
0.408770,0.365135,1
-0.556793,0.770504,1
0.813827,-0.412768,1
-0.351674,0.148381,0
0.811336,0.194658,1
-0.470781,-0.292754,1
0.391096,-0.643670,1
-0.267349,0.546874,1
0.391921,-0.673046,1
0.590186,0.205748,0
-0.085813,0.597547,1
0.645531,0.011919,0
0.580226,0.642839,1
0.651597,-0.236614,0
-0.189402,0.223272,0
0.183835,0.339817,1
0.696147,-0.336831,1
-0.667494,0.516928,0
0.287623,0.246693,1
0.114475,-0.066846,0
-0.741388,-0.305299,0
-0.424007,-0.850365,0
-0.615108,-0.308946,1
0.454440,0.825126,1
0.048398,0.209502,0
0.604855,-0.021084,0
0.784432,0.301002,1
0.408062,-0.667961,1
0.911790,0.334803,1
-0.586085,-0.755704,0
-0.148269,0.701538,0
-0.365307,0.749601,0
-0.339093,0.210686,0
0.899236,0.045799,1
0.082288,0.356180,1
-0.862447,0.107955,0
0.621218,0.185951,0
-0.682544,0.226073,1
-0.472925,0.806952,1
0.269940,-0.447094,0
-0.745556,0.655202,1
-0.912123,-0.110863,0
0.404803,-0.251216,0
-0.900177,0.304039,0
0.616466,-0.123128,0
0.357743,0.754019,0
0.984827,-0.021039,1
-0.060031,-0.697717,1
-0.794967,0.104836,0
-0.595828,-0.267892,1
-0.088212,-0.587701,0
-0.332756,0.050779,0
0.603685,-0.503573,1
-0.252734,0.556432,1
-0.104484,-0.152911,1
-0.139529,-0.309901,1
-0.151349,-0.523064,0
0.566971,-0.793606,0
-0.769045,0.551798,0
0.185355,0.170925,0
0.854082,0.390388,1
-0.877504,0.187549,0
-0.329447,-0.210260,0
-0.761672,0.002768,0
-0.273076,0.842013,0
0.499195,-0.214222,0
0.700142,0.650823,1
-0.067490,-0.552592,0
0.207255,0.828025,0
0.294496,-0.932274,0
-0.481875,-0.856852,0
-0.650458,-0.224383,1
0.636894,0.534897,1
-0.074715,-0.777697,1
0.749230,0.047781,0
0.409851,-0.580217,1
0.422550,-0.435555,0
0.490191,-0.078255,0
0.350224,0.190333,1
-0.427432,-0.717267,0
-0.889241,-0.067763,0
0.847549,-0.371117,1
0.075385,-0.607789,0
-0.286021,0.424927,1
0.167829,-0.649126,1
-0.040176,0.114370,1
0.336673,0.591079,0
-0.067110,-0.253476,1
-0.605297,0.433412,0
0.334857,0.884894,1
-0.644843,-0.314920,1
0.075227,-0.072274,0
-0.032186,-0.287032,1
-0.292451,0.078573,0
0.645206,-0.444902,1
0.707456,-0.279409,1
-0.052691,-0.578565,0
-0.227691,0.105342,0
0.229508,-0.385841,0
-0.009549,-0.433819,0
0.312705,-0.783900,1
-0.306248,0.707408,0
-0.286312,-0.332470,0
-0.067605,0.681502,0
0.380498,0.639944,0
-0.239926,0.025704,1
-0.804958,-0.532470,0
0.746295,0.142351,0
-0.111034,0.891813,1
0.257489,0.661275,0
-0.002845,-0.513003,0
0.053179,-0.519329,0
-0.303229,-0.395303,0
-0.366695,0.665594,0
-0.649048,0.346993,0
-0.666876,0.283347,0
0.028495,0.713622,0
-0.076709,0.788570,0
-0.260674,0.118333,0
-0.743900,-0.514379,0
-0.739316,0.145066,0
-0.622566,0.518173,0
-0.193659,0.374589,1
-0.994829,0.081774,1
0.362194,0.058349,1
0.562445,0.273140,0
0.424233,-0.740784,1
-0.394501,-0.488858,1
0.163118,-0.043549,0
0.858135,0.496243,1
-0.760202,-0.113369,0
0.209865,0.163089,0
-0.718578,-0.068699,1
-0.565187,-0.457894,1
-0.923633,-0.187753,0
-0.939721,-0.117292,0
0.123799,0.526927,1
-0.177831,-0.451968,0
0.786144,-0.299994,1
0.211148,0.208675,0
0.348094,0.069283,1
-0.295082,0.587893,1
-0.249018,-0.368885,0
0.863974,0.032404,1
0.562415,-0.701214,1
0.574510,0.638782,1
0.111033,0.634789,0
-0.478510,0.297868,1
0.700239,-0.514028,1
-0.153102,-0.175962,1
0.372070,0.799042,1
-0.630926,0.417627,0
-0.809315,0.580222,1
-0.373698,0.538779,1
-0.350495,0.331220,1
0.126672,-0.394581,0
0.246002,0.877654,1
0.236533,0.109976,0
-0.089943,-0.201051,1
0.408762,-0.515433,0
-0.562269,-0.480205,1
-0.880644,-0.040780,0
0.445192,-0.335438,0
-0.356366,0.458090,1
0.257133,-0.297297,1
0.433331,0.447818,0
-0.013403,-0.067571,0
0.390852,-0.886731,0
0.537848,-0.363146,0
0.746830,-0.099020,1
0.573330,0.155592,0
0.675387,0.504903,1
-0.029719,0.493051,1
0.324499,-0.584527,1
0.983836,0.130696,1
0.193945,0.417167,1
-0.421487,0.476869,1
0.476800,0.565110,0
-0.590702,-0.132348,1
0.504507,0.669301,1
-0.278472,0.251337,0
-0.429719,-0.705142,1
0.460731,0.276199,1
0.575367,-0.214770,0
-0.246638,0.565234,1
-0.775780,-0.262802,0
-0.304070,0.418165,1
-0.845635,0.274443,0
-0.104966,0.631165,0
-0.160447,0.304333,0
-0.501183,-0.482068,1
0.254660,-0.242487,1
-0.732136,0.661589,1
-0.286659,-0.426218,0
0.849981,0.319272,1
-0.040698,0.541652,1
0.052250,0.712664,0
0.106886,0.276471,0
-0.550138,0.802816,1
-0.305364,-0.395773,0
0.077259,0.589670,1
-0.105998,-0.265792,1
-0.262469,-0.378024,0
0.379489,-0.613647,1
-0.039865,0.397685,1
-0.733097,-0.189884,1
-0.283043,0.226205,0
-0.061132,0.458654,1
0.045678,0.388730,1
0.261470,0.740313,0
0.329983,-0.771652,1
-0.037444,-0.309717,1
-0.630533,0.700087,1
0.312258,-0.512045,0
0.692278,-0.308253,1
-0.125692,0.346058,0
-0.215422,0.834443,0
-0.256257,0.051480,0
-0.355441,0.460700,1
-0.722315,-0.003673,1
0.229907,0.216553,1
-0.545019,-0.724416,0
-0.394717,0.716451,0
-0.173412,-0.689280,1
0.569866,0.789144,1
0.001002,0.939333,1
0.489232,-0.686739,1
-0.572712,0.181510,1
0.005008,0.301596,0
-0.472432,0.789586,1
0.136039,0.271311,0
-0.158934,0.780598,0
-0.267989,0.118750,0
-0.223075,0.961918,1
-0.664696,0.231906,1
-0.762498,-0.059413,0
-0.051642,-0.746600,1
0.538827,0.003538,0
0.599281,-0.634585,1
0.314257,0.169147,1
0.108479,0.643791,0
-0.371479,0.535767,1
-0.174699,0.633529,0
-0.162637,0.352869,0
-0.375819,-0.735820,1
0.754000,0.356192,1
0.382931,-0.469075,0
0.318110,0.718234,0
0.762831,0.555612,1
-0.341179,-0.288811,0
0.714726,0.408293,1
-0.436937,0.028983,0
-0.422561,-0.282377,0
0.344243,0.685919,0
0.221686,0.186715,0
-0.460416,0.029407,0
-0.967549,0.163764,0
0.293587,0.786451,0
-0.480044,-0.323482,1
0.393678,0.053573,1
-0.208605,0.202690,0
0.251221,-0.493879,0
-0.389017,0.814285,0
0.535104,0.188423,0
-0.468093,-0.120653,0
-0.125659,-0.106679,1
-0.147889,-0.903973,0
-0.844923,-0.380380,0
0.487810,-0.812473,0
0.783385,-0.218603,1
0.457915,-0.708647,1
-0.628441,0.535085,0
-0.093759,0.162954,0
-0.262224,-0.842538,0
0.669075,0.348759,0
0.971747,0.204179,1
-0.462818,-0.496346,1
0.396976,-0.064363,1
0.507550,0.477012,0
0.394040,0.662627,0
-0.903368,-0.118150,0
-0.816643,0.121163,0
-0.026170,-0.512956,0
0.649998,-0.402375,1
-0.476748,-0.516434,1
-0.487066,-0.393222,1
0.542415,0.402640,0
0.386922,-0.063545,1
0.065267,0.483553,1
0.818305,-0.084579,1
0.363569,0.481552,0
-0.260446,0.546926,1
-0.397285,-0.144961,0
0.342083,0.731540,0
0.456616,-0.007918,1
-0.670835,0.494149,0
-0.688846,-0.724450,0
0.503429,-0.165594,0
0.441184,-0.345794,0
0.926273,-0.016402,1
-0.943155,0.313195,1
0.920053,0.122112,1
-0.203252,0.738358,0
0.219910,-0.222913,1
0.632126,0.578934,1
0.399169,-0.025791,1
0.310474,-0.144215,1
-0.650066,-0.722555,0
0.111851,-0.325695,1
0.869727,-0.446965,0
0.328511,0.796000,1
0.536633,0.385356,0
0.109195,0.456686,1
0.195043,-0.454998,0
0.322089,0.773505,0
-0.762422,-0.045785,0
0.352439,0.636747,0
0.928425,-0.337087,0
-0.697447,-0.157534,1
-0.304171,0.284013,0
-0.107953,-0.434444,0
-0.638444,0.373680,0
0.605915,0.470751,0
-0.169634,-0.886617,0
-0.341614,0.442956,1
0.216461,-0.322059,1
-0.065310,-0.431100,0
-0.685312,-0.136885,1
0.231814,-0.192780,1
-0.242169,0.534366,1
0.649686,-0.070007,0
0.752108,-0.654485,0
-0.785995,-0.355844,0
-0.088928,-0.948947,0
-0.135286,0.272628,0
0.424733,-0.529371,0
-0.256621,-0.744901,1
-0.415988,-0.879926,0
-0.719492,0.242398,0
0.563030,-0.279129,0
0.222873,-0.220509,1
0.398811,-0.842437,0
0.348391,0.713499,0
0.020678,-0.419795,0
-0.479281,0.778510,0
-0.291497,0.866680,1
-0.484079,-0.077492,0
-0.489165,0.426992,1
-0.026440,0.375550,0
-0.300380,-0.601707,1
0.846179,0.442999,1
-0.346608,-0.569809,1
0.563073,-0.066100,0
0.672589,0.126104,0
0.654771,-0.104539,0
0.905595,0.053582,1
0.053024,0.253986,0
-0.232918,-0.926297,0
0.834191,0.287801,1
0.458206,-0.439285,0
0.483223,-0.673723,1
0.401119,-0.543217,0
-0.144923,0.548005,1
0.543739,0.508469,0
0.978196,0.106812,1
-0.557631,0.650784,0
-0.453755,-0.861490,0
0.150722,0.599270,0
0.392496,0.917804,1
0.672973,0.226687,0
0.205604,0.525185,1
0.175449,-0.336190,1
-0.914100,-0.009110,0
-0.362063,0.569123,0
-0.974094,0.018993,0
-0.860204,-0.119017,0
-0.433002,0.683535,0
-0.610548,-0.454807,1
-0.209652,-0.168180,1
-0.804023,0.023263,0
-0.071040,-0.257777,1
0.161774,-0.920318,0
-0.658507,-0.445730,1
0.780957,0.203090,1
0.539650,-0.043595,0
0.194674,0.264462,1
-0.456105,0.220580,1
-0.716546,-0.316309,0
-0.898437,-0.149548,0
-0.632774,-0.508985,0
0.395645,0.157574,1
0.322835,0.591623,0
-0.666155,0.342611,0
-0.668523,-0.324662,1
-0.310197,0.677838,0
0.532053,-0.770546,0
-0.365757,0.398953,1
0.855004,-0.418462,1
0.903792,0.049678,1
0.131378,-0.628179,1
-0.020094,0.498604,1
-0.137164,-0.624448,1
-0.343822,-0.814329,0
0.967174,-0.162985,1
-0.562534,-0.698980,0
-0.820374,-0.231057,0
-0.023642,-0.923493,0
0.097905,0.666161,0
0.754345,-0.370042,1
-0.029873,0.932703,1
-0.199704,-0.183873,1
-0.619610,0.070554,1
-0.054419,0.511767,1
0.010371,-0.694789,1
-0.698960,0.666549,1
-0.509119,-0.731786,0
-0.496436,-0.071653,0
-0.430766,-0.316810,0
0.697289,0.545592,1
-0.240303,-0.204805,0
0.211753,-0.485958,0
0.425153,0.107368,1
-0.097369,0.454065,1
-0.142013,0.872758,0
0.386768,0.658283,0
-0.311115,0.767158,0
-0.271162,0.634466,0
0.278925,-0.828787,1
0.559954,-0.710704,1
0.955845,-0.032695,1
0.895651,-0.301558,1
0.142599,0.592941,0
-0.611864,0.455788,0
-0.436844,0.318970,1
0.267353,0.421142,1
0.191728,-0.345878,1
0.079426,0.880613,1
-0.578721,0.808263,1
0.515079,0.700204,1
0.979476,0.075033,1
-0.063973,0.945345,1
0.423204,0.065235,1
-0.595246,0.318856,1
0.763678,0.547353,1
-0.088203,-0.992288,0
0.449649,0.299932,1
0.463500,0.865988,1
0.113221,-0.973345,0
0.184958,-0.619426,0
0.447798,-0.623314,1
0.034696,-0.472776,0
-0.742701,0.455975,0
0.156179,-0.685037,1
-0.152589,0.145679,0
-0.229137,0.783438,0
0.091024,-0.805933,1
-0.151326,0.495777,1
0.512923,-0.387649,0
0.043130,-0.575280,0
-0.379937,-0.507221,1
-0.641232,-0.162127,1
0.218447,0.558016,0
0.709118,-0.579273,1
0.950089,-0.134703,1
-0.264310,-0.202500,0
-0.419062,0.102000,0
0.700620,0.429611,1
-0.402222,0.213543,0
0.638262,-0.337974,1
-0.866313,0.362914,0
-0.254411,-0.507545,0
-0.799213,-0.144193,0
0.672377,-0.500937,1
-0.865695,0.381496,0
-0.080210,-0.915606,0
-0.753207,0.655480,1
-0.118106,-0.742230,1
0.162033,0.462831,1
0.359770,-0.137347,1
-0.107558,0.957548,1
-0.923804,-0.065595,0
0.598456,0.714459,1
0.596431,0.732143,1
0.077373,-0.657981,1
-0.775401,0.278160,0
0.197827,-0.739219,1
-0.302606,0.611650,0
0.751268,0.030504,0
-0.314016,0.317968,1
-0.219201,0.615601,0
-0.289329,0.673242,0
0.573149,-0.213133,0
-0.392353,0.171605,0
-0.498674,-0.795923,0
-0.096252,0.578699,1
-0.453904,0.128347,0
-0.143141,0.743923,0
0.389128,0.554253,0
0.355573,0.606503,0
-0.503210,-0.605743,1
0.673354,0.182775,0
0.030792,-0.506976,0
0.544785,0.741463,1
-0.833734,0.117934,0
-0.471670,-0.226087,0
-0.710461,0.029656,1
-0.022010,0.193288,0
-0.391646,0.524086,1
-0.678365,0.465213,0
0.268009,0.710763,0
0.019466,-0.376417,1
0.317265,-0.056509,1
-0.910131,0.275448,0
-0.381217,-0.413340,0
0.669705,-0.707863,0
0.769434,0.381930,1
-0.778679,-0.199773,0
-0.115959,0.070019,1
-0.184867,0.173581,0
-0.633132,-0.291971,1
0.317209,-0.311497,0
-0.826758,-0.414781,0
-0.600734,0.192708,1
0.208802,0.716531,0
-0.863801,0.298671,0
-0.008022,-0.245017,1
0.885331,-0.338317,1
0.047120,0.654765,0
-0.956387,0.268441,1
0.034548,-0.003319,0
-0.933300,-0.225079,0
0.092170,-0.833624,1
-0.431956,0.459038,1
-0.125595,0.885253,1
-0.852459,0.047647,0
-0.529528,-0.453194,1
-0.736663,-0.623445,0
-0.022055,0.255316,0
0.131538,-0.136725,1
0.447100,-0.026968,1
-0.386114,0.492407,1
-0.797211,0.181930,0
-0.048555,0.077194,1
0.067183,0.098985,0
0.645792,-0.634803,1
0.216929,0.909129,1
-0.258247,-0.805126,1
0.164445,0.873291,1
0.058149,0.081443,0
0.042055,0.499049,1
-0.450778,-0.078767,0
-0.239801,-0.619066,1
-0.444651,0.374085,1
0.873340,-0.241862,1
-0.443985,-0.175215,0
0.160854,0.569562,1
-0.674628,-0.622217,0
0.478691,0.067124,1
-0.427343,-0.356865,1
-0.059585,0.630806,0
0.724579,-0.007636,0
0.206996,-0.233367,1
-0.508587,0.756219,0
0.687866,-0.527890,1
-0.724846,-0.551935,0
-0.146957,-0.169496,1
0.822150,-0.273616,1
0.588642,-0.621835,1
0.551168,0.423975,0
0.384149,0.162218,1
0.044500,0.709520,0
0.540001,-0.476809,1
-0.223356,-0.887342,0
0.166326,0.717060,0
0.743465,-0.109095,1
-0.290576,-0.049539,0
0.657538,0.200837,0
-0.293320,0.345404,1
0.672947,-0.018166,0
0.793469,-0.474009,1
0.252374,0.400980,1
0.157366,0.322980,1
0.918624,-0.302633,1
0.846171,-0.304732,1
-0.189975,0.012498,1
-0.587672,-0.446510,1
0.903403,0.121752,1
0.503951,0.560941,0
-0.093655,0.995536,1
0.192465,-0.300186,1
-0.478473,0.004803,0
-0.594217,-0.690782,0
-0.422557,0.230737,1
-0.695634,-0.144076,1
0.439840,0.461733,0
-0.821096,0.358464,0
-0.946268,-0.030875,0
0.037573,-0.533940,0
0.522615,-0.059024,0
0.587811,0.026566,0
0.237197,0.408262,1
0.434465,-0.576490,1
-0.267272,-0.221192,0
0.070984,0.037095,0
0.634732,-0.489175,1
-0.501173,0.813636,1
0.869288,-0.342073,1
0.627052,-0.123715,0
-0.610920,0.149667,1
0.887291,0.413430,1
-0.779308,0.277557,0
-0.740973,-0.577943,0
0.117805,-0.008245,0
0.200865,-0.811211,1
-0.971150,-0.164403,0
-0.300386,-0.472323,0
-0.350767,-0.431098,0
0.185604,-0.512055,0
-0.508077,-0.187344,1
0.364230,-0.118997,1
0.962323,0.181491,1
-0.142106,-0.861444,0
0.500669,-0.254815,0
0.551986,0.228110,0
-0.461586,0.395079,1
0.063627,-0.240894,1
-0.327364,0.322654,1
0.181162,0.790441,0
-0.685591,-0.617973,0
0.217624,-0.321156,1
-0.129064,0.866857,0
0.247747,-0.943461,0
-0.645198,0.739670,1
-0.130805,0.719032,0
-0.379328,-0.168482,0
-0.099477,0.478566,1
-0.029926,-0.598808,0
-0.776249,-0.477940,0
0.629302,-0.237835,0
0.917139,-0.307072,1
0.521270,-0.410225,0
-0.619784,-0.670009,0
0.084460,-0.640554,1
-0.326750,-0.697916,1
0.038290,0.544185,1
0.600725,-0.476257,1
-0.757225,-0.353621,0
0.301437,0.143297,1
0.544489,-0.651304,1
-0.206429,0.173791,0
0.110861,-0.289290,1
0.866719,-0.367869,1
0.300484,0.882301,1
0.334564,0.680700,0
-0.787708,-0.580976,0
-0.959854,-0.114458,0
-0.278892,0.078436,0
-0.570273,-0.109951,1
0.413792,0.390179,0
-0.499629,0.656567,0
-0.200136,-0.838497,0
-0.489801,-0.133109,0
0.518144,0.621060,0
0.577601,0.384863,0
-0.746809,-0.121915,1
0.267164,0.587755,0
-0.441215,0.479457,1
-0.635002,-0.272114,1
0.677367,-0.205274,0
0.617935,0.041839,0
-0.174823,0.031728,1
-0.567981,0.325549,1
-0.311706,-0.531424,1
0.127357,0.488158,1
-0.369921,0.200677,0
0.832512,0.140278,1
-0.932431,0.350656,1
-0.238662,0.645169,0
-0.264481,0.014529,0
-0.397717,0.082040,0
0.482140,-0.390938,0
0.336948,0.358337,1
-0.358136,-0.045116,0
-0.599823,0.467041,0
-0.207410,-0.325094,0
0.300772,0.919947,1
0.071129,0.188193,0
0.346232,0.832466,1
-0.166638,-0.918249,0
-0.153005,0.356617,0
-0.561343,0.566574,0
0.413713,0.395288,0
0.522618,-0.663217,1
-0.289663,-0.684792,1
0.011689,-0.988891,0
-0.764845,0.174753,0
0.170329,0.013089,0
-0.456027,-0.483439,1
-0.154445,0.377336,1
-0.401689,0.692550,0
-0.266047,-0.317254,0
0.141828,0.172609,0
-0.750680,0.200169,0
0.292237,0.663033,0
-0.404543,-0.229799,0
0.718610,-0.054371,0
-0.351657,0.241229,0
0.282413,0.358680,1
0.556437,-0.705899,1
0.369789,0.791592,1
0.468854,0.311749,0
0.147372,-0.360817,1
-0.675163,0.691346,1
0.155744,0.170393,0
0.068681,0.754055,0
-0.137057,0.802634,0
-0.024757,-0.313879,1
0.204940,-0.732520,1
0.037681,-0.932235,0
-0.253974,0.686024,0
0.044704,-0.134569,0
-0.677460,-0.585507,0
-0.342977,0.791394,0
0.495742,0.586321,0
0.221472,-0.435577,0
0.340377,-0.915586,0
-0.910814,0.342300,1
-0.536701,0.294125,1
0.609780,-0.187546,0
0.094522,-0.352539,1
-0.119781,0.840548,0
0.868986,0.378190,1
0.054644,-0.808474,1
0.516063,-0.586502,1
0.570003,0.011805,0
0.576228,0.340196,0
-0.124110,0.943285,1
0.117374,-0.034925,0
0.285585,0.580673,0
-0.740799,-0.104636,1
-0.606874,0.353723,1
0.542826,0.273345,0
0.194270,0.876311,1
0.462559,0.063257,1
0.254501,-0.482798,0
0.254783,0.047183,0
-0.771130,0.237703,0
-0.433892,0.744933,0
-0.243262,0.651020,0
-0.072414,-0.667034,1
-0.008785,0.803476,0
-0.231449,0.561835,1
0.689262,0.027751,0
0.355734,0.575745,0
0.876336,-0.181708,1
-0.360999,0.130837,0
0.335495,0.893784,1
-0.821980,0.564364,1
0.131487,-0.255872,1
0.309298,-0.217313,1
-0.119761,-0.933964,0
-0.566293,0.807825,1
-0.600998,0.424922,0
0.611300,-0.324748,0
0.533511,-0.620149,1
-0.762913,0.222773,0
0.407602,-0.305713,0
0.305161,0.789076,1
-0.305688,-0.339105,0
0.364821,-0.429352,0
0.701485,-0.185318,0
-0.620954,0.029093,1
-0.376366,0.688344,0
0.811780,0.503872,1
0.311697,-0.846619,1
0.670409,-0.077002,0
-0.171367,0.203920,0
0.302849,0.065721,1
-0.573306,-0.289549,1
-0.500472,-0.545680,1
0.024968,0.871937,0
0.868171,-0.273547,1
-0.313381,0.765777,0
-0.394041,0.065665,0
-0.205131,0.229592,0
-0.245992,-0.393351,0
-0.266535,-0.491612,0
-0.147864,-0.954838,0
-0.338231,-0.477455,1
-0.031840,0.490402,1
-0.443877,-0.846841,0
-0.018541,-0.683869,1
-0.229550,-0.722236,1
0.345336,0.795418,1
-0.850299,0.213506,0
-0.478129,-0.163680,0
-0.020717,0.127830,1
-0.642578,-0.344007,1
-0.619199,0.090887,1
0.164380,0.232937,0
0.136049,0.826149,0
0.316552,0.481948,1
0.635107,0.356676,0
-0.811195,0.520121,1
-0.162336,-0.040745,1
-0.245327,0.947586,1
0.396506,0.276544,1
-0.216094,-0.624211,1
-0.595626,-0.314110,1
-0.850059,-0.238204,0
0.341883,-0.469257,0
0.852683,-0.493736,0
0.763680,-0.011268,1
-0.667587,0.519162,0
0.092941,0.648964,0
0.001110,0.468158,1
0.521639,-0.363783,0
-0.175165,0.710444,0
0.845497,0.424372,1
0.901810,0.242003,1
-0.299084,-0.314284,0
0.617792,0.105290,0
0.371607,0.767733,1
0.867086,-0.286510,1
0.219753,-0.937844,0
-0.291498,0.552166,1
0.581318,0.801443,1
0.201131,-0.417571,0
0.269601,-0.277231,1
0.218646,-0.905565,0
-0.566786,0.374985,1
0.756933,0.102913,1
0.329209,0.602431,0
-0.472715,0.231019,1
-0.155566,0.228201,0
-0.666509,0.288342,0
0.920346,0.221585,1
-0.409409,-0.371153,0
-0.226249,-0.828090,0
-0.245661,0.699891,0
0.794326,0.130864,1
0.347970,0.551260,0
-0.766223,-0.322821,0
0.153690,-0.238938,1
-0.539649,-0.677247,0
0.113274,-0.309689,1
-0.476670,0.115106,1
0.218746,-0.556324,0
0.072523,0.110441,0
0.085323,-0.264414,1
0.202704,0.782973,0
-0.291429,-0.002970,0
-0.086162,-0.943459,0
-0.451711,0.147615,1
-0.266281,0.701980,0
0.908676,-0.358083,0
-0.533151,-0.839544,0
-0.779308,0.580124,1
-0.149234,-0.255978,1
-0.304770,-0.930488,0
0.187698,0.031920,0
0.763034,0.227684,1
-0.404317,-0.034263,0
0.010658,0.304254,0
0.360794,-0.488944,0
0.072110,-0.905487,0
-0.786964,-0.019214,0
-0.263570,0.913141,1
-0.121275,0.203279,0
-0.926404,0.099417,0
-0.216597,-0.075638,1
0.843439,0.478632,1
-0.006126,0.031137,1
-0.489447,-0.127276,0
0.291358,-0.347086,0
-0.267179,0.054391,0
0.880598,0.328503,1
-0.979871,-0.108744,0
-0.911936,-0.293011,0
-0.131353,-0.175506,1
-0.379870,0.747373,0
-0.153210,-0.188824,1
0.618088,-0.309771,0
-0.710192,-0.388037,0
0.721367,-0.199639,1
0.484687,0.012724,1
0.453275,-0.782493,1
-0.932884,0.333873,1
-0.929859,0.040879,0
-0.827681,-0.435907,0
-0.071260,-0.739617,1
0.271082,0.797387,0
0.084877,0.891212,1
0.544760,0.112651,0
-0.415062,-0.608450,1
0.081780,-0.786366,1
-0.185011,-0.196854,1
0.013995,-0.700325,1
0.815870,-0.532731,0
0.067150,-0.585719,0
-0.325336,0.875546,1
0.766758,0.338038,1
-0.127808,-0.648305,1
0.729588,-0.203981,1
-0.445279,-0.188633,0
0.009653,0.369710,0
0.669385,0.430384,1
-0.509083,-0.813432,0
0.313370,-0.707941,1
-0.750239,0.283600,0
-0.681670,-0.508277,0
0.323971,0.385480,1
-0.093996,0.928435,1
0.381370,0.580668,0
0.803981,0.174647,1
0.340210,0.570739,0
-0.487315,-0.787598,0
0.008421,-0.522845,0
0.053640,-0.981926,0
0.846865,-0.331847,1
0.702818,0.411906,1
-0.175302,0.952579,1
-0.304494,0.143028,0
-0.471493,0.350306,1
-0.069026,0.751893,0
0.084524,-0.728816,1
0.322632,0.597209,0
-0.516414,0.245066,1
0.839481,0.492007,1
0.722222,-0.106879,0
0.510080,0.569087,0
0.561274,0.551802,0
0.085337,0.659811,0
-0.915560,-0.211845,0
0.071718,-0.090862,0
-0.259266,0.767224,0
-0.947834,0.185036,0
0.786701,-0.419327,1
-0.464658,0.734613,0
-0.509450,0.466316,1
0.486506,0.575075,0
0.737500,-0.190862,1
0.172284,-0.778914,1
-0.945795,0.011765,0
0.904886,0.223174,1
0.345513,0.466161,0
-0.225025,-0.569150,1
0.125972,-0.140585,1
0.219005,-0.802311,1
0.144774,0.751614,0
-0.598608,0.680116,0
0.486227,-0.108057,0
0.146433,-0.027266,0
-0.532983,-0.116067,1
0.105019,0.836077,0
0.612503,-0.444048,1
0.388867,0.148085,1
0.675677,-0.392129,1
0.345774,0.444230,1
-0.432390,0.310687,1
-0.441716,-0.461067,1
0.422866,0.303134,1
-0.335397,-0.472115,1
0.139211,0.315669,1
0.345998,-0.248286,1
0.871621,0.387284,1
0.041818,0.879222,1
0.706469,-0.612408,1
0.323452,-0.725922,1
0.698280,-0.411599,1
0.309109,-0.186972,1
0.917896,-0.169629,1
0.838329,0.340762,1
0.868647,0.272716,1
0.818601,0.214645,1
0.437390,0.745213,1
0.724131,-0.387222,1
0.449143,0.217473,1
0.761583,-0.078630,1
0.235731,0.474332,1
0.678251,-0.648256,1
-0.197079,-0.622382,1
-0.395231,-0.645124,1
0.527512,0.840500,1
0.829208,-0.412863,1
-0.272803,-0.665712,1
0.681040,-0.594552,1
-0.159024,0.947709,1
0.236003,0.457011,1
