1.328448,-2.283678,2.249363,1.624813,1.396314,1
-2.289205,-1.467705,0.097553,0.019378,2.377357,1
-1.001329,-1.892937,0.159187,0.262781,-2.852463,1
-0.927172,-1.539051,1.781091,1.966287,-0.756577,1
-0.069655,3.704400,1.792903,5.329404,0.314871,1
-0.139070,-1.849792,2.143887,-0.851110,1.309532,1
-3.113984,1.287287,2.344147,3.629105,-1.665949,1
4.425297,0.541130,-2.343461,3.848260,1.369101,1
5.746511,2.155845,2.276503,2.967949,3.266198,1
-1.649399,3.062474,0.814154,1.995885,0.632415,1
1.666360,3.655690,1.544988,1.346071,1.787341,1
1.273840,1.899405,3.672024,0.933542,-1.184058,1
-0.431067,2.777792,-2.665882,-2.088633,3.936296,1
0.432293,3.803199,-2.559215,-0.384040,-0.298091,1
-0.640749,1.862362,2.321865,-1.745871,3.846585,1
1.961674,0.597303,1.770118,2.886207,-1.353891,1
0.558208,1.746638,-0.903295,0.482491,0.455004,1
2.877661,-1.027587,0.351761,3.017169,1.204209,1
-1.139175,-1.331019,2.802699,-1.340894,-1.734870,1
-0.079397,2.744666,4.376691,-2.559511,4.656320,1
-1.246224,-0.270070,2.291146,1.377556,4.507927,1
0.028198,0.504931,-1.230261,2.479856,-1.048824,1
2.167040,-0.127433,4.677415,0.576448,4.401012,1
1.136509,2.224449,0.076619,1.958468,-0.667347,1
1.228162,-0.573589,3.881387,3.978041,-1.725904,1
5.597730,6.398643,0.775813,3.677533,1.906986,1
5.056547,-0.333597,2.174869,2.175501,-1.566682,1
3.086831,2.363031,-0.807997,2.350014,2.452127,1
-0.637282,1.079651,1.306833,2.068007,-0.127076,1
0.207951,-0.743059,0.545615,-3.090820,2.163761,1
-3.339855,-2.187902,0.546755,-0.868920,4.018937,1
-0.990870,2.238822,1.095334,-0.497391,3.087047,1
2.524178,-0.511980,4.462796,-2.886659,2.739633,1
0.110300,1.074548,2.360019,0.469208,-0.322914,1
2.752004,-0.786606,-0.322847,4.808888,-0.504000,1
1.250778,1.886480,2.623995,3.394569,-0.808691,1
4.529342,-0.511763,1.025707,0.462958,1.138148,1
-1.969994,-1.392531,1.459936,0.337599,-1.154024,1
-0.869305,0.469231,6.725641,2.519142,3.806721,1
2.483350,1.947803,1.773314,-1.416206,1.908031,1
3.158537,-2.676673,-1.941527,0.006446,1.971329,1
2.379840,0.653884,0.717656,-2.193859,-0.413148,1
-0.071968,4.146772,2.444717,-2.959609,3.515796,1
2.510429,1.357926,4.801538,1.572511,1.246860,1
-0.293175,0.935917,1.004727,1.158752,0.062249,1
2.533992,1.158731,0.170388,-0.613373,1.647795,1
3.760800,-0.069544,-0.394095,2.990832,0.705759,1
2.419778,1.449748,4.464256,2.333327,-0.228336,1
-0.221147,0.121665,-1.210506,2.967697,-2.176757,1
-3.840998,1.141570,2.579882,7.076544,-0.496976,1
1.475443,3.785140,2.693355,7.460167,4.096092,1
0.605878,-0.727266,3.619791,-2.254435,-4.289167,1
-3.324743,2.453519,2.750646,1.740810,0.929464,1
-0.291298,-0.602853,2.947746,-2.628120,0.965667,1
1.882927,-1.423323,-2.339263,-0.739394,-2.028332,1
5.736115,5.162537,1.263339,2.187216,0.848310,1
2.947692,-1.456656,-0.970236,1.499397,0.262181,1
2.820719,-0.955340,-1.843291,-0.450300,-0.036798,1
-1.120396,-1.944016,-1.475554,1.025826,0.792106,1
2.939740,0.883724,-2.652152,0.218733,0.092226,1
-2.587190,-2.211029,1.641569,-0.005953,3.544482,1
0.260909,1.920300,0.146329,-0.264422,2.438161,1
2.062284,-0.991312,5.634987,1.221910,0.913214,1
3.724393,0.124527,2.135907,6.792288,-1.168351,1
0.416938,1.053557,-2.919793,1.009437,-0.721106,1
1.781366,2.648133,2.638559,4.499095,0.598392,1
2.692369,-3.502897,1.609864,-1.082974,-1.882800,1
1.487064,3.071972,2.540395,-0.600560,-0.275992,1
0.003675,1.032322,0.317748,5.266702,0.902750,1
1.161457,3.789611,1.847615,4.996080,-1.291101,1
2.614633,2.912737,-0.649181,1.765922,4.874735,1
1.612286,2.852982,5.025149,-2.672536,0.460879,1
0.011556,4.719305,7.248484,-0.326608,0.582294,1
-0.097138,-0.052649,-2.342280,-0.075135,0.588332,1
2.743573,0.358181,4.456030,-0.694879,2.253379,1
1.638081,-0.337399,1.108711,3.063536,1.745326,1
2.276389,-0.588037,2.572462,0.360265,1.085763,1
-0.348127,3.743595,6.021669,-0.718850,-0.955100,1
-5.641112,-0.357783,1.668367,0.178780,0.606414,1
0.685918,-1.993747,1.698575,2.515359,2.675525,1
3.363616,1.700301,-0.351438,-1.709978,8.682081,1
1.813437,-0.482717,4.152050,-0.316151,2.176436,1
1.369063,1.080902,1.706634,2.107568,3.970787,1
-0.577410,-2.397783,-0.116014,1.894409,-1.444452,1
0.762835,0.866413,-0.416183,-1.557419,4.369342,1
5.172496,-0.786889,0.604905,1.972009,-1.041806,1
-4.161126,2.548194,-0.136729,-3.404651,1.190200,1
2.664042,1.899613,2.039287,-0.587482,7.133596,1
-0.307459,1.940427,1.676307,-0.323424,-3.161790,1
0.175287,6.068886,-0.843885,0.772283,2.404307,1
0.894352,-2.963983,1.084810,-4.485524,1.620356,1
1.563797,4.514944,2.891345,4.533600,4.932453,1
0.777075,0.424657,-2.293512,-0.820730,0.000569,1
2.921673,5.563404,0.120809,1.045719,3.973135,1
3.438641,0.597311,2.531504,-2.174737,0.129273,1
1.089763,4.793334,-1.075171,-1.649058,1.708466,1
5.805293,4.158830,-4.115164,0.862748,2.718485,1
0.220654,-0.845461,3.091784,1.976574,-1.721621,1
2.263456,3.517493,-3.013773,-1.225857,3.428880,1
4.663948,1.753570,0.387035,-0.949267,3.592414,1
3.072375,-2.961595,1.465643,-0.962725,3.485304,1
4.923242,1.531837,0.764712,2.780022,-0.442923,1
4.130338,1.191912,-2.098801,2.877619,2.471397,1
3.395848,2.786640,0.581847,-1.690011,1.484963,1
5.651217,1.449198,2.682298,2.097067,0.978078,1
0.853646,0.703188,-0.990862,-1.989084,2.081579,1
1.904473,4.060872,0.425925,4.512148,0.292583,1
5.574700,-2.944263,3.432186,6.409136,-0.446556,1
2.676070,2.578614,3.694329,3.150417,3.938057,1
0.528977,0.145487,5.003637,0.906317,-1.422349,1
-1.606544,0.000722,2.758448,-3.872384,1.966105,1
1.692429,0.656579,3.847938,-0.883099,1.246500,1
2.340417,4.991508,-2.441430,0.456965,-1.577810,1
-1.443653,2.553448,2.141352,-0.599049,-0.235180,1
-0.855892,0.338921,1.774112,3.317614,4.637164,1
0.899505,-2.071950,0.212134,-0.940751,-3.267203,1
6.034718,0.054508,0.029408,2.259025,2.247765,1
-0.188879,-0.595769,-1.392977,1.038793,0.237623,1
4.090302,2.443608,-2.461589,1.540858,2.301478,1
2.429642,0.983805,3.992553,1.304368,0.253277,1
-0.902366,1.868920,1.870784,2.701306,0.973395,1
3.425725,-0.575625,1.222267,0.461868,-0.363632,1
6.336456,-1.116685,4.361760,2.502393,-0.621785,1
-0.027949,2.695499,-1.757127,0.071461,1.933625,1
2.330143,3.054092,2.031289,0.457661,-4.313720,1
-2.278425,1.784770,-0.211104,-0.344748,-3.337845,0
1.651698,-1.949839,-4.198771,-3.413233,-1.482091,0
0.334844,-4.097217,0.664096,-1.081524,-4.998176,0
-1.974797,0.747568,-3.398599,-0.024927,1.592005,0
4.315979,-2.008791,0.826969,-3.414057,0.584049,0
4.117323,-1.214293,-0.114583,-3.366241,0.400249,0
2.053856,-5.945643,1.261442,0.221000,-3.878784,0
1.884583,0.613761,-0.818783,-3.870082,1.927111,0
-3.834385,-1.387580,0.923832,-0.525346,-2.200408,0
-1.320645,0.359040,-2.864981,-3.907622,-0.447649,0
-2.290540,-5.661716,4.004818,2.039446,-3.180229,0
-1.610655,-0.804637,-3.244807,-0.468073,-2.516643,0
0.109854,-1.675764,1.496824,-3.782423,-2.537656,0
0.188931,-0.151793,-0.449651,2.046983,1.340641,0
-1.827824,-0.248685,-1.214602,-3.047274,0.051334,0
-1.691895,1.473163,-0.618964,-1.112201,-2.210163,0
-2.055357,-4.047472,-3.896570,-3.798114,-0.077738,0
1.950450,-4.100986,-4.257717,-0.842747,-0.069279,0
0.446365,-2.291350,-4.490344,-3.957667,-0.886688,0
1.101318,-4.168976,-1.055139,-5.866864,1.453555,0
0.451449,-1.930403,1.020567,-4.133617,0.172583,0
-0.443556,0.109562,-5.378457,-2.357942,-5.150655,0
-3.059784,-2.985707,-2.526436,0.393039,-4.432953,0
-1.243118,-4.959072,2.844197,-0.989571,-1.266938,0
0.650465,-0.871984,-2.268934,-3.286599,-0.017418,0
-0.769310,-3.812526,-0.153780,-2.923531,0.330687,0
0.308975,-2.481798,-0.872829,-4.397645,-1.123740,0
-0.112872,-0.742444,0.494850,-3.860503,-0.002880,0
-0.419602,1.174123,-2.815246,-0.627455,-0.411448,0
1.078436,-0.678450,0.076214,-4.322549,2.641080,0
-1.270453,-0.775691,0.208103,-3.443972,0.308047,0
1.265061,-0.045901,-2.136661,-1.443687,-0.482231,0
0.148101,-0.164546,-3.378863,-5.741627,-1.418420,0
-3.006216,-2.367527,-1.090309,-3.738454,1.070567,0
-2.893476,3.975809,0.807328,0.898607,-0.163943,0
0.128844,3.334732,-1.865821,-0.413043,-1.503776,0
-1.087479,-4.814066,-3.061370,2.384893,-1.171473,0
2.228971,1.566112,1.686525,-2.058616,1.163772,0
0.226943,2.415266,0.714734,-0.125763,-2.537029,0
-0.929427,0.756891,-3.464180,-4.453955,-1.543354,0
-3.157861,-6.493283,-4.670578,1.424962,-0.100904,0
-0.554446,-5.328916,-0.709567,-2.236322,-2.116049,0
-3.404406,1.533046,0.006099,-2.253703,0.422910,0
1.466677,2.313685,-6.072841,-1.959028,0.513833,0
-3.173568,-2.867712,-0.573232,0.333807,-2.730698,0
-0.605882,-3.803524,0.117928,0.457296,-0.216886,0
-1.886111,-3.001830,-2.978279,0.337164,-2.882383,0
-1.442655,0.250217,2.394403,-2.574988,-0.580750,0
-2.485209,3.399334,-1.517048,-8.541980,-4.086390,0
0.001283,-5.074686,-0.840494,0.743364,2.331892,0
0.604695,-4.925162,1.606987,1.028685,-0.332770,0
2.260824,-0.169991,0.036624,0.335279,-0.830919,0
-1.114568,-9.374566,-2.170837,-3.596748,1.526279,0
0.068295,-1.722388,-4.140356,0.227332,-1.258295,0
-3.756069,1.523559,-4.520721,-5.318556,-5.312896,0
4.791985,-0.247292,0.723265,-2.810007,-3.535228,0
-0.568722,-1.292550,-2.271356,-2.447635,2.035182,0
-0.763237,-0.139372,-1.710124,-3.386097,0.917498,0
1.465906,1.726167,-1.354336,-0.250754,-1.385370,0
-4.940292,-0.849623,0.151524,-6.597424,-0.664421,0
-3.216514,-0.300045,-3.743211,1.535356,-0.950148,0
-2.045375,1.667374,-2.768816,5.520578,-1.739139,0
-3.731464,-0.393477,-3.199804,0.363231,0.165162,0
-1.854595,-1.949039,-3.920831,0.267467,-7.181176,0
-1.342261,1.202909,-0.479495,2.584830,1.301106,0
-0.146952,-0.711682,-0.244797,0.379610,3.521892,0
-2.631647,-0.157457,1.325194,1.007693,1.826305,0
3.731713,2.574075,-2.259446,-1.105789,-2.828044,0
0.977661,-1.340378,-1.020679,-0.362470,-1.489737,0
1.542830,1.696800,-1.774258,-2.613605,-3.440667,0
-0.350179,0.405225,-1.010537,-4.057759,-0.894485,0
-2.567774,4.206047,-0.144403,-2.462759,-0.644222,0
-1.226002,-2.392036,0.808475,-3.310196,0.228704,0
-2.461037,-1.917333,-0.120741,0.316069,-1.555647,0
-2.290305,1.444661,-3.148748,-0.632974,-3.649485,0
2.009024,-3.279905,-1.443746,-2.959057,0.047000,0
1.489994,-1.398667,-2.655372,0.419316,-1.447323,0
0.152868,-3.328763,-2.860758,-2.134894,-2.610485,0
-1.582529,-2.070920,-2.179976,-2.462258,-2.221657,0
0.591518,-0.157408,-1.381053,4.533079,-2.870854,0
0.045413,3.275841,-2.181968,0.517141,-1.942547,0
0.679771,-0.831838,2.593302,2.656925,0.276297,0
-5.356013,-0.522913,-0.306142,0.362286,0.054879,0
-2.188717,1.046309,-2.354030,1.995869,-1.371988,0
-1.012890,-1.018529,-0.599301,-3.229954,-0.303529,0
-0.913209,-2.603436,2.033401,-2.578197,0.633064,0
-2.401484,0.591052,0.016006,-3.670916,-1.941324,0
-0.450297,1.854722,-0.511861,-5.152771,-3.048349,0
-0.246972,0.472680,-2.788186,-2.295180,0.855847,0
4.043882,3.492183,-6.711961,-4.041445,-0.990620,0
-1.610647,-0.132821,-6.654317,-0.282045,-1.349518,0
-1.054147,2.266513,0.886924,-3.202351,1.058656,0
0.956643,-0.845676,1.619887,-0.023274,-1.255764,0
-1.667988,0.781666,-2.440299,-5.616760,-2.474884,0
-4.012003,-3.829398,1.999832,-0.439756,0.912986,0
-1.298971,4.306723,2.690262,2.142780,1.291903,0
-5.461529,0.336141,-3.117613,-0.146023,-1.971668,0
-2.893361,1.297092,0.611794,1.596698,3.400661,0
-2.171823,0.246616,2.099524,-0.466870,-3.107191,0
0.017129,-1.106410,-1.543887,-1.164645,-2.337585,0
0.051964,-4.863855,-1.444837,3.179635,0.647731,0
-0.307389,-0.051345,0.760674,2.480575,-0.324072,0
-0.189440,-6.805597,1.527319,1.083768,-0.784036,0
0.153637,-5.085312,-2.898695,-2.416193,-1.894632,0
-1.770013,2.302135,1.651225,3.431531,-1.369925,0
-0.805814,-5.659621,0.293681,-1.919624,-4.310479,0
-1.020359,-1.429371,0.900490,-0.554034,-1.756656,0
-2.586588,-4.505280,-2.882316,1.637375,0.775986,0
-2.279089,-0.255894,-2.849497,-0.912679,-2.573740,0
-0.490201,0.649299,-1.333976,1.402062,-1.827587,0
-3.643516,4.143805,-4.112535,-2.020329,0.348406,0
-2.340570,-0.500386,-1.307183,0.289105,3.573753,0
-2.218223,-0.991685,-4.305623,-2.991062,3.539503,0
0.260087,1.558669,-2.434821,1.839491,-1.812552,0
2.033226,-2.508285,-1.024489,-2.802817,1.654062,0
-2.712417,-2.255555,-5.295892,-1.191875,-0.003489,0
0.474285,-0.134140,-2.995078,-4.770175,-2.066264,0
3.710290,-3.050397,-0.661950,-6.097717,-1.543557,0
3.188966,-2.559719,-1.713580,0.591716,-2.900331,0
0.541618,-1.513971,-4.090762,-0.561686,1.403775,0
-0.002098,2.705939,2.496018,-1.543311,-0.401526,0
-3.926175,0.689835,-1.032041,-2.132396,1.432196,0
0.200174,1.884727,-3.149850,2.259756,-1.249796,0
1.658285,0.408779,-0.758452,-0.202508,-0.971053,0
-1.338536,-3.665456,-5.463236,-1.633147,0.013457,0
