2.107424,-0.447114,-0.785323,0.540130,-0.216182,-0.013688,-0.598582,0.917266,-0.124157,0.444916,-0.027732,0.075047,0.341388,-0.887843,0.822298,0.550848,-0.536359,-0.471728,0.452743,-0.105514,1.147244,-0.572002,-0.655936,-0.435266,-0.688055,1.067022,0.405942,0.097015,-0.235039,0.732523,1
1.383888,1.544975,0.105075,-0.939117,0.905367,0.340467,-0.236107,0.470421,-0.373579,1.498486,0.189040,-0.845503,-1.758810,-0.449204,-1.768364,-0.818395,-0.604171,0.469109,1.049294,0.143417,-1.574548,-0.347960,0.253037,-0.505451,0.722465,0.607338,-0.002119,0.466994,1.495686,-0.518215,1
0.944805,0.609888,0.813766,0.147176,0.126894,-1.004574,-0.110009,-0.107077,-0.146250,-0.857298,0.777716,0.855287,0.548140,-1.378208,0.532118,0.910128,1.514594,0.037814,0.031703,-0.334812,-0.167214,0.346610,0.199122,-0.093398,0.142379,-0.040518,0.948756,0.773104,-0.545920,0.515770,1
1.677305,-1.430176,-0.421384,-0.704655,0.105905,0.469801,0.069589,0.433598,0.486938,-0.199582,-1.334086,1.187297,-1.174778,0.131963,-0.348543,0.550651,-0.454685,-1.103205,0.627211,-0.284550,-1.543549,-0.915867,2.397474,-0.072034,-0.037482,-1.454775,0.357243,0.122120,-1.842735,-0.708874,1
0.590853,-1.031879,0.941409,-1.402127,1.376328,-0.764840,0.690631,-0.100420,0.552034,0.701711,-1.241041,-0.119299,-0.405182,-0.101795,-1.215246,-0.212417,0.555345,-0.791664,-0.862995,-0.467652,1.094463,-1.116514,0.282434,-0.469273,-0.274087,-0.889407,1.669197,-0.553592,-1.056895,1.024429,1
2.128805,0.406809,0.869929,-0.887271,0.736094,-0.175566,0.564689,0.655990,0.280820,0.479196,-0.158522,0.118145,1.032269,0.175008,1.097282,0.136496,0.811277,-0.875185,-0.897408,0.292375,-0.433835,0.591380,0.399120,0.336024,0.061553,-0.206154,0.619952,-0.743095,0.427255,-0.692113,1
1.644573,-0.929725,0.755017,-0.780491,-0.281446,-0.761305,-0.014189,1.207189,-0.335054,0.286848,0.437238,-0.958133,-0.629977,-0.238233,0.262286,-0.644907,-0.193630,-0.348448,-1.068530,0.874639,-0.028398,0.184083,-0.512268,-0.602205,0.677192,-0.390213,0.055037,0.920437,-0.120582,0.440103,1
-0.331541,-0.727555,0.349686,0.153611,-0.423538,0.509449,0.005963,-0.048356,0.802627,0.626127,0.309066,0.609663,-0.363847,0.100463,0.017254,-0.242155,0.013511,0.876045,-0.169367,0.461680,-0.135635,0.228420,-0.457511,0.867966,-0.072537,0.874253,-1.805725,0.843128,-0.474318,0.462856,1
0.058538,-0.803675,-0.304456,1.185241,-0.246730,1.107047,-0.426997,0.780046,0.530432,0.683537,-0.131581,0.926275,1.466799,0.975683,1.104552,-0.841683,-0.132968,-0.494097,-0.122177,-0.343237,1.068049,0.442482,-1.088997,-0.153685,0.428829,0.631316,1.715051,-0.281677,-0.327950,-0.445438,1
1.430077,-0.463974,-1.464572,-1.612759,-0.749124,0.005059,0.882223,1.009244,-0.677660,0.618289,0.227157,-0.759144,-0.635132,-0.265807,1.335629,0.216876,-0.156933,0.549400,0.605237,-0.597656,2.495794,0.173142,-0.087837,0.505800,0.424974,0.462552,-0.210782,1.228661,0.947325,-0.522504,1
-0.020262,-0.297245,-0.571750,-0.591845,-0.553579,-0.947487,0.541112,0.068531,0.748506,2.153138,-0.209646,-0.169373,-0.990409,-0.947802,0.798242,-0.378981,-1.526514,1.303352,0.229477,0.676514,-0.767936,-0.979362,1.200435,-0.135193,-0.495061,-0.056751,0.236874,0.037490,-0.489347,0.073525,1
1.739703,0.330552,-0.513260,-0.841063,0.222502,0.147198,0.480397,-0.017214,0.199560,0.325366,-0.410736,-0.686728,-1.081010,0.816860,0.317029,-0.041802,-1.365263,-0.435510,0.454659,0.356525,-0.628531,0.436223,-0.572032,0.427661,0.995017,-0.718063,-0.270484,-0.283829,0.536420,-1.450475,1
0.833581,0.202698,0.618572,-0.854440,-0.361141,-0.125162,-0.116282,1.679473,-1.803176,-0.962220,-1.009281,-0.266518,0.596479,-1.421187,0.266095,-0.638751,1.069021,0.158087,0.183907,-1.143045,-0.001019,0.061357,0.221546,-0.079203,-0.049594,-0.627144,0.714353,-1.187545,-0.096820,0.124034,1
1.121550,-0.354141,0.085880,0.183092,0.674095,-0.699139,-1.204783,-0.195208,0.783741,-0.155014,0.288930,-0.428392,0.496436,-0.487340,-1.015015,-0.789606,0.656624,0.142166,-0.151819,0.788107,-0.904387,-0.005809,-0.450010,-0.460837,-0.415842,0.119304,-1.187368,-0.213941,0.263480,0.037166,1
1.635746,0.475312,-0.010055,-0.068223,0.765785,-0.114014,-0.551954,0.019261,-0.272067,0.580861,-0.750165,0.612185,0.331063,-0.427963,-0.541764,-0.755618,-0.855651,-1.307547,0.586668,0.307254,0.571792,-0.247402,-0.451904,0.526103,0.392148,-2.149153,-0.143898,-0.801207,-1.152698,-0.080678,1
0.912845,-0.490718,0.893034,0.531715,0.458402,-0.115172,0.302707,0.347860,0.992354,-0.638955,-0.704993,-1.627745,0.344583,-0.363118,-0.506160,-0.143985,-1.423560,-0.341299,0.492054,-0.370625,0.861035,-0.084287,-1.598492,-0.903858,1.441854,0.653578,0.695178,1.445108,0.026819,-1.133373,1
1.445915,1.131888,1.755767,0.280806,0.835954,0.326817,-0.631382,-0.114908,0.018036,0.624676,-0.614419,1.027676,-0.869723,0.568535,0.572717,0.815091,0.112950,-0.603528,0.029760,-0.998245,-0.692779,-0.451622,0.765590,-0.283823,0.000721,-0.306239,-0.770191,-0.771670,0.012565,0.252890,1
1.342446,-0.128661,-0.695248,-0.601632,-1.112878,0.043555,-0.115918,0.133491,1.083059,-0.599341,-0.081293,1.166085,-0.859276,-0.206575,-0.828550,-0.551889,-0.645210,-1.477744,0.635077,0.265166,-1.235493,0.248327,0.707328,-0.627654,0.594635,-0.091158,-0.106288,0.063459,0.112448,-0.689501,1
1.265364,1.318877,0.391006,0.236661,-0.035494,0.212096,-0.041602,0.062209,0.908990,-0.430107,0.753604,0.618959,0.172717,-0.186370,-1.013040,1.232812,1.537332,1.036152,-0.796231,-0.344525,-0.383309,1.428814,0.092289,-0.194494,-1.578578,-0.815476,-0.142202,-0.612288,-0.536524,0.066809,1
-0.167803,1.200531,-0.186476,1.150227,1.759744,0.547526,-0.931065,0.448020,0.016345,0.502178,-1.258616,-1.122139,0.081236,-0.565018,-0.904818,-0.349861,0.024866,0.143879,0.967357,-0.361287,0.287821,-0.592731,-0.066761,0.447160,-0.694847,-0.942212,0.150465,0.848552,1.685689,-0.414764,1
1.397001,0.447452,-0.465792,-0.521206,0.836412,0.944130,-0.541880,-0.785548,0.299566,-0.272939,-0.202140,-0.354059,1.020532,0.858431,-1.248682,0.914134,-0.112950,1.148764,-1.790887,-0.181076,-0.113458,-0.448127,0.394145,-0.593764,-0.556525,-0.320583,0.632003,-0.344736,-0.814055,1.119094,1
0.552690,0.467093,-0.452351,-0.529910,0.385585,-0.308186,-0.041058,-0.014336,1.737185,0.222223,-1.289058,-0.299915,-0.362718,-0.819335,-0.033503,-0.122344,-0.846423,-0.821620,-0.160202,-0.288082,0.225610,-0.030299,-0.460685,-0.546646,1.329725,-0.748671,-0.458735,-0.489307,0.394486,0.221443,1
2.835773,-0.239753,0.455715,-0.137875,0.742670,-0.213215,-1.545201,-0.678743,0.514765,-0.174245,-0.652034,-0.228258,-0.285085,-0.906217,-0.986905,-0.629815,-0.139702,0.197470,-0.727857,-0.196573,0.191862,0.954648,0.684958,-0.505255,-0.556406,0.259725,-0.725409,0.185654,-0.632670,-0.067189,1
0.656916,-0.313393,-0.044945,0.844265,-1.335379,0.757032,-1.329791,0.447871,1.424086,1.464528,1.215918,-0.910447,0.382719,0.804750,-0.234793,0.267627,-0.700386,0.536716,1.363513,0.020161,0.611466,0.413268,1.070932,-0.470460,0.024941,-0.133744,-0.037385,-0.051292,-0.270018,0.628341,1
1.379522,-0.270252,-0.589736,0.612448,-0.033528,-0.887177,0.395947,-0.396891,-0.449383,0.264634,-1.808794,-0.190228,0.934267,0.579387,-0.972907,-1.250682,0.061122,0.174483,1.170701,0.479477,-0.243462,-0.373866,-0.085531,-0.868807,0.223648,1.221415,-0.801325,-0.440467,-0.471302,0.174927,1
0.229678,-0.049851,-0.003977,0.582249,-0.387275,-0.117571,0.006630,0.736380,-0.486443,-0.440323,1.171593,0.080327,-0.340793,-0.419047,0.002479,-0.289021,-1.851494,-0.361235,-0.381562,0.358476,-1.140727,-0.051633,-1.344528,0.330839,0.382679,-0.503158,0.493076,0.325623,0.207644,0.765868,1
1.589024,-0.927654,0.269286,0.143094,1.206386,0.100903,0.490931,1.979120,-0.108216,-0.600780,2.199066,-0.032359,-1.057722,-0.006051,-1.032030,-0.028614,0.168430,0.311173,1.448754,-0.593966,0.236922,-1.051628,-0.318848,1.243574,-1.430171,-0.236071,-1.455558,-0.770526,-0.533714,-0.140543,1
0.366595,-0.061094,1.182508,0.624757,-0.579534,-1.792731,1.559332,-0.355277,-0.341684,-0.058210,-0.040864,-1.485372,1.583081,-0.894383,0.302217,-1.017496,-0.037856,-1.327785,-0.056716,-0.041394,-0.753489,0.108783,0.557045,0.133304,0.555727,1.303743,-0.678170,0.579070,0.984500,0.283311,1
-0.003066,-0.366646,-1.278357,-0.801567,1.281638,0.740233,0.614419,0.828755,-0.414034,-0.633892,-0.360714,0.187836,-0.640686,1.444767,-0.705259,-0.772073,-0.462455,-0.515557,-0.724059,-0.860541,0.657779,-0.410519,0.241176,-0.182909,-0.099124,0.667333,0.329547,1.121983,-0.669724,-0.127282,1
1.389662,-0.302579,-0.206040,0.254279,-0.297869,0.220000,0.104591,0.118945,0.798080,-0.083956,0.080583,-0.322511,0.323282,-1.252321,-0.054438,-0.606606,-1.696649,-1.083519,0.217238,1.007597,-1.329097,-0.120285,-0.286848,-0.595532,-0.029601,0.278859,0.625676,0.026026,0.393101,1.089732,1
0.524462,0.743635,-0.373904,1.031385,0.791700,0.183576,-0.930569,-1.049786,0.088311,-0.206887,0.583997,-0.131140,-0.558978,0.291135,-0.941406,-0.237172,-0.372943,0.156249,-0.872576,0.959186,1.119192,-2.100411,0.437422,-1.019773,-0.437296,-0.182688,0.630673,0.864030,-1.386903,-0.970961,1
2.947130,-0.125478,-0.993916,-0.579434,-0.446043,-1.266568,0.084167,-0.564426,-0.990644,-0.043827,0.967771,-0.159656,1.180293,0.317524,-0.777891,-0.766992,0.579647,-1.204299,-1.494430,0.601176,-0.457561,0.450016,0.019832,0.291522,-0.398809,1.165063,0.537251,-0.845471,0.316877,0.147296,1
0.745087,0.202249,1.060792,0.121268,1.010433,-0.811522,0.202341,0.181295,-0.670564,-1.448214,1.216510,0.274502,0.228954,1.119031,0.473779,0.024999,0.100559,0.063974,1.275323,-0.536668,-1.814819,-0.633086,-0.165090,0.861137,-0.601200,-0.704234,0.481533,0.668138,0.533920,0.680607,1
0.497249,0.337423,0.728853,-1.461832,-0.022594,-1.142753,0.566220,-0.951120,-0.246567,0.120076,1.013787,1.449658,-1.036915,-0.225232,-0.214041,1.309859,-0.310750,-0.609778,0.273388,1.035262,0.227872,-0.148483,-1.539926,-0.397079,-0.380357,1.843877,0.455261,-0.747448,-1.450927,-0.263353,1
1.209842,0.208829,0.515589,-0.045846,-0.215564,-0.654234,0.827357,0.262371,0.212397,-0.961780,1.621059,-0.221017,1.904348,0.899747,0.563529,0.097229,1.189993,0.839371,-0.879010,0.145764,1.344439,-0.708941,0.187837,-1.114575,1.466318,-0.749032,0.168629,1.301692,0.651983,1.269902,1
0.521149,0.577329,1.085025,-1.747888,0.382153,-0.484064,0.033194,-0.193511,0.352055,-0.668519,-0.093570,-1.321254,-0.124482,-1.227937,0.509333,-1.033763,0.003753,-0.424164,-0.238017,-0.557807,0.709745,0.235727,-0.176938,0.760067,0.127626,-1.273158,-0.127629,-0.927115,-0.739973,0.085641,1
2.105338,0.814494,0.157462,0.767713,0.129102,0.407129,-0.712610,0.273961,0.486356,-0.309162,0.713507,-1.461536,-0.381103,1.181365,-1.305618,-0.023121,0.303321,0.381927,-0.233693,-0.551437,0.325513,-0.264223,0.908883,0.213140,0.864354,-0.243781,-0.089534,0.272096,0.226248,0.055521,1
1.209777,1.115828,0.258684,0.010478,-0.711273,-0.171416,0.455968,-0.634222,0.311330,-0.357123,0.973803,-0.505372,-1.223602,-0.170405,-0.786354,-0.239108,1.168066,-0.683703,0.191082,0.659341,-0.774110,-0.959078,0.740032,-0.129540,-0.617677,0.293409,-0.110691,0.094904,-0.237027,1.327961,1
1.381469,1.788198,-0.608553,0.704666,-0.108234,-0.046998,0.400090,0.051742,-0.375583,-0.240794,-0.555520,-0.470351,-0.384531,-0.472054,0.988022,-0.173568,-0.063138,-0.245606,-0.001858,-0.476153,-0.262329,-0.827054,0.403722,-0.489452,1.781451,0.763681,-0.163847,0.514911,0.054619,-0.059771,1
-0.299279,-1.278225,0.239101,-1.743270,-0.210708,1.255685,-0.054145,-1.148263,0.462617,-0.726371,1.003117,0.122102,-0.026324,0.481237,-0.034314,-0.441247,1.974131,-0.782449,0.592525,-0.234352,-0.752893,0.048013,-0.387320,0.314502,-0.472424,1.271439,1.391828,-1.313490,-0.116159,0.989579,1
0.685208,-0.142522,0.742095,-1.597078,0.958311,0.123316,-0.826779,-0.808489,0.131728,0.130282,0.944562,-0.076251,-0.837919,-0.762902,-0.638831,0.050450,-0.598031,0.040006,-0.595939,-0.364359,-1.310697,-0.441351,0.155514,0.895932,-0.282701,-0.062521,0.934150,0.420012,0.787662,1.169961,1
1.138829,0.427356,0.202676,-0.424834,-0.113185,0.587858,0.253596,1.563277,0.656885,-0.107856,0.163028,0.721630,0.085460,-0.782520,0.047212,0.767074,0.022770,-0.409145,0.038357,-0.699422,-0.115516,-0.649270,-0.299580,0.205818,0.365065,-0.514364,0.493820,-0.807188,-0.167937,0.858426,1
0.597951,-0.867539,-1.058220,-0.114433,0.499392,0.603237,1.081099,-0.231994,0.754542,0.080776,0.208531,-0.083704,0.466064,-0.867455,0.168206,0.201623,0.578953,0.893142,-0.553601,-0.368354,0.364428,0.201457,0.697788,-1.238452,-0.791276,0.459459,0.413404,0.288620,-0.284680,-0.417836,1
0.869677,0.105087,0.597423,0.545327,0.624364,0.615428,0.522013,0.675743,-1.359005,-0.840637,0.345792,0.915437,-0.680699,-0.880859,-0.552290,0.094309,0.514126,0.302031,-1.106279,0.471713,0.084437,-0.363661,-0.334828,0.942841,-1.372044,-0.745520,0.574147,-0.509323,0.367929,-0.836143,1
0.390129,-1.747535,-0.637623,-0.278466,0.449164,0.128712,-0.044903,0.181366,-0.394625,-1.183905,0.470547,0.503050,-0.188924,-1.151331,0.475958,-0.440284,-1.271463,-0.587044,-0.091567,1.157402,0.007182,1.614468,-0.089126,1.489888,-0.745302,-1.612471,0.258348,0.342737,1.098422,-0.850158,1
0.784538,0.800406,0.416764,0.360929,0.256876,-1.142823,0.289340,0.019149,-0.444615,-0.569122,0.259627,0.447188,-0.570863,-0.421830,-0.727281,0.163722,0.863180,1.494649,-0.893229,-0.461978,0.700025,-0.609375,-0.605722,-0.554768,-0.526397,0.216320,1.079935,-0.296828,-0.009992,1.526932,1
1.778137,0.409059,-0.108161,1.160749,0.742003,-0.607229,-0.820243,-0.178995,-0.290885,0.869921,0.155387,0.049880,-0.206583,0.278876,0.161469,-0.240645,0.130515,0.093114,-1.382304,2.240541,0.189939,-0.345176,-0.418766,0.658354,-0.013820,0.721213,0.598831,-0.647148,0.277492,0.546070,1
1.882016,-0.391350,0.791663,0.739089,0.301632,0.227853,-0.960161,0.035728,0.265362,0.059188,0.208215,-0.668854,-0.445223,1.327884,-0.041030,-0.490678,-0.933425,-0.257129,0.227426,1.520512,0.548866,0.011074,0.493291,0.191861,-0.025025,0.594416,1.219851,1.722117,-0.353323,-0.661534,1
1.452798,0.136309,0.440601,1.101293,0.374808,0.595020,0.262446,1.445218,1.361670,-0.653733,-0.543286,0.174268,1.410319,1.395789,0.916695,0.564702,0.156227,0.043158,-0.361579,0.987805,0.326246,-0.444411,0.000439,0.456162,0.748795,1.278281,1.093482,0.555493,-0.259580,-0.721330,1
0.538870,-0.525891,0.828392,-0.695692,0.557891,0.311666,-0.335268,0.428556,-1.912408,0.365190,1.152106,-0.098681,-1.347948,-0.046042,-0.117959,0.597675,-0.511810,0.880887,0.215998,0.382936,-0.790768,-0.981312,-0.325410,0.576413,-0.862377,-0.501950,-0.992796,0.184242,-0.963106,0.219246,1
1.659976,-1.137092,-1.185304,1.226979,0.657451,0.541985,-1.249745,1.111831,-1.726754,-0.468741,-0.312898,-0.393794,0.280541,1.365167,-1.522047,0.580172,0.404161,1.571708,-0.207539,1.011927,-0.160083,-0.301589,0.778965,-0.068259,0.251136,-0.255347,-1.216302,-0.628915,0.356888,-0.432150,1
0.308802,-0.154441,-1.361253,-1.089443,0.104933,0.802614,0.137830,0.333415,0.212920,0.064583,0.477415,-0.171479,0.773012,-1.208083,0.452932,0.408395,-0.629453,1.052376,0.665631,0.935839,0.071386,-0.408332,-0.521203,-0.709129,-1.001683,0.414561,0.233211,-0.037084,-0.579334,-0.717232,1
1.246849,1.032846,0.074725,-1.246599,-0.629264,-0.201903,0.715387,0.032660,-0.323290,0.154741,-1.025430,-0.233642,-0.958682,-0.004884,-0.816002,0.203353,0.641092,-0.335660,0.093395,0.122749,-0.441232,-0.232199,-0.868747,0.335426,-0.123293,0.154992,-1.848088,0.199214,-0.017318,-0.157173,1
2.170318,0.384221,0.532086,0.042933,-0.414554,1.729383,0.814667,-0.543129,1.940142,0.071031,-0.091171,-0.521320,-0.321107,0.468374,0.613164,0.460241,-0.701358,0.609385,0.388733,0.185266,-0.446445,-0.222171,-0.787053,-0.319238,0.094090,-0.153671,0.220593,-0.477423,-0.374252,1.073466,1
1.700031,1.627385,0.343554,0.303978,0.639878,-0.232570,0.396088,-0.499640,-0.102398,1.136501,0.421088,-0.901745,-0.581085,-0.012614,0.016742,-0.437319,-1.965847,0.311927,-0.097456,-1.592438,-1.003771,1.252973,-0.298358,-0.378723,0.080250,-0.305828,0.245375,-0.354911,0.648989,0.655065,1
0.791515,-0.621250,0.494201,-0.229990,-0.722012,-0.369295,0.210534,-0.309209,0.267024,-0.904058,-0.307462,-0.362815,-0.410902,1.147406,1.078043,-0.279746,0.215930,0.824628,-0.563995,2.079736,-0.270147,-0.255428,1.090035,0.887238,0.473936,0.075743,0.039747,0.246848,-0.007955,-0.989089,1
0.843185,0.696314,0.262118,0.563403,-0.665308,-0.223237,-0.504986,0.590287,0.002883,-0.286711,0.395668,0.667262,-0.068038,-1.700374,0.099282,0.473913,-0.449847,-1.257809,0.575432,0.237826,-0.100214,-0.373599,-1.025883,-0.444793,-0.859523,-0.665910,0.408141,0.763540,-0.517711,-0.043745,1
1.270792,-0.139933,0.019812,0.365664,0.367909,-0.398197,-0.299650,1.056438,0.392385,-0.471733,-0.931889,0.960705,-0.158985,-0.877824,-0.282161,0.063019,-0.993961,0.084142,0.025347,-1.625011,-0.318022,-0.591913,0.751885,0.728435,-0.433257,0.118145,-0.412245,0.223552,-0.199038,-0.051642,1
1.108877,0.734578,-1.966718,-0.873214,-0.879473,1.319912,-0.086453,0.980010,0.741604,0.710796,0.024118,0.492123,1.758283,-0.433003,0.487582,0.555897,1.035164,-0.855226,-0.022182,0.489263,0.691809,-1.445542,-0.095465,-0.015257,1.167375,0.788146,-0.329417,0.504116,0.478762,-0.028094,1
1.463327,0.421623,-1.759761,0.088938,-0.287290,1.367630,0.695027,0.650227,-0.549944,-0.576301,-0.117579,0.412848,-0.209394,-0.153008,0.614233,-0.240750,0.565778,0.656898,1.123371,0.273768,-0.729737,-0.346339,-0.978365,-1.035319,0.174294,0.295491,-0.142621,-0.136590,0.674659,0.476891,1
1.219073,-1.387907,0.462989,0.269417,-0.155891,-0.721932,0.138254,-0.464877,-2.593230,-0.269029,-0.167142,-0.220784,0.864593,1.008310,2.467565,0.461632,0.014632,0.771965,-0.611740,0.313489,-0.046916,-1.471849,0.669678,-0.182526,-1.293845,0.244197,-0.354094,-0.364237,0.792364,0.527015,1
1.854024,-0.386540,-0.341436,0.007926,-0.025492,-0.873806,-0.900688,0.048322,-0.903573,0.515106,0.463505,0.552596,0.269432,-0.007428,-0.150511,0.895576,0.257376,-1.194859,-0.450699,0.564010,1.474675,-1.093876,1.526975,0.815588,-0.513784,-0.594485,-0.468604,-0.295542,0.863874,0.570329,1
0.234587,1.303507,-1.006246,-0.195178,-0.100253,0.575062,-0.449959,0.145521,-0.543927,-0.301439,0.532721,-0.389040,-0.942704,0.188715,-0.639624,0.704198,1.312407,0.257716,0.192539,0.736022,0.786203,-0.070512,0.819930,-0.651405,-0.781749,-0.364192,0.473925,0.247396,0.162136,0.803884,1
2.010867,-0.561572,-1.160058,-0.609975,-0.985982,-0.317311,0.329552,-1.433753,-1.104678,0.330696,-0.463974,0.651561,1.275160,-0.489728,-1.377871,-0.097669,0.365754,-0.357566,0.086169,0.090296,0.147749,0.103534,0.237197,-1.411219,-0.317441,-0.207913,0.222693,-0.781008,-1.215679,-0.165717,1
1.324958,-0.789008,-0.882944,0.595285,-0.494502,1.067968,0.218745,-1.006691,-0.648280,0.101717,1.396340,-0.521575,1.323112,-1.272248,0.043945,0.142822,0.439782,0.202852,0.460554,-0.361557,1.166302,0.318802,-0.075231,-1.796813,-1.418879,-0.572047,-0.329901,-0.235924,0.370345,-0.678549,1
0.427747,1.500872,-0.522978,-1.159128,-0.631796,1.180840,-0.528738,1.332500,0.399525,-0.132649,0.787822,0.360555,-0.271325,-0.750577,1.045553,-0.360942,0.632807,-0.225288,-0.155184,-0.684520,-0.614030,1.398391,1.312760,0.658323,-0.216256,1.074003,1.276403,0.064756,-0.650268,-1.116924,1
0.589608,0.194927,-0.507509,0.151522,-0.832255,0.639928,-1.002094,-1.469791,-0.564235,0.948543,0.558550,-0.286427,0.288263,0.714257,-1.111034,0.209920,-0.065537,-0.137566,0.042876,-0.713212,-0.484283,0.592051,0.168289,1.418702,1.197457,-0.121406,0.804601,0.265610,0.746692,-1.066626,1
1.138160,0.516963,0.197462,0.726889,-0.185217,0.638488,0.163908,0.166472,0.659304,0.687370,0.580964,-0.078407,-0.530085,0.088136,0.286511,0.943677,-0.145966,-0.526459,-0.654544,-0.486665,0.593233,-0.068214,0.071916,-1.355096,-1.167703,-0.765411,1.038112,0.577339,-1.669736,-0.997229,1
1.542278,-0.367213,1.960937,-0.604124,0.708026,-0.587235,0.912363,0.577360,-0.693771,-0.192098,1.275198,-0.579512,1.692245,0.050497,-0.279416,0.178592,-0.082010,0.142370,-0.616091,-0.284976,-0.135372,-0.314712,0.892992,0.038094,-0.043879,0.059068,0.127860,1.074906,-0.650222,-0.574243,1
0.074037,1.331387,0.678360,-0.600963,-0.321896,-0.953717,0.449031,-0.791721,-0.495179,-0.918619,0.185103,0.599686,-0.221305,0.601055,-0.066674,-0.274937,-0.627136,-0.469007,0.332797,0.493867,-0.314549,0.138712,-0.847172,0.218304,0.538349,0.475914,0.802157,1.022917,-0.950103,0.324387,1
2.371915,1.753403,0.273631,1.012859,-0.569048,0.258706,-0.060325,0.592629,0.444693,-0.021217,-0.219415,-0.101097,0.237945,0.330274,-0.477713,0.595809,-0.433350,-0.760609,-0.355577,1.907074,-0.440454,0.851042,0.931455,0.558698,-0.456127,-0.273309,-0.407972,0.790457,-0.603742,0.690002,1
0.905011,-0.287554,-0.893767,-0.566581,0.230586,0.515374,-0.695885,-0.765039,0.573480,-0.523760,-1.238122,-0.237792,-0.305097,-0.771674,0.411850,-0.223684,-0.400441,-0.037011,-0.570973,1.485079,-0.381497,0.008896,1.108989,0.674839,-0.433590,-0.636559,-0.429441,0.642553,-0.642155,-0.472516,1
0.467949,2.162303,-1.055747,0.518848,0.497974,-0.646411,0.364939,0.959680,-0.003272,-0.383943,-0.047000,0.025792,-0.949230,-0.902422,-0.471561,-0.953415,1.191916,0.499540,0.068888,-0.783607,0.037810,0.024098,0.268144,-0.473862,1.114212,-0.447719,0.031415,0.669783,0.999403,1.139915,1
1.169398,0.805704,-0.487181,-0.153332,-0.669098,1.214993,0.930770,1.537106,-0.252966,-1.590375,0.840718,0.339085,-0.587895,0.063424,0.981842,1.232704,0.212992,-0.024185,-0.337919,0.630168,0.370102,0.244617,-0.350835,-0.063202,-1.470144,-0.276066,0.543396,0.667166,-0.680072,-0.969083,1
1.025970,0.402794,-1.020322,-0.052870,-0.409393,-1.225199,1.103046,-0.056665,-0.468539,-0.976422,1.139589,-0.393015,-0.980247,-0.257220,0.205827,-0.199163,-0.240781,0.091037,-0.535609,-0.292372,-0.154981,-0.197388,0.507825,-0.057246,0.021665,-0.311512,-0.812131,0.394331,0.224168,-0.463741,1
1.329959,0.298917,0.352951,-0.845116,-0.118697,-0.796067,-0.561366,0.342477,0.117339,-0.672302,1.734823,-0.436543,-0.391929,0.853221,-0.686234,-0.426802,1.149858,-1.159564,0.945857,0.367602,0.238401,1.280791,0.156853,-0.356666,0.189857,-0.467227,-0.412434,0.122798,-0.969762,0.261781,1
0.631498,-0.207694,0.073130,0.586007,-0.152647,-0.349763,1.034958,-1.260782,-1.481735,0.189405,-0.610747,-0.322027,-1.181849,1.074138,-0.277831,-0.539610,-0.349021,-1.070203,1.452850,-0.081994,-0.288853,0.265648,0.588129,-0.759709,-0.940941,-0.100768,-1.217926,-0.488545,0.794590,-1.150504,1
2.053474,-1.113851,-1.116615,-0.041282,0.114406,-0.186638,-0.961259,-0.861619,0.089425,-1.097996,-0.212427,-1.279821,0.584934,-1.718812,-0.574167,1.231892,0.290743,-0.031051,-0.293361,0.295094,-0.276372,0.839463,0.000318,0.675623,-1.608477,-0.617000,-0.652698,-1.025604,0.509114,-0.419640,1
0.964069,1.033338,0.622313,-0.281574,1.282069,-1.040591,-0.361855,1.149820,-0.514537,0.861088,0.899239,-0.012218,-0.742947,0.100831,0.946983,-0.107990,-0.663734,2.020952,0.110292,0.679930,-0.009580,0.055672,-0.280281,-0.759758,0.331032,-1.509246,-0.961618,-0.464076,0.674386,-0.375005,1
-0.310076,0.122238,-0.126435,0.052484,0.852525,-0.574445,-0.121418,0.103693,0.059039,-0.207923,1.273145,0.110677,0.244342,0.635621,-0.245667,-1.185588,0.521418,0.074159,-0.808112,0.967682,-0.351177,0.433315,1.159223,0.604344,0.516349,-0.562407,0.487258,-0.319468,2.209337,-0.110575,1
1.492100,1.079746,0.068507,0.117801,-0.378433,-0.418642,-0.903429,1.294758,0.454291,0.494830,-0.432315,-0.596569,-0.239620,-0.030388,0.091420,-1.042533,1.245293,0.410075,1.122607,0.653864,-1.032880,-0.295290,-1.000209,-0.899601,1.695268,-0.221987,-0.613900,0.510014,0.058613,-0.580242,1
0.721549,-0.148933,0.299648,0.118016,1.204132,-0.867666,0.073343,0.338892,0.074486,-0.675254,-1.664602,-1.125210,1.042161,0.441402,0.041830,-1.166390,0.535436,-0.007467,-1.238203,1.589124,0.300560,1.358226,1.319141,-0.924375,0.841437,-0.100678,0.177698,-0.122946,0.578133,0.437073,1
2.438203,0.580131,-0.584999,-1.552397,-0.030614,-0.255042,1.537649,-0.990830,0.179320,-0.195599,-0.213601,-0.078108,-0.160992,0.408777,0.510015,0.202131,-1.060458,0.607129,-0.712491,0.056550,-0.317060,0.682581,-0.130407,-0.523527,-0.003330,-0.114913,-0.459871,1.308542,-0.546622,-0.022851,1
0.899915,0.835027,0.913194,-1.087276,-0.108750,-0.774128,-0.612131,1.671126,0.330215,-0.167629,-0.066550,-0.237605,-1.027746,0.398898,0.211537,0.602688,0.003324,0.109845,1.163302,-1.029047,0.117588,1.321198,-0.253499,0.382240,0.370991,-0.898228,0.482526,0.873997,-0.286695,-0.449763,1
0.210648,0.172341,-0.591881,-0.614533,1.988314,0.102521,-0.409253,0.880440,0.399866,1.043526,0.144300,0.074077,0.223955,0.391829,-0.492571,-0.434711,0.082756,0.062979,-1.083007,-0.779976,-0.106985,-0.353670,0.522624,-0.684123,-0.056916,-1.122819,0.574110,-0.064183,-0.630831,0.584414,1
2.426368,-0.097823,0.409683,0.379042,0.373041,-0.515974,-0.527888,-1.596092,-1.424477,0.848114,0.722767,-0.310030,0.453204,-0.043232,1.066077,0.687740,0.961333,1.493703,1.101251,0.257133,1.478020,-0.088884,-0.348425,1.182441,1.193902,-1.166770,-1.154620,0.076462,0.879621,0.248047,1
0.610784,0.767881,0.995753,-0.174824,-0.151304,0.581749,1.541070,-0.734133,-0.301051,0.686004,-0.423858,-0.969814,0.362985,0.382709,0.241489,-0.907362,0.004715,0.417507,1.745876,0.120440,-1.497262,-1.045987,-0.347894,0.168510,-0.118603,0.596076,-0.774022,-0.578089,-1.125692,-0.272434,1
0.804458,0.426373,-0.090542,1.195274,-1.394431,-0.663525,0.513793,1.058185,-1.196954,1.046813,-0.825098,0.381902,-0.970575,-0.230516,0.823421,0.669585,0.388884,0.263911,0.564558,-0.570169,1.049291,0.488604,1.550265,1.027143,0.217189,-1.488062,0.359667,-1.212001,-0.516379,-0.501927,1
1.370494,-0.643452,0.175447,0.209441,-0.361020,0.855955,-0.122115,-0.170357,-0.708590,-0.914006,-0.400645,-0.911716,0.117624,-0.113501,-1.085031,-0.770349,0.033822,-0.157290,-0.874434,0.111538,-0.182026,0.993577,0.432658,0.383506,0.272500,0.507753,0.216801,0.224681,0.071885,-0.854072,1
0.820104,0.048872,-0.451359,-0.519427,0.433887,-0.563928,0.554941,0.025136,0.240527,0.430129,-0.886571,0.238987,1.144883,0.888887,0.429998,0.358014,0.026552,1.369118,-0.373759,0.261941,-0.545917,1.502191,0.686350,0.721581,1.220626,0.181362,-0.005155,0.897056,0.041042,0.439249,1
2.117918,0.838408,-1.337948,-0.415579,-0.363080,-1.024710,-0.258919,1.744720,-0.005142,-1.096772,-0.061179,-0.936867,0.003253,-0.620790,-0.515118,-0.975201,-0.669370,-0.100443,-0.058608,-0.129960,-0.959127,-0.252972,-0.372711,-0.129768,-0.096828,-0.036576,0.031943,-0.733852,0.876552,-1.026856,1
0.858293,1.337115,0.383310,-0.292345,0.157950,0.253485,-0.305438,-0.230104,-0.676885,-0.543575,-0.135618,1.103852,-0.180353,1.040048,0.615804,0.350974,-0.402817,0.346569,-0.268793,-0.774860,-0.902736,-1.075507,1.503606,-0.623161,0.802503,-1.281636,0.188549,0.697861,-0.059751,0.722183,1
1.948578,-0.763324,0.091825,0.537097,-1.170294,-0.026409,0.117911,0.356629,-0.773232,0.037999,-0.668838,-1.048873,0.046736,-0.740250,-1.119153,0.472057,1.801598,-0.680771,-0.339635,0.594030,-0.226995,-0.714679,0.383474,1.228608,-0.156892,-0.339134,0.318152,0.324487,0.533314,0.312143,1
3.181581,0.094023,-0.137491,-0.927343,-0.141835,-0.225701,0.155513,-1.365234,0.393626,0.413993,1.221746,0.053585,-0.265375,0.601295,-0.389833,-0.107013,-1.117048,0.575550,0.500609,1.231905,-0.124102,0.044608,0.470019,-0.597569,0.914450,-1.044020,0.176809,0.704757,-0.302595,0.372038,1
0.613366,1.570936,-0.204829,0.534819,-0.378550,-1.107046,1.301195,1.169707,0.122290,-0.071888,-1.090480,-0.667657,-0.625233,0.014068,-0.422422,0.789269,0.365612,-0.466531,0.316333,1.001597,-0.150252,0.464163,-1.501010,-1.518869,0.453184,-0.529910,0.085726,-0.343679,-0.232874,0.270216,1
1.192652,-0.211692,0.001981,-0.945633,0.165134,0.553786,0.273652,1.575422,0.443635,1.446135,0.256221,0.667117,-0.185915,1.173195,-1.372281,0.355698,0.497814,-0.294051,-0.338585,0.892358,-0.496166,-0.348533,0.501542,0.729715,-0.295373,0.805721,0.570920,0.054675,-0.712923,-0.790694,1
0.842952,0.514784,-1.090152,-0.059531,-0.571534,0.130084,0.021454,0.358713,0.885888,0.911611,0.195409,1.051850,0.765508,-0.724771,-0.734469,-0.528672,-0.335763,1.804095,-0.452979,1.043086,-1.200205,0.162496,0.590197,-1.405548,0.342497,0.329216,0.097572,-0.689028,-1.741649,0.397537,1
0.717837,0.343074,1.705860,0.068954,-0.034505,-0.986732,-0.257965,0.066005,-0.484781,-1.957441,-0.324389,-0.259774,-0.657420,-0.182081,0.191377,-0.128593,-0.577724,0.171996,-0.612495,0.838498,1.153046,1.368298,-0.572407,-1.648964,-1.743057,-1.367043,-0.283009,0.044382,0.431301,0.080003,1
0.064920,0.375577,-0.834404,-1.199983,0.701802,-0.213274,-1.498381,0.205899,0.214579,-0.948081,-0.299727,0.364779,0.745433,0.025732,0.099939,0.085607,-0.043402,-0.398285,0.604310,-0.007158,0.024786,-0.451395,1.091763,-0.357991,-0.204994,0.659544,-0.105229,0.709647,0.083920,0.081250,1
1.775054,1.371507,-0.713340,-0.062509,1.043587,-1.142938,-0.353142,1.402103,-0.048287,-0.091452,-0.159054,0.170849,-0.149881,-0.672187,0.795450,-0.150087,0.350668,0.564410,-1.045758,0.275731,-0.008451,-0.075136,-1.562867,0.754701,-1.125750,-0.127441,0.977508,0.458322,0.110345,-0.386581,1
1.610344,-1.029867,-0.125974,-0.349197,-0.644280,0.363510,0.821738,-0.431190,-0.729040,0.485173,0.309621,-0.818177,0.068320,-0.061541,0.526053,0.011360,0.765500,-0.376246,-0.056736,0.299486,-0.201507,0.809081,-0.107723,-0.116063,-1.084187,0.293906,-0.103270,1.174206,-0.173012,0.737577,1
2.958134,0.776536,0.129438,0.570364,0.361643,0.025805,-1.239293,0.115203,-0.092083,0.602647,0.562567,0.412472,-0.624653,0.498169,0.544151,1.227031,-0.449015,-1.007411,0.397283,-1.346565,-0.837056,2.181998,-0.851153,-0.409240,-1.545440,-0.317464,-0.074148,-0.843274,1.116570,0.622936,1
0.598736,0.027957,-0.156429,-0.499611,-0.728157,-0.440920,-0.487710,-1.117485,-1.143612,-0.765224,-0.589287,0.192733,-0.469155,0.430892,0.820786,-1.126786,0.720915,-0.891455,0.152822,1.182315,-0.049145,-1.000562,-1.349417,0.553472,0.196094,0.994426,-0.406796,0.186626,-0.718309,0.327248,1
1.139738,-0.119925,-0.460743,0.375187,-0.487861,-0.423501,-0.061327,1.092247,0.087861,-1.603457,0.342344,-0.077553,0.455867,-0.131274,-0.541885,-0.003821,0.316551,-0.039302,-0.263253,-0.949531,-0.039917,-0.368586,-0.982440,-0.768943,0.144383,-0.924036,-1.382425,1.104866,-1.106215,1.207967,1
0.346543,1.284679,0.572258,0.478832,-0.400412,0.257175,-0.784508,0.323788,-0.237250,0.194775,0.878253,-0.119165,0.640658,0.099134,-0.291277,0.693208,-0.387039,1.039819,1.705514,-0.959822,0.611790,-0.016923,1.097574,0.246981,1.301374,0.453062,-0.183050,0.431290,0.058191,-0.267860,1
1.860011,-0.488528,-0.328169,-0.244763,-0.578750,1.580471,-0.592450,0.152576,-0.385876,-0.747509,1.865970,-0.614052,-0.305289,-0.463073,0.795081,-0.253983,0.976082,-0.568090,0.469366,-0.929334,-0.686194,0.826563,0.389142,-0.040151,0.322534,1.557201,0.173534,0.143284,0.860224,-0.212125,1
-0.325104,-0.890760,0.290633,1.808613,-0.031011,1.020866,0.928685,0.125108,0.000307,-0.378680,-0.353395,-0.215305,-0.020818,-1.369670,0.327807,-1.135122,-0.895187,-0.181577,-0.805950,-0.794977,0.327956,-0.118113,-0.812823,-0.313232,0.362047,1.374967,-0.044003,0.531086,-0.370750,0.274779,1
-0.304201,-0.077063,-0.858955,1.104756,-0.262755,-2.014553,-0.848347,-0.041631,-1.778000,0.205967,0.105219,-0.355599,0.106857,-0.651725,0.191360,0.036610,0.252708,1.207455,0.730834,1.519675,0.307631,-1.066157,0.575120,-0.593065,0.498027,-1.498061,-0.157579,-0.115268,0.274151,-1.114624,1
1.368454,0.424068,-0.381011,0.386763,-0.422392,0.325045,-0.055865,0.159747,0.718090,-1.060398,0.401745,-0.016172,0.236236,0.028416,-0.947823,-0.917259,1.503100,-1.289116,0.581953,0.784074,-0.316986,0.484510,-1.123396,-0.714996,0.302557,1.210699,0.162123,0.654899,-0.048708,-0.269133,1
1.004121,-0.143161,0.792710,-1.600459,0.144648,0.303115,0.582633,0.174431,0.022622,0.441267,0.374623,0.058340,-0.393594,-0.393134,0.037278,-0.419940,0.368157,-0.983663,-0.615090,1.311676,-1.204338,0.843784,-1.577253,-0.180297,1.181382,-0.349918,-1.418241,-0.521609,-0.331823,0.758002,1
-0.017634,-0.440882,-0.507787,-0.340536,0.435935,0.894371,0.254227,1.314933,1.538849,1.016350,0.544326,-0.748808,0.144840,-0.189264,0.241326,1.359099,0.859235,-1.418593,-1.113208,-0.051146,0.328599,0.213888,-0.412274,-0.707000,-0.186235,-0.088949,0.657628,-0.316964,1.189891,-0.601138,1
0.697305,0.760944,-0.003241,-0.182905,-0.207324,0.440626,0.010534,0.124404,0.836066,0.521073,0.685292,1.448790,0.268668,1.999173,-0.864947,0.893958,-0.319401,1.092957,0.197588,0.264388,-1.942036,0.834538,-0.258926,-0.070541,0.109377,-1.139626,-0.035492,0.712411,-0.388534,-1.569399,1
1.789994,0.645768,0.685533,0.575793,0.759676,0.554073,0.447846,-0.295855,1.051445,-0.463033,-0.729811,-0.129470,1.130050,-0.505954,0.966603,1.164166,0.172302,1.133780,0.258208,-0.005607,-0.333171,0.710992,-0.273030,0.009464,0.840014,0.591627,0.660435,-1.013844,-0.400001,-0.346875,1
1.271696,0.205772,-0.532738,0.741216,-0.508314,-0.605669,0.215013,0.533303,0.068004,-0.471262,1.525324,-1.497323,0.991614,0.290195,0.694256,-1.327296,0.107909,-1.172637,-0.577642,-0.950551,-0.319644,-1.165134,-0.636379,0.414321,-0.605062,0.234820,0.938982,-0.168577,-0.263697,-0.534069,1
-0.031632,-0.067617,-0.441556,0.548924,0.071391,-0.214780,-1.387415,0.798547,0.075243,0.527984,0.507095,0.264459,-0.087088,-0.187307,-0.347065,-1.433175,0.057496,-0.151324,-0.901050,-1.400764,-1.148874,1.118642,-0.557609,-1.249620,-0.059371,1.200280,-0.024055,0.248116,-0.144219,0.301584,1
1.764243,-0.398346,0.600908,-0.324267,-0.233802,1.356772,1.234415,1.563648,1.020763,-0.270129,0.128668,0.826145,0.408293,0.416637,0.021996,-0.367476,-0.272921,0.582161,0.577763,0.306698,1.169620,-0.958730,0.632205,0.248214,-0.440469,-0.138550,-0.437102,0.362087,-0.232928,-0.544583,1
1.562434,0.154048,0.131911,-1.236292,0.579754,0.363134,-0.082818,-0.480458,-1.124665,0.152376,0.387056,1.874195,0.304307,-0.126084,0.240772,-0.213841,-0.620739,-0.362360,0.842827,0.384195,0.622122,-0.601221,-0.965959,0.854105,-0.596458,-0.602384,0.311320,-1.192280,-1.039774,-1.039790,1
-0.225443,-1.972718,-0.324428,-1.402245,0.717093,-0.271525,-0.067139,-1.251484,-0.446436,-0.027827,-0.416002,0.380824,0.478370,0.351901,-0.335675,-0.063960,1.277024,0.682189,1.218191,-0.692643,-0.310646,1.095187,0.448667,0.163527,-0.656595,1.019121,-0.498410,0.928878,1.675269,-0.231313,1
1.665744,0.020247,1.193152,-0.386474,-0.615127,-1.127454,0.073630,-0.003580,0.316680,-0.804416,0.649194,0.230417,0.252279,0.065293,0.587601,-0.973391,0.918659,-1.441075,-0.593269,0.321265,0.510518,-0.787616,-0.511901,-0.836180,0.068641,-0.145020,-1.624094,-0.125541,0.126676,0.004161,1
1.346345,0.395994,0.875309,0.145424,1.115744,0.521204,-0.224474,-0.073042,0.164994,-0.025625,-0.847676,0.532270,0.046083,-1.229776,-0.517396,-0.148917,0.359521,0.380316,-0.090830,0.963541,-1.247299,-0.636194,-0.378495,0.100566,0.171160,-0.000294,-0.918000,0.199263,0.788242,-0.423029,1
1.213530,0.362526,0.542671,0.628959,-0.087621,-0.540767,-0.715702,-0.272251,-0.932260,-0.352728,0.677036,-0.674369,0.311132,-0.323867,-0.331355,-1.213042,0.181618,0.233546,-0.043366,0.139742,0.797443,-0.011831,-1.775935,0.689424,0.921163,-1.003905,0.385216,-0.148216,-0.160476,-1.845375,1
0.991170,-0.354810,-0.559910,-1.406767,0.965041,0.783060,0.340439,0.412539,0.652685,0.750021,-1.026641,-0.045487,1.195553,-0.293859,-1.493603,-0.113134,0.754077,0.083583,0.745631,0.154972,0.508385,0.106236,-0.067093,0.741141,0.291341,2.300632,-0.814544,-0.332500,-0.412115,-0.707342,1
-0.642675,-2.074061,0.896045,-0.241496,-0.678279,1.509055,0.099376,0.434315,0.899144,-0.448726,-0.139440,0.387457,0.574851,0.603770,-0.865609,-0.547112,0.907427,-0.483220,-0.489486,-0.417047,0.299788,0.800045,-0.169454,0.880754,0.042867,-0.078510,0.403729,-0.069806,0.156838,-1.748928,1
-0.063387,0.117340,-0.558420,1.917531,-0.558036,0.138879,1.227567,0.345286,-0.216900,-0.428456,0.778131,0.318792,-0.821811,1.320468,0.707305,0.108785,-1.253967,-0.550860,-1.361130,-0.346883,0.795840,-0.185000,-0.181649,-1.024576,0.596091,0.261757,0.060174,-0.700129,-0.078493,-0.855702,1
0.358577,-1.178730,-0.278438,0.756991,-0.164010,0.123209,-1.550107,0.997548,-0.254414,-0.635643,0.692859,-1.187055,0.287834,-0.281328,-0.238278,-0.301788,1.243040,-0.073886,-1.246487,0.148191,-0.232776,-1.393149,-1.394968,0.127155,-0.052837,-0.451653,0.725754,0.828670,0.146697,0.590049,1
-1.400616,0.217694,-0.722850,0.535985,-0.872276,-0.347289,0.383733,-0.493593,-1.096265,0.670440,0.201259,-1.871908,1.013571,-0.668881,0.989923,0.337519,0.775235,1.836882,0.936946,1.482349,-0.201797,-0.323701,-1.042212,-0.778546,0.468844,-0.095451,0.827241,0.794008,0.137534,-0.587220,0
-2.097079,1.355715,-0.033834,0.884768,0.433745,0.933246,-0.648908,-0.301277,0.242046,-0.242657,0.456867,-0.619142,-0.083315,-0.607091,0.005161,-0.504667,-0.090555,0.431961,1.054732,-1.026466,-0.258323,0.112405,0.184653,-0.342365,1.386055,0.522636,1.818505,-1.593004,0.386748,0.215238,0
-0.396364,0.132689,-0.060494,0.432445,0.290225,-0.156540,-0.210505,-0.762504,0.900485,0.088345,0.370142,0.080234,0.193884,-0.595587,-0.335303,-0.386972,-0.113152,0.659411,-0.363603,0.356515,0.071917,1.270791,-1.326244,-0.913824,-1.205879,-0.519946,-0.204773,0.042305,1.483189,-0.349927,0
-0.905545,0.621804,0.494061,-0.517194,-0.502219,-0.944310,-1.415059,0.076595,-0.611023,0.792918,-0.008627,-0.487381,0.166100,-0.005383,-0.909629,1.044307,-0.156863,-1.137537,-0.161906,-1.142753,0.191112,0.585725,-0.726425,0.519032,0.257684,0.855431,0.063299,-0.230953,0.101628,-0.835394,0
-1.278226,0.267077,0.095829,0.208095,-1.149715,-0.350405,-0.209399,0.728231,0.465587,-0.564202,-0.740855,-0.394436,-0.746044,-0.054602,-1.098742,0.023468,-0.040459,0.270204,-0.135793,0.468376,-0.472281,-0.255534,0.517639,0.255705,-0.105891,-0.929127,-0.315628,-0.569680,0.878964,0.023328,0
-0.720891,0.646244,-0.306293,0.363904,0.073261,1.168637,1.820452,0.342333,0.231682,-0.397593,-0.999286,-0.581720,0.072667,-1.294731,0.161889,-0.277710,-0.255621,-0.249300,0.059791,0.124703,-0.184118,-0.795941,1.796375,0.714254,-1.292374,0.377340,-0.475115,-0.362854,-0.230813,-0.694153,0
-1.210633,-0.057740,-0.479496,1.231453,-0.163487,0.521770,-0.122901,-0.364143,0.191855,0.395180,0.825506,1.076789,-0.226701,-1.738597,0.087952,-0.760946,0.475550,-1.182539,-0.215497,-0.841218,0.080277,0.233287,1.217681,1.164326,0.012381,0.695003,2.126286,-0.136407,0.131618,1.063256,0
-1.061519,0.377243,0.360994,0.554842,0.092399,0.508121,-0.757931,0.686552,0.175530,-0.480366,0.843091,0.634213,0.600378,1.291368,0.036258,-0.535651,0.003221,-0.729798,-0.457685,0.432757,-0.085191,-1.080398,0.107715,-1.076887,-0.254056,-1.038769,-0.562557,-0.571100,1.129993,-0.844958,0
-1.600013,0.014431,1.222211,1.419693,-0.101720,1.197402,0.662310,-0.461254,-0.944412,-0.655010,0.464977,0.664796,-0.417054,-0.727272,-0.134687,0.257134,-0.968736,-0.024382,-0.234182,-0.146972,0.523869,-0.959964,0.863103,0.568324,1.116599,0.180553,-0.010227,0.247673,0.258310,1.434392,0
-1.672001,0.589748,1.313906,-0.591497,-0.592668,-0.300714,-0.603817,-0.975713,1.834768,-0.890643,-0.441700,-0.089695,-0.205457,0.432153,0.394238,1.110692,-0.609508,-0.306832,0.619440,-0.007401,-0.613066,-0.453208,0.207063,0.756019,-0.047666,0.001257,-0.595631,0.609171,-0.735088,0.265531,0
-0.886111,0.176620,-0.228556,0.769540,-0.929156,-0.441799,-0.522562,0.490339,-0.309444,1.331628,-1.229598,0.284222,-1.150742,-0.290303,2.055775,0.224713,0.053774,0.129265,-0.643115,-0.546683,1.339462,-0.498399,-1.174573,-0.938000,1.164804,-0.194868,-0.439493,0.344831,0.028001,0.437199,0
-1.447917,-0.084955,-0.362317,-0.609866,-1.366438,0.580514,0.008559,-0.269143,-0.814226,-1.816650,1.184673,0.387546,0.057280,-0.412562,-0.414468,-0.092901,-0.820405,-1.369236,-0.437773,-0.474573,-0.047356,0.101263,1.418621,-0.207783,0.076975,-1.189043,-1.004443,-1.170421,-0.369397,1.063158,0
-0.312439,-0.026258,1.285918,0.186943,-0.634308,-1.129437,0.896552,-0.971605,-0.137117,0.695884,0.043669,-0.998413,-0.605252,-1.396546,1.409558,0.272271,-0.217291,-0.843610,-1.028755,-0.225715,-1.943898,-0.297655,0.215853,0.272536,-0.230767,0.214401,-0.865041,-0.894309,0.974508,-0.175917,0
-0.595699,0.010812,0.145286,-0.282539,-0.933950,0.679010,-1.399424,0.140691,0.608874,-0.244337,2.079180,-1.436997,0.241157,-0.848221,-0.610281,0.494433,0.828085,0.431446,0.537537,-0.210302,-0.146170,0.885384,-0.630821,-0.013706,0.944735,-0.641102,-1.201824,0.239358,0.766366,0.217869,0
-1.808155,0.693831,0.856923,0.541467,-0.368192,-0.788367,-0.331153,-0.407401,-0.229076,-0.878212,-0.336423,-0.809901,-0.284085,-0.437174,-0.355938,1.400240,-0.277772,-0.323712,0.751092,-0.218048,0.421662,-0.414542,-0.608065,0.077134,0.091501,-0.058385,-0.112190,-0.503220,0.743962,0.291753,0
-0.634734,-0.645890,-0.398185,0.561361,-0.694542,-0.545165,0.118855,0.662268,-0.287822,0.313804,-0.902310,-0.420987,-0.571198,0.049967,0.178498,-1.032007,-0.565401,-0.627175,0.065145,-0.718024,-0.023468,2.074703,-0.513900,-0.349769,-0.660852,0.251109,-0.823827,0.932012,-0.661399,1.424005,0
-1.283741,1.011596,-0.153756,0.627585,-0.035091,0.843028,-1.144672,0.624372,0.675257,0.603468,0.095191,-0.365835,0.319245,0.217225,-0.451629,-0.315291,1.363553,0.931291,0.691939,0.679793,0.254663,0.533316,-0.359678,0.978703,-0.223369,-1.330611,-1.072158,-0.926937,-0.781746,0.055820,0
-0.719783,0.934371,0.540140,0.073589,0.732130,0.753531,-0.452350,0.424217,0.358024,-1.011822,-0.418826,1.554939,0.244958,0.127861,1.098076,0.065049,0.928623,0.620635,0.910820,-0.127829,0.776302,0.704763,0.063339,-0.752866,0.104661,0.243634,0.550413,0.336077,1.631730,0.672804,0
-1.198830,0.510725,1.870931,-0.142798,-0.052903,0.297749,-0.045103,-0.554911,-0.843332,0.505503,0.627229,0.591624,-0.574767,0.480638,1.405016,-0.352624,-1.617403,-1.088448,-0.265611,0.478956,-0.999128,-1.080739,-0.562503,-0.537990,2.105778,0.266758,0.086712,0.133478,1.832170,0.729217,0
0.501958,0.637077,1.012518,0.558993,-1.490074,-0.696282,0.086170,-0.820763,-1.625850,-0.009336,-0.191742,0.997893,0.472537,-0.033187,-0.808145,-0.079717,0.764120,-1.100541,-1.295644,1.316416,-1.007723,0.393677,0.395620,1.320821,-0.112900,0.442513,-0.352711,0.103089,-0.813123,-0.278651,0
-0.363238,0.593042,-0.528291,0.698651,1.410043,-0.893239,-0.157926,0.028581,1.742358,0.705418,-0.819260,-1.284937,-0.188281,-2.409681,0.283128,-1.045597,-0.323100,-0.709425,0.240203,0.874885,0.646400,-0.872892,-0.913643,1.046935,0.927290,0.365770,-0.361556,-0.272458,-0.566896,0.437763,0
-1.244415,0.261225,-0.544674,1.015116,-0.102921,1.240930,-0.790439,0.842308,0.946337,-1.260687,-0.240792,-1.368903,-1.768415,-1.400721,0.289578,-0.105691,1.106796,-0.626681,-0.494307,0.726191,-0.773542,0.166294,0.989280,0.218561,0.416902,0.982510,-0.625398,0.809201,0.483212,1.287971,0
-1.578260,0.094076,-0.305792,-0.235246,-1.792832,-1.153534,-0.324677,-1.295963,0.373311,0.839182,0.792464,-0.095358,1.661835,0.614889,-0.609228,-0.233681,0.466652,-0.851883,1.887650,0.707651,-0.592765,0.298632,-0.125170,0.088905,0.379549,1.648395,0.290154,0.135934,0.132580,0.201154,0
-1.270299,0.284862,-0.166160,0.971769,-0.120370,0.157203,-0.176035,0.759743,-1.205355,0.484267,2.088393,0.587327,-0.081562,0.141882,-1.264640,0.075017,0.513466,-0.584031,-1.924776,-0.807500,-1.034009,0.673760,-0.554957,-0.158805,1.013227,1.146923,-0.797533,-1.210038,-0.984106,-0.525801,0
-0.983560,0.617774,-0.225722,-0.901888,0.209927,-0.518061,-0.549406,0.067788,0.543057,0.273503,0.050109,1.206361,-0.190383,0.476287,0.526708,0.749801,0.120385,0.985988,-0.821015,-0.304983,-0.428760,0.591862,0.332502,0.463712,0.812669,-1.206143,-0.259602,0.204268,0.660898,0.333522,0
-0.760456,0.258901,0.233576,0.527510,0.639743,-1.454191,-0.202143,-1.001872,-1.192210,0.020740,-0.380431,-0.295798,0.968499,-0.154998,0.501471,0.300763,0.353129,2.489082,0.997203,0.687869,-0.563534,0.318301,-0.224268,-1.357363,0.673355,-0.396381,0.356481,-0.413302,-0.237669,0.732004,0
-1.889924,1.082522,-0.386788,-1.019967,0.434417,0.286352,-0.497711,-0.254490,1.080811,0.744743,0.206475,0.288938,-0.492849,-0.424998,0.384284,0.457783,0.774383,-0.133603,-1.114009,-0.522824,-0.270254,1.168896,-0.760224,1.106437,-0.521832,-0.418086,-0.650644,0.367641,0.474661,0.435183,0
-0.281567,-1.107203,-0.475478,-0.268701,-0.472790,0.216449,-0.046924,1.044502,-1.278762,-0.365299,0.641939,-0.694613,0.797796,0.577153,0.617242,-1.613052,-0.429173,0.405798,0.410589,-0.169019,0.010451,-0.285407,0.619136,-1.237091,0.993549,1.045313,0.432940,-1.053687,0.865899,-0.511446,0
-0.207227,-0.062301,0.256449,1.280213,0.684964,0.271250,-0.926790,-0.551486,0.616489,0.549259,-2.411346,-0.107179,-1.420809,1.233957,0.336022,-0.369803,0.376107,-0.775478,-0.117272,-0.116746,-0.858527,-0.126921,-0.267200,0.396242,1.115911,-0.139426,-0.908551,0.124578,0.453239,0.946756,0
-0.696998,0.129435,0.131848,0.127102,0.402106,-0.143473,1.145524,-0.460589,-0.264024,-0.736940,-1.217880,0.530668,0.961771,0.207046,-1.401357,-0.179438,-0.049975,-0.070727,0.023923,0.041423,-0.976048,-0.411658,0.411740,-0.431464,-0.065913,1.653257,-1.350203,2.028799,0.677368,0.216282,0
-0.861887,0.717203,0.040435,1.202692,0.989480,-0.141130,1.201615,-0.338341,-0.363567,-0.923143,0.277878,-0.291822,0.382543,-0.015056,0.191264,-0.822609,0.635343,0.464271,-0.001164,0.613614,-0.081958,1.327031,-0.453704,0.235129,0.433695,-1.078781,-0.860261,1.110980,1.369563,1.176069,0
-1.315109,0.279626,0.591866,1.299232,1.052502,-1.617578,0.127605,-0.141437,0.693172,-0.244936,0.003499,0.845921,-0.496982,-0.547853,-0.744946,-0.525122,1.461933,-0.404648,1.144124,-0.101641,0.369244,-0.040679,-0.457054,-0.473349,-0.090765,0.529163,0.297809,1.379947,0.336366,-0.520436,0
-0.776161,0.583559,-1.421799,-1.800762,0.084407,-0.342401,0.195056,0.282443,-0.325035,0.928751,0.800473,-0.242935,-0.001801,-0.888824,0.516223,-0.167273,0.154069,-1.447691,-0.175096,0.966780,0.261140,-0.153703,-0.457407,0.606027,-0.665233,0.638726,-0.078583,0.633857,0.522922,-0.425283,0
-1.946091,-0.166135,0.873048,0.829492,0.316288,-0.489275,0.314639,1.355534,1.003184,-0.875158,-0.143344,0.110210,1.463131,0.572631,-0.795275,-0.593493,0.001078,0.467829,-0.643917,0.769566,1.812158,0.442559,-1.837057,-0.999995,-0.610488,-0.337561,0.608302,0.013201,0.013824,0.674465,0
-0.627728,0.863458,0.143220,1.085579,-1.319999,-0.290630,-0.889452,-0.069418,-0.364352,-0.277261,0.025776,-0.190076,-0.931577,0.104533,-1.001778,-2.038869,-0.047687,-0.552990,-0.323366,-0.447587,0.198246,-0.480065,0.236692,-0.359450,0.409591,-0.482668,0.080218,0.211202,-0.742250,0.560992,0
-1.570438,-0.268370,-0.382371,-0.879100,-0.438496,0.446868,0.031870,-0.457861,0.237278,-0.588252,0.572101,0.009140,-0.380185,-0.760182,-1.054887,-0.344851,0.644309,0.103771,0.239948,-0.023180,-1.147337,-0.423533,0.675575,-0.460639,0.257778,1.532247,-0.114346,0.397121,0.909947,0.327504,0
-1.063093,-0.156426,-0.349518,0.881888,-1.053886,0.136123,0.358280,-0.889407,0.997844,-0.135905,-0.428422,-1.195289,0.620381,0.530191,-1.122842,-0.305536,-0.002878,0.709063,-1.000795,0.656798,0.590997,-0.885982,0.801884,0.386351,1.131364,-0.116103,0.697725,-0.222378,0.950344,-0.785246,0
-1.268339,-1.166368,0.180438,1.053759,-0.253481,-0.472794,-0.682628,0.022181,-0.164047,0.557501,0.270481,1.012844,-0.242777,0.099878,-0.494725,1.077713,1.069848,-0.837929,-0.118695,0.052063,1.214905,0.472816,0.559592,-0.201523,0.364823,0.544704,-0.882710,0.047231,-0.252913,-0.784489,0
-0.931962,-0.638359,-0.249828,-0.146768,-0.175806,-1.311121,0.769359,-1.103719,0.427161,-0.876896,-0.167785,0.488162,-1.701562,0.777904,0.648523,-0.243264,0.889449,-0.022596,-1.109063,-0.164878,0.560956,-1.033087,-1.229500,1.109506,1.311526,-0.876318,0.371849,0.022180,0.107360,-1.356454,0
-1.057948,0.125000,1.380875,-0.079320,-0.856282,-1.134513,-0.123810,-0.671813,-0.369106,0.978519,0.748394,-0.344999,0.773930,-0.332144,-0.855799,0.706121,1.004990,1.008868,1.382722,0.684422,0.223580,-0.143192,-2.043983,0.932813,-1.361881,-0.263464,0.032167,0.441684,0.608881,0.403542,0
-0.281805,0.277178,-1.879600,-0.495887,1.200371,1.010553,0.297164,-0.039573,1.011313,-0.356998,0.582424,-0.709127,-0.922945,-0.865021,-0.647084,-0.027384,-0.748219,-0.540900,0.033334,-1.233280,0.429585,-0.394951,-0.834242,-0.689994,1.120098,1.021397,-0.361288,0.508605,0.733679,-0.096798,0
-0.170027,-0.592666,-1.123411,0.574588,0.704026,-0.643312,0.328424,-1.183141,-0.388187,-0.652510,0.439759,-1.018798,0.782565,1.098172,-0.960951,-1.117612,0.552428,0.247138,-0.268900,0.844441,-0.053380,-0.285074,-1.084243,-0.297198,0.961703,1.371591,1.706228,-0.139506,0.233228,-0.334195,0
-1.975519,-0.122733,1.833611,-0.409262,1.144625,-0.266221,-0.055099,-0.623548,-1.159772,-1.023630,-1.040539,1.412993,-0.178118,0.734264,0.201748,1.874604,0.269189,0.683916,-0.086414,-0.009476,0.097200,0.027105,-0.079900,0.757699,-2.219955,-0.564682,-0.909651,0.857797,0.209373,0.719669,0
-2.015200,-0.434823,0.524437,-1.099216,-0.652640,-0.363327,0.421135,-0.661543,-0.863703,0.864576,0.217319,0.913674,-0.406579,-0.269405,-0.464832,-0.732809,0.032274,0.545670,0.273950,-0.970951,0.344949,0.513299,0.413451,0.781150,0.669003,-1.272264,-0.234573,-0.741742,1.239992,-1.010361,0
-1.650819,-1.187409,-0.679575,-0.907521,-0.312530,0.010363,-0.775122,0.940823,-0.350906,-0.347051,0.325744,0.518376,0.996469,0.291807,0.292601,-0.395959,-1.038863,-0.709173,1.155262,-0.096982,1.023875,-0.828326,-0.364378,0.596229,0.601922,0.018875,0.187825,-1.142873,-0.330963,-1.565072,0
-1.518316,0.300374,0.602821,0.184191,-0.500679,-1.032659,0.781219,-0.017382,-0.598897,0.972009,-0.051877,-1.051415,0.421936,0.894563,0.568635,-0.725120,0.590566,-0.790803,-0.812683,0.534954,0.306398,-0.189732,-1.165442,0.757933,0.853995,1.314400,0.545931,0.578615,0.672950,1.487124,0
-0.834795,-0.209827,0.076107,-0.230448,0.259871,1.227976,0.614202,-0.560959,0.177422,1.304565,1.051528,0.886168,-0.385007,-1.332694,0.393816,1.059325,-0.606880,-0.684845,-0.358276,-0.748550,-0.082963,-1.056392,-0.289884,0.730487,0.521651,1.265247,-0.276085,-1.692809,-0.396192,0.200532,0
-0.589019,1.031577,0.746638,-0.928239,0.043614,-0.887869,-0.562862,-0.226148,-0.695655,-0.414962,-0.126635,-0.105877,-0.436451,-0.648993,0.160535,-1.230632,-0.484801,0.860526,-1.328519,0.386874,0.398737,-0.656667,0.216289,-0.339097,1.404658,0.259408,0.448514,-0.146447,-0.658171,-0.833425,0
-2.295159,0.804268,-0.165187,-0.038946,0.479013,0.373345,-0.063411,-0.634456,-1.940224,-0.996762,-0.302523,0.396455,0.072773,-0.541734,0.023677,0.814165,1.084124,2.120662,0.966808,0.152887,1.094525,0.960394,0.649158,-0.536828,-0.332652,0.961520,0.172774,-0.007203,-0.109299,-0.634897,0
-1.360432,0.598858,-0.526451,0.282071,-0.097204,0.543821,0.065649,1.100835,0.098275,0.991232,1.173009,0.119004,0.655759,-0.403705,1.330983,-0.162430,-0.862555,0.499393,-1.609009,-0.911268,-0.739636,-0.932134,-0.690805,0.521478,0.686059,0.484237,1.316933,-0.520330,1.223552,0.034495,0
-0.120555,-0.111765,1.531088,1.391175,-0.694509,0.300069,0.496726,0.836909,-1.129103,0.360429,-0.172716,0.828658,-0.143837,0.225445,0.036849,0.504005,-0.272403,-0.974490,0.023513,-0.143450,1.322392,-0.129030,0.781021,0.926459,-0.258843,-0.337308,0.950938,-0.723148,0.563821,-0.329695,0
0.738670,-1.116764,-0.146869,0.763239,0.028202,-0.033505,-1.103707,-1.226674,-0.580959,0.750758,-0.260517,0.273142,0.806398,0.021459,-0.236316,-0.862622,0.449433,-0.654815,0.716513,-0.770307,-0.588763,0.562570,-0.512974,0.298071,-0.271540,0.617653,-0.305053,-0.938170,0.593219,-0.732917,0
-1.381759,-0.071409,-0.479099,-1.483285,-0.528346,-0.621799,0.276577,-0.559510,0.130999,1.305271,0.888984,0.000906,-0.731550,-0.549741,-0.054187,0.042025,-0.021974,-1.013555,0.088253,-0.117356,1.525179,0.074863,-0.609124,0.656266,1.019346,0.592878,1.093853,-0.385106,0.123233,-0.175486,0
-0.476571,-0.157098,-0.803819,0.538489,-1.864149,0.689708,0.538796,-0.861573,-0.280545,-0.559046,-0.556505,-1.084191,-0.128029,-1.647870,0.225511,-0.093014,-0.449851,0.284375,-0.972906,0.118609,-1.389457,0.389760,0.953302,0.384518,0.342770,-0.538546,0.208109,0.326436,-0.028955,1.091569,0
-0.197438,0.425484,0.200203,0.295784,-0.009682,0.267913,-0.673220,0.655387,0.211088,-0.010177,-0.015811,0.492145,-0.725059,0.155084,0.964612,0.173815,-0.387222,0.528157,-0.131746,0.104796,0.109945,-0.793286,0.672287,-0.895901,-0.121607,0.891195,-0.495052,1.567899,0.944697,-0.101879,0
-0.250530,0.499512,0.038409,-0.716404,1.751695,1.426110,-0.998762,0.598991,0.953262,-2.394826,0.764598,0.242123,-1.599425,0.974039,0.206620,-0.974086,-1.785236,-0.217968,0.717572,-0.334846,-1.258395,-1.000261,-0.187575,-0.695259,0.265966,0.161285,0.211545,-0.559355,0.918861,0.363304,0
-1.147101,0.724740,-0.976456,0.781713,0.514189,0.318751,-0.175001,-0.306178,0.752369,0.256768,-1.598415,1.126484,-0.466014,0.302405,-0.369059,-1.327223,0.226259,0.961312,0.266065,-0.203020,-0.289022,-0.267325,-0.762593,-0.393909,1.027920,-0.110693,0.370687,0.938814,0.813388,-0.753442,0
-0.670694,-1.174584,-1.404564,-0.462526,-0.008262,0.063570,-0.779538,0.584214,0.583199,0.699924,-1.127014,-0.263987,0.485655,0.301608,0.534695,-0.188487,0.049952,0.170642,-0.447860,-0.054504,0.715586,-1.468350,0.101658,0.606965,0.248245,0.413521,0.260483,-0.512558,1.008036,-0.435348,0
-1.939274,0.297258,-1.359095,-0.575491,-0.375064,0.211971,-1.283908,-0.027420,0.230918,0.895607,-0.617366,-1.462016,-0.253755,-0.145571,1.637510,0.465945,-2.112219,0.776115,-0.945484,-0.450102,-0.387555,0.148028,0.372239,-0.207213,0.296743,-0.229604,0.921904,0.678020,0.982128,-0.207690,0
-0.873127,0.604815,0.620611,0.422998,0.037197,0.139968,-0.086705,-0.427427,-0.320554,-0.216848,1.157134,-1.095912,-1.017622,0.790387,0.081549,0.077627,-1.077126,-0.746835,1.100011,0.852196,-1.156300,0.166305,-0.772034,-1.040440,0.177489,0.152202,-0.392910,1.111547,-0.230911,1.558037,0
-0.619081,-0.475814,1.185654,0.643416,0.789448,0.422176,0.920478,0.574918,-1.146926,0.894660,0.500774,0.018484,0.435843,-0.438078,-0.237974,-0.617838,-0.391840,-0.372380,0.081229,-0.561524,-0.083125,1.045912,0.582708,-1.506438,-0.157887,0.434546,0.743642,-0.283776,0.292493,-1.484880,0
-1.089742,0.010416,0.548776,0.085464,1.128259,-0.001595,-0.232226,-0.107988,-0.821354,-0.039008,0.010619,-0.273919,1.010747,-0.566675,0.468281,-0.388192,-0.949260,-0.575937,0.825052,-0.933930,1.114696,0.082962,-0.261062,-0.485601,-1.956517,-0.381878,-0.397971,-0.276184,0.731202,0.062737,0
-1.314975,-1.066814,0.475591,0.687577,-1.035873,0.005809,0.276127,0.867651,0.053962,0.862296,-1.472876,-0.358693,1.361844,-0.082646,-1.065135,1.909470,-1.032685,-0.542929,-0.447676,1.379025,0.073850,0.709198,0.658380,0.696330,1.134133,-1.871074,-0.411314,0.372288,-1.586691,0.558263,0
-1.672185,-1.098269,-1.870216,-0.831563,1.104908,-0.774141,0.648417,-0.372828,-0.341173,-0.184375,0.024302,1.640413,0.891125,0.236893,0.279213,0.743538,-0.000220,-1.735152,0.490113,1.030663,0.370581,-0.257680,-0.071392,0.202317,1.020259,-0.507579,0.997895,0.085588,-0.745656,-0.268612,0
-0.432936,0.317096,-0.926337,-0.421273,1.499553,-0.090251,0.131960,0.046954,0.405781,-0.799394,-0.213840,-1.433762,-0.053001,0.324778,-0.965711,-0.926777,-0.434940,0.681239,-0.816374,-0.756855,0.265820,-0.024174,-0.541958,0.533237,-0.104089,1.211905,0.045331,-0.622170,-0.051612,0.498299,0
-1.300065,-0.090539,0.101438,-1.034047,0.265008,0.013027,-0.136765,-0.655460,0.855611,-0.167418,0.251791,0.558242,0.373704,-0.099571,-0.476813,-0.845401,-0.892862,-0.902912,1.266175,-0.627853,0.210835,0.665429,1.400454,0.108691,1.475615,1.155849,-0.659501,0.223113,0.804104,-1.079084,0
-0.300757,0.753944,0.659024,0.753085,-0.401319,0.249905,-0.053725,-0.636129,-0.973433,1.037522,0.709798,0.032608,0.239130,-0.871992,-0.562599,1.029746,-0.033558,-0.042659,1.932898,-0.843995,-0.091401,0.255471,-0.159190,-0.712370,-0.616108,-0.830426,-1.031008,0.148671,-0.851391,-1.060538,0
-0.554042,-0.398420,0.835554,-0.288361,0.116753,-1.034087,0.299119,0.273254,-0.297679,-0.890735,-1.108308,0.065286,-1.300671,0.922483,0.482158,-0.624129,-0.251985,-0.887588,0.202236,-1.045711,0.731287,-0.693456,0.409584,-0.033700,0.169556,0.513183,-0.547292,-1.191974,-1.117963,0.525997,0
-1.102398,-0.848051,-0.811127,-1.138947,0.187600,0.189457,1.244544,-0.240218,-0.617480,0.882418,-0.471022,1.984488,0.123285,-1.594174,1.404361,0.784174,-0.520940,-1.000140,-0.481485,1.080392,0.693961,0.273175,-0.177916,1.128283,-0.078221,-1.098087,-0.677265,-0.626923,0.925762,-0.737793,0
-0.100003,-1.216873,1.436574,-0.228465,-0.011019,-0.483806,-0.599871,-1.236376,0.727680,-0.726376,-0.632840,1.240263,-0.164757,-0.378180,-1.076980,-0.478567,0.370253,0.428918,0.388597,0.135193,-0.285063,-0.248133,0.546093,-0.816930,0.357074,0.221212,-0.339685,1.189974,0.331996,-1.211932,0
-0.653941,0.655559,-0.251263,0.373041,-0.449200,0.149649,0.604774,-0.820565,0.211135,0.200924,0.652537,-0.126067,0.406138,0.207299,1.141092,0.703956,-0.619312,0.293677,0.914649,-0.428769,-1.639731,-1.225215,-1.386696,0.216470,0.726013,-0.514814,0.529274,0.851573,0.070536,-0.125301,0
-2.107058,0.564475,-0.032505,0.007301,-0.659079,-0.343622,-0.533548,-0.741026,0.333062,0.661194,0.561058,-0.168400,-0.012018,0.907884,1.462281,-0.828521,-0.870461,-0.783406,0.886563,-0.153901,0.524470,0.273234,-1.261248,-1.257731,-1.131790,-0.200957,-0.038888,0.518340,0.668067,0.262510,0
-1.192399,0.290341,0.233997,0.243474,-0.024223,-0.308906,1.350041,-0.184779,-0.874765,-0.274807,0.976216,-0.187243,0.329590,0.605304,-0.285369,-0.503859,0.118500,-0.815380,0.076983,-1.269774,0.206380,-0.369270,-0.279874,0.575868,-0.507434,-1.248974,-0.415439,-0.597362,0.062443,-0.656488,0
-1.751660,-0.344516,0.299739,0.408776,-0.845990,1.180043,-0.043480,-0.573192,0.638596,-0.534039,0.807961,0.779036,-0.706446,-0.469549,0.907113,-0.784550,0.239671,-0.671709,-0.074896,-1.336846,-0.763213,0.799984,-1.131190,-1.079818,-0.497784,1.128579,0.915776,-1.201307,0.577522,0.061985,0
-1.136582,-0.475551,-0.768812,0.828351,-0.923215,-0.937293,-0.274513,0.765060,-0.800432,-0.312895,0.138123,-0.048720,-1.124008,-0.143728,-0.703207,1.023317,1.108919,0.059928,0.405126,1.281489,1.000937,-0.236078,-0.208274,-1.082164,-0.509629,1.441618,1.474021,-0.035316,0.934148,-1.730270,0
-0.787158,-0.188904,0.299299,-0.579387,0.304370,0.322282,-0.425902,-0.188831,1.241954,0.037829,1.305323,-0.308861,-0.636636,-1.084088,1.283334,-0.966130,0.316201,-0.146270,-1.488582,-1.153135,1.796215,0.254901,0.536233,-1.212321,0.786103,-1.219858,0.205385,1.351557,0.613149,-0.674744,0
-1.272857,-0.444013,0.538681,-0.826482,-0.007411,-0.298509,1.125322,0.468173,0.835851,-0.783905,0.042187,0.451796,0.337823,-0.674881,0.053907,-0.956689,1.614284,-0.111857,1.105810,0.638688,-0.172234,-1.487441,0.007228,-1.150700,1.719523,-1.033963,-0.677156,0.183087,0.986017,-0.705373,0
-0.283767,0.970955,2.138315,0.138369,1.087047,1.023655,0.340940,-1.158687,1.130632,0.370587,1.361200,0.238750,-0.158065,1.539922,-0.358677,1.124396,0.336208,-1.507155,-0.144324,-1.601554,-0.945439,1.003901,-0.345223,-0.607039,0.010568,-0.471653,0.163507,-0.999886,0.428968,-0.009575,0
0.356411,-0.461468,-0.104738,-0.300959,0.352645,-0.926244,0.087411,0.332362,1.048647,1.097894,0.313074,-0.148696,-0.205772,-0.401561,-0.222976,-1.701418,0.026843,-0.335876,0.723761,-0.436700,0.830764,-0.166499,-0.446422,0.512125,-0.185329,0.164047,-1.238836,0.457782,-0.177460,0.155008,0
-0.946269,-1.478375,0.915386,1.301807,-0.490965,0.282756,1.125285,1.194473,-0.131725,0.080410,-0.606258,-0.672644,-0.258109,-0.058133,0.030576,0.144014,-0.942660,-0.310201,-0.482205,-0.557375,0.105903,-0.817467,-0.256810,0.396111,-0.795725,-1.171188,-0.180531,1.309599,-1.278138,-1.125094,0
-1.030486,0.434594,-0.057044,-0.562256,0.672211,-0.450257,1.088455,-1.004824,0.263692,0.215087,-0.406665,-0.601357,-0.777592,-0.502392,0.735605,-0.539393,0.738683,0.021626,-0.273855,-0.103316,-0.400128,0.790968,-0.159183,-0.512827,-0.496122,1.179910,0.567645,-0.288016,0.028936,0.769911,0
0.248272,0.635437,0.760725,-0.387963,0.221195,1.681217,-0.025398,-0.351922,-0.836996,0.304914,-0.154524,-0.336960,-1.367804,0.195393,1.928625,-0.576461,0.192685,-0.006148,1.247643,0.105725,1.187112,-1.579383,1.789023,-0.179214,0.041036,-0.376068,-0.379815,0.682565,0.400450,0.114312,0
-0.762338,-0.976163,-0.416734,-0.185214,-0.267794,0.167719,-0.160618,-0.628695,-0.122427,-0.001584,0.692048,0.600483,0.298250,-0.625972,-0.467188,0.073689,-0.032069,0.358868,-0.671628,0.148209,0.838519,-0.245744,-0.738941,-0.727754,0.602161,0.329548,-0.716138,0.060390,0.078141,0.725527,0
-1.403926,-1.062521,-0.592727,-0.177116,0.023324,-0.555413,0.545847,-0.239692,-0.857477,0.657767,-0.058364,-1.118534,-0.061009,-0.859174,0.459790,0.817868,0.005876,0.845558,-0.168407,-2.146480,-0.265156,0.840871,1.617920,0.682439,0.430038,-0.805129,-0.586607,-0.207223,0.259434,1.495696,0
-1.209408,-0.926191,0.642934,-0.502571,0.579377,0.264424,-0.458635,0.664394,-0.806432,-0.267257,0.273772,0.526913,1.173559,-0.227845,-0.036792,-0.170247,0.596063,-0.150022,-0.954586,-0.988453,0.861248,-0.280872,1.456834,1.808197,-0.104812,-0.545498,-0.224140,-2.351811,0.535348,0.000603,0
-0.855636,1.677450,-0.358850,0.750453,0.052764,0.821126,-0.899003,-0.439665,0.131396,0.577244,-0.234274,0.927064,1.093684,0.904743,-1.017291,-1.113852,1.497276,-1.559594,0.431981,0.606641,-0.746394,-0.708524,-0.031113,1.559485,-0.020564,1.042985,0.978421,-0.406371,-1.318087,-0.565488,0
-1.177112,-1.770894,-0.506304,-0.232070,-0.569293,1.234382,0.538426,-0.058158,0.312024,0.508184,-0.370897,0.244860,-0.144809,-0.798647,-1.555993,-0.904932,0.569858,0.515378,-1.401077,1.493579,0.213740,0.123106,-0.845279,-1.250492,0.836589,2.592614,-0.138192,0.525388,0.157210,0.467722,0
-1.685983,-0.475123,0.273345,-0.792829,-0.402778,1.400109,-0.998848,-1.059406,0.048107,-1.546692,0.192033,0.451187,-1.199219,-0.178412,0.332350,-0.343247,0.070376,1.174515,0.015564,1.750984,0.052760,0.056331,-0.311198,-0.767619,-0.728147,0.468418,1.195705,-0.217087,0.492617,-0.061641,0
-0.084248,-0.481044,0.146923,0.423994,-0.358242,0.279556,0.173884,-0.189776,0.518545,-0.708032,0.812428,-0.636932,0.144049,-0.921959,-0.120289,0.199454,0.558997,-0.848951,-0.924225,-0.110792,-0.202747,-0.848872,0.908478,-0.980947,-0.235320,-0.348797,-1.116960,0.756510,-0.104016,-0.486887,0
-1.568258,-0.227737,0.993175,1.620763,0.548540,-0.180883,0.396447,1.731434,0.136112,-0.601885,0.000352,-0.736249,0.784660,-0.307697,0.095225,0.185108,0.757756,0.214053,-0.231792,-1.687205,-0.523458,1.096953,-0.230656,0.218120,-1.259079,-0.044621,0.865226,-1.138745,0.142556,-0.949354,0
-1.342789,-0.500326,0.050163,-0.550758,0.358922,0.210563,0.418409,0.275822,-0.048564,1.003874,-0.511113,0.980107,-0.332647,-0.258810,0.618948,0.889937,-1.173302,-0.132166,1.488592,-0.842678,-1.358771,0.283499,-0.310686,0.120258,0.037878,-1.018339,-0.526239,-0.842443,-0.682374,0.068183,0
-0.747027,0.757479,0.748071,-1.556204,-0.189459,0.012839,1.666456,0.401170,0.686963,-1.214704,0.183409,-0.363037,-2.308915,-0.138410,0.245429,-1.467431,-1.063839,-0.332446,1.400460,-0.217790,-1.789969,-0.322455,-0.571406,-0.020818,-0.057727,-1.166173,0.488871,-0.029200,2.003991,-1.211833,0
-1.815189,-0.731673,-0.128577,0.726980,-0.763108,-0.437802,0.120210,0.594363,-0.344904,-0.011089,-0.926762,0.524815,0.367495,-0.203469,0.297468,-0.141086,-0.560955,0.469943,-0.043813,-0.388557,-0.297119,-0.481855,-0.204472,-0.592926,0.561040,1.428647,-0.228156,-1.684236,-0.232500,-0.244316,0
-0.958283,0.221613,-0.019897,1.084163,-0.315689,0.235959,0.190308,0.027291,-0.785105,0.134040,0.083069,1.415455,0.014685,-0.279735,-1.338597,-0.514368,-1.075441,-0.171760,-1.213381,-0.635844,-0.924335,-0.309211,0.527555,-0.445698,-0.700825,-1.271188,-0.191374,0.068815,0.258704,-0.644311,0
0.178888,1.064948,1.008553,0.014993,-0.498616,-0.263245,0.102024,0.989342,0.436383,-0.566629,-0.314539,0.412371,0.097630,1.119769,-0.366541,-0.962822,-0.443893,-1.113838,-0.722569,0.112984,0.126504,0.040901,1.088281,-0.558755,-0.389028,-1.207431,-0.955702,0.680838,0.603527,-0.198979,0
-1.144910,-0.727104,-0.443048,0.005404,0.114885,0.065421,0.438681,1.015239,0.579436,-0.367791,-0.464236,-1.688239,0.775713,-0.493161,1.084749,-0.084164,0.351767,1.043299,0.306790,-0.228800,0.403936,-0.320538,-0.650000,-0.227539,0.991429,0.104921,0.511577,0.489514,1.320033,-0.407006,0
-1.428889,-0.752658,-0.956329,-0.516441,-0.385181,0.114497,0.722635,-0.047794,0.821581,1.513798,0.016396,-0.164500,1.706403,0.126001,-1.023657,0.499989,-0.338009,-0.288326,0.341979,1.040751,0.794724,-0.073149,-0.934396,0.205949,0.018023,0.162019,-1.256367,1.794137,0.554251,-1.409102,0
-0.935041,-0.874024,-0.419597,1.145573,0.142542,0.209186,0.383204,-0.687507,-0.217804,1.355255,-0.779343,0.337136,0.224905,-0.292226,0.723706,0.359019,0.446292,-0.383854,0.088864,-0.206486,-0.920743,0.310000,0.229235,-0.924173,1.007861,0.697205,-0.155369,0.785050,1.608439,1.363244,0
0.540543,0.626023,-0.608175,0.568194,0.248674,-1.230952,1.106261,0.199580,-0.008055,-1.177119,-1.435266,1.552123,-0.164942,-0.337325,1.680171,-0.104716,-0.807413,-1.191641,-0.987539,-0.135278,0.529092,0.850731,0.274490,-0.312059,-0.313444,1.539505,-0.138490,-0.176382,-1.062182,-0.576867,0
-1.033523,0.540415,0.030240,0.248387,-1.547418,-0.483643,0.866530,-0.085275,-0.771883,-0.192261,0.587412,-0.097048,0.688449,-0.136842,0.448019,-0.595728,-0.137992,-0.198910,0.458255,0.270099,0.877603,0.633546,-0.645369,-1.519530,0.102968,0.419734,0.755763,-0.441543,0.243603,-1.672560,0
-1.708105,0.583272,-0.359157,1.467829,-0.056669,0.809783,0.725462,0.596192,1.998881,-0.031623,0.280060,-0.017657,-0.047290,-0.299683,0.733614,-0.240601,0.946917,0.188638,0.233579,0.043716,-0.950610,0.279971,0.687943,-0.865643,-1.755323,0.702662,-1.047866,1.137925,-0.833548,-0.978559,0
-0.977146,0.677715,-0.450343,-1.368876,1.466689,0.439860,0.024646,-0.890895,0.983707,0.860493,1.257592,-0.566235,0.365090,0.457164,0.871716,0.297392,-0.378351,-1.127678,0.077817,0.196293,-0.009608,0.909437,0.136735,0.019155,-0.001636,0.919717,-0.213202,0.704669,0.530222,0.150822,0
-1.032396,0.053112,0.380941,0.399762,0.576884,0.980180,0.355000,1.542997,-0.513925,0.185384,-2.326822,0.529489,-0.605193,2.089667,0.545852,0.190578,-0.095870,0.611505,-0.665220,0.545225,-1.199880,-0.127346,-0.566097,-0.186998,-0.993417,-0.528559,0.782346,0.801691,-0.196560,-0.596895,0
-2.452048,0.325287,-0.450341,0.105345,-1.215219,-0.268900,0.974339,0.802466,1.365133,-0.157580,-1.687337,0.235739,0.230486,0.142881,-0.535162,0.805235,0.918713,-0.511223,-1.764960,0.072542,-1.698066,0.113585,0.927812,1.089650,0.119434,0.547781,-1.850286,-0.615550,0.017682,0.670184,0
-0.703606,0.641697,0.088967,1.195952,0.281444,-0.716736,-0.769795,0.011253,0.106409,-1.039753,-1.640050,0.484427,-0.218986,-0.824149,-0.758154,0.684621,-0.716948,0.108657,-0.562140,0.620902,-1.501135,-0.745014,-0.689831,-0.275944,-0.446926,0.954803,-0.071430,-0.993933,0.558466,-0.486454,0
-1.598577,0.427239,-0.020997,0.022996,-0.071463,-1.946108,-0.458206,-1.007379,0.370237,-0.157779,0.272670,-0.536746,-0.759161,-1.885768,-1.882098,0.058476,-0.236032,0.163876,-0.011905,-0.907529,-0.691087,-0.034045,0.299432,-0.526240,-0.057159,-0.198230,-0.032805,0.623988,0.553115,0.104143,0
-1.689784,0.156910,0.344705,0.695467,-1.508166,0.908454,0.571352,-0.039281,-0.574767,0.310374,-0.569126,-0.417336,0.899521,-0.393945,0.306637,-0.488119,0.048669,0.247856,1.204485,0.488235,-0.487588,-0.341347,0.113369,0.949289,-0.749548,-1.488605,1.357443,-0.464652,-0.096586,-0.259161,0
-1.191998,0.252025,-0.199273,0.121782,1.781308,-0.462759,-0.112021,0.175983,0.568511,-0.286504,1.030742,-0.379408,-0.001397,-0.298503,0.147771,0.285368,0.121935,-0.720746,0.252196,0.168937,0.660024,-0.567388,-0.768862,0.968410,0.063989,0.102177,-0.567549,0.285496,-0.232334,0.958675,0
-2.246532,0.917322,1.586215,-0.135789,0.633236,0.583461,-1.077011,-1.673805,-0.579353,0.643868,-0.105495,-0.379765,-0.417361,-0.722364,-1.237847,-0.923157,-0.031895,0.433105,0.991449,-0.074885,1.059679,0.204528,-0.032580,-0.331224,0.379246,-0.832106,-0.499213,0.698642,0.343472,-0.082808,0
-1.084103,0.517650,-0.001666,-0.210522,1.119879,0.323675,-0.074871,-0.517769,0.563951,-0.042738,1.118824,-1.009191,-0.723105,-0.108645,0.065815,-1.084692,0.463241,0.012465,0.025130,-0.655863,-0.699321,-0.059984,-0.363185,-1.862209,0.440984,-1.012743,0.312325,0.112533,0.249388,0.620557,0
-1.785049,0.669197,0.170817,-0.920880,0.882386,-0.255882,0.885228,0.850944,0.599797,-1.256644,0.911532,-0.687153,-0.523762,0.133329,-0.833541,-0.710058,0.693187,-1.281356,-0.427034,0.098574,-0.095994,-0.331156,-2.114456,0.596417,-1.111923,0.874815,0.983739,-0.690679,-0.607895,-0.295162,0
-1.567379,-0.240028,-0.702129,1.392601,0.632766,0.864751,0.207965,-0.002419,-0.926234,-0.344088,-0.151691,0.677300,-0.768844,0.577694,0.005079,-0.015498,-0.155731,0.253056,-0.749212,0.495316,-0.449306,0.143426,0.312297,-0.670765,0.011967,-0.474913,-1.021020,1.303173,0.680811,-0.199608,0
-1.703642,-0.046492,0.136768,-0.119549,-0.003586,-0.118408,0.859262,-1.008827,0.637497,0.138756,-0.545558,-0.325284,0.583641,-0.105766,0.376390,0.672114,0.957820,0.301600,-0.357421,-1.088359,-0.792124,-0.087895,0.640952,0.933835,1.286376,-0.021892,0.713633,-0.219788,0.819641,0.285598,0
-0.981368,-0.708380,-0.232875,-0.400853,-0.388134,-0.269276,0.883342,0.403652,-0.139727,0.690553,0.400179,0.710002,-0.413294,0.118551,0.601634,-1.296631,0.254329,-0.338960,0.298931,-0.436129,0.410698,-0.188151,1.426047,-0.869808,-0.060092,-0.950759,-0.060647,-0.505305,-0.244571,-0.156328,0
-2.095117,-1.047865,0.057572,0.235457,0.372296,-0.899872,-0.608527,0.821340,-0.759984,-0.441949,-0.469853,0.099013,-1.045095,-0.158905,-1.097753,0.608284,-1.192848,-0.364102,0.799357,0.567219,-0.894883,-1.090643,0.467268,0.253105,-0.630888,-0.058351,0.320579,0.969372,-0.645856,-0.616346,0
-0.264611,-0.444590,-0.340353,-0.135083,-0.273644,0.102708,0.328472,1.119714,-0.300788,-0.760270,-0.079856,-0.292489,0.460280,0.320624,-0.702173,-0.701138,-0.460500,0.709698,-0.231233,0.418462,1.164583,0.448729,0.654814,0.100222,0.448352,-0.797567,-0.980912,0.469281,0.755836,0.109397,0
-0.442641,-0.781675,-0.058175,-0.233094,-0.491860,-0.760854,1.063581,0.606293,0.268413,0.853454,0.246322,-0.697441,-1.303340,-0.135262,1.614377,-0.229037,-0.285809,-1.884984,0.403772,-0.401495,-0.505193,1.228320,0.107005,-0.104452,-0.788927,-0.115516,-0.489610,-2.296911,0.014799,0.685047,0
-1.002265,-1.258067,1.730000,0.189526,0.594720,-0.823903,-1.763541,0.909242,0.777668,-0.546623,0.008819,0.057028,0.385075,0.448244,-0.760184,-1.271348,-0.307846,-0.295454,0.776072,-0.525994,0.749398,0.592915,0.323268,0.129337,0.908074,-0.119731,1.369717,-0.755733,0.405599,-1.249903,0
-2.838198,0.264435,-0.183542,0.015928,0.287000,-0.691274,-0.243737,0.027364,-1.523579,0.139780,0.603159,-0.588755,-0.453252,0.302790,0.593752,0.106257,0.094683,0.307306,-0.418765,-0.217652,0.876964,0.439157,0.331380,0.202226,1.153985,0.017285,-1.651014,-0.171891,-0.284815,-0.361885,0
-1.174792,0.158447,-0.100752,-0.578404,0.722414,0.221331,-0.019861,0.481238,-1.489889,-1.250659,-0.190701,0.679683,0.222661,0.290980,-0.209019,-0.220742,0.137686,0.316327,0.294477,-0.007550,-0.299082,0.343312,0.543052,-0.354086,-1.403832,0.378461,0.091593,0.953165,-0.111946,-0.047354,0
-0.425931,0.754378,-1.074170,0.638062,-0.017960,0.356500,0.350871,1.264958,-0.101108,-0.251640,0.140543,0.760814,-0.088542,0.979493,0.718437,-0.388652,-0.405073,1.221210,1.060284,0.510505,-0.483295,0.501939,0.580181,-0.501996,1.001977,-0.057631,-0.169834,0.455185,-0.217888,0.018527,0
-1.307244,0.370575,-1.539814,1.179097,0.149033,1.065055,0.394111,-0.477308,-0.479204,-0.181017,-0.641697,-0.310387,1.157578,-0.206137,-0.399788,0.286496,-0.655351,1.003390,-0.775926,0.501489,0.306279,-0.911786,-0.203255,0.196700,0.159487,-0.897317,0.313412,1.089933,0.624412,1.045532,0
-0.567029,1.236705,1.474435,0.116892,-1.280431,0.704996,1.431197,0.427844,-1.492842,-0.247758,1.942432,-0.145375,-0.746740,0.007705,-0.633858,-0.025237,-0.050625,0.298466,-0.336891,0.819710,0.694867,0.217698,-0.277040,0.556897,-1.204199,0.013787,1.674584,0.369036,-0.249462,-0.051073,0
-0.710229,-0.260131,-0.014591,-0.634024,1.063621,1.652163,0.010721,-0.830435,0.021906,-0.403870,-0.083524,-1.062544,0.603209,0.417500,0.560341,-0.495551,-0.123409,0.507782,-0.404509,0.071228,-0.307596,0.188439,-0.431551,-0.215186,-0.835689,1.166940,-0.755008,0.977610,-0.141073,0.463022,0
-1.355881,-0.193517,-1.356256,-0.766967,0.285200,-1.456214,-0.700169,1.257609,0.727823,-0.272482,1.045033,0.301593,0.396423,-0.145879,0.105315,0.139431,0.267750,-0.228523,-0.309221,0.182330,1.790782,-0.580538,0.132878,-0.099335,0.861180,-0.111196,-0.103298,-0.830418,0.695933,1.079920,0
