1.980838,-0.496184,-0.094486,-0.933632,-0.560556,1
1.872351,0.340698,0.550534,0.383189,-0.827129,1
0.771358,-0.061785,1.188991,-0.208148,0.554426,1
1.401334,0.459870,-0.574132,-1.023876,-1.272874,1
-1.512728,-0.625780,-1.114961,2.213775,1.257762,1
-0.039993,0.078207,0.718875,0.363542,1.276230,1
1.379853,0.642032,0.912375,-0.826358,-0.951601,1
-0.169112,0.157090,1.998166,1.020120,0.088454,1
0.062022,0.481540,-0.364340,0.307805,-0.963933,1
1.126691,-0.114800,0.164818,0.798080,0.589044,1
1.008435,0.373770,-1.391854,1.197281,-1.042157,1
0.567651,-1.309226,-0.472231,-0.635757,-0.446729,1
0.728526,1.594743,-1.306132,1.180930,-0.646733,1
1.462642,-0.600509,0.412060,-1.791405,0.560527,1
0.708702,-0.902201,1.700345,1.643191,0.847441,1
0.493252,-0.063240,-2.330076,0.048655,0.111955,1
1.012782,2.400331,-0.887866,-0.549437,1.167609,1
-0.023562,-0.037976,-0.855244,1.105674,1.812928,1
1.358642,0.004608,-1.286485,0.199031,-0.064109,1
1.071362,-1.223750,1.098780,1.828647,0.681784,1
2.076757,-1.472411,-0.660643,0.225202,0.475962,1
-0.229133,-0.555503,-0.415216,-0.380944,-1.114660,1
0.754396,0.256095,0.140788,-1.664808,0.932949,1
2.049263,-1.499231,1.249020,-0.812616,0.057455,1
2.055837,0.376472,0.777815,-0.158356,0.313818,1
0.670889,0.552787,0.677121,0.672839,-0.204202,1
-0.678685,-1.996563,-0.565345,-0.484354,-0.827017,1
2.248753,0.133586,-1.704127,-0.508228,-0.960021,1
0.350551,-0.343450,-0.050306,-0.200786,1.009696,1
1.256280,0.794208,0.356939,0.378055,-2.489744,1
1.484662,-2.146710,-0.146939,-0.604903,-0.679145,1
1.662967,-0.009655,-0.830694,1.710163,1.351152,1
1.561997,-2.810164,-0.078124,-0.764614,1.158340,1
0.839871,-2.215045,0.501949,-0.707443,0.674913,1
0.702227,0.825173,-0.652328,1.983987,0.571923,1
1.506099,-1.093126,0.562904,0.898462,1.005280,1
-0.300027,0.217715,-0.476579,0.693542,1.033040,1
0.986983,0.629530,0.875372,-0.472285,-0.531982,1
1.391222,-1.409004,-1.666895,2.374049,0.367969,1
1.044547,0.488691,0.150495,-1.591105,1.115051,1
1.955250,-1.606184,-0.416179,-0.900855,-1.761282,1
1.256314,1.041441,-1.780397,-0.018155,0.333642,1
0.610700,-0.870694,-0.128350,0.611641,-0.377072,1
-1.654906,-0.149119,0.444631,0.085302,0.273279,1
1.327773,-1.282177,0.258906,-0.010089,1.898942,1
1.544190,-0.756284,0.587954,-0.756399,0.473711,1
-0.669654,0.758100,-0.645122,-0.529505,-0.227882,1
0.547151,-1.225238,-1.119313,0.400810,0.943890,1
1.365010,-0.016979,-0.831185,1.286817,0.286719,1
0.168819,0.751218,1.060148,0.340452,0.033023,1
2.814735,0.876282,-0.581640,-0.663324,1.377299,1
1.397639,-0.106603,-0.077539,-1.248007,0.291757,1
-2.122107,-0.363535,0.646754,1.710587,1.046997,1
0.813725,0.132635,0.416947,0.525093,-2.330560,1
-1.033847,1.574909,-2.640815,0.441007,-0.091660,1
2.154522,0.639739,0.660036,-0.255345,1.360780,1
0.005452,-0.670475,0.452996,-0.903109,0.202024,1
0.016611,-1.939593,0.265266,0.282896,-0.855272,1
0.046352,0.272722,0.681503,-0.323239,-1.379684,1
0.891125,2.454896,0.650330,-0.376584,-2.252711,1
0.804400,0.421904,-1.223895,0.484257,0.130110,1
1.055780,0.307971,0.294444,-0.843630,0.516620,1
0.935639,0.797592,1.052799,-1.541274,-0.106507,1
1.343524,1.343472,1.007256,1.102304,0.577911,1
3.176018,0.264257,0.051023,-0.768825,-1.452477,1
2.261736,0.892304,0.776017,-1.490904,-0.369061,1
-0.647507,-0.022702,0.267286,0.947214,0.641733,1
0.128212,0.838629,0.602322,-0.711326,0.271331,1
1.535346,2.459311,0.638948,0.647211,1.919138,1
1.295843,-0.452568,-1.474739,-1.794330,0.102163,1
-1.150657,-0.581978,-1.374454,-0.537649,-0.778032,1
0.749414,-0.252408,-0.309173,-0.100019,0.750378,1
-0.454726,2.807050,1.367364,-2.115832,0.450003,1
-0.248795,-2.079929,0.407267,-1.835611,-0.520441,1
0.214836,-0.260437,1.116766,0.631247,1.051821,1
0.615230,0.191824,0.409992,0.101583,1.094875,1
2.370665,0.933455,0.851872,-1.574904,0.958895,1
-1.132396,0.652015,-0.660156,-0.571060,0.779385,1
1.548894,-0.057080,0.547445,-1.134176,-2.121566,1
2.372524,-1.507821,0.852524,-1.497121,1.261516,1
2.555128,-1.038890,-0.337811,2.057447,-0.084538,1
0.989172,1.288923,-1.189847,0.031434,0.568891,1
2.356137,1.837020,-1.391763,-2.444642,1.222265,1
0.757371,1.236069,-1.538990,0.695808,-0.831561,1
1.106055,1.160011,0.401421,2.192383,-0.570340,1
0.494998,-0.419391,0.474138,-0.511340,-0.357666,1
1.063572,-0.711793,-1.106555,-0.645602,1.349119,1
1.703016,1.574630,-1.525989,0.036790,-0.526707,1
1.617434,-0.489717,0.107408,0.040988,-1.005940,1
0.721546,0.638801,-0.697618,0.889978,0.041738,1
0.257886,-0.392608,1.398076,-1.427378,-1.046558,1
0.272336,0.616432,1.849907,1.232936,-1.227604,1
-1.093679,-1.604197,-0.860157,-1.635760,-0.913116,1
1.538845,-1.344767,-0.692156,-0.188000,-1.620385,1
1.576699,1.410176,-0.846573,-1.049216,0.590268,1
2.057705,-1.359577,-1.377295,-0.764310,-0.412444,1
0.613239,-0.202153,-1.113643,0.515578,0.462120,1
0.413835,-0.927677,-0.020914,0.433990,1.219778,1
1.841952,1.509731,1.038645,0.439171,-0.747609,1
2.758316,0.695624,-0.924856,1.060278,0.187873,1
1.368212,1.778110,-0.707827,-1.322715,-0.361145,1
1.284494,-1.007999,-0.820283,0.254438,-0.083336,1
1.862384,-0.987594,0.050380,0.108545,-1.152424,1
0.483009,1.748147,1.196691,-3.012508,-0.402458,1
1.431863,-1.456755,0.218063,-0.480956,0.094620,1
2.537213,-0.174839,0.445681,-0.751045,-1.822620,1
1.741532,1.124542,0.307370,0.785897,1.057780,1
0.518092,-0.552489,-0.615539,-0.147302,0.202346,1
0.678305,0.076697,-0.174892,-1.368126,0.637107,1
1.828731,0.534139,-1.441753,1.335585,0.418386,1
0.268599,1.301895,-0.453250,-1.403553,0.464879,1
1.442010,-0.634280,1.368980,1.355956,-1.352922,1
-0.184523,-0.637811,1.978703,-1.212824,1.008116,1
2.687038,-1.475592,0.786051,0.454697,1.636723,1
0.366843,-0.187341,0.814741,-0.579798,2.027142,1
1.256220,2.198145,0.533781,-0.464201,-2.127392,1
0.392763,-0.470457,1.293137,0.026807,0.461363,1
-0.020478,0.351959,0.975304,-0.012164,0.484967,1
1.168502,2.221694,-0.290884,-0.067891,-0.139457,1
-0.345584,-1.155690,-1.152989,1.678983,-0.372502,1
0.743289,0.801905,0.140034,0.873742,1.280039,1
-0.299288,-0.518127,-1.807301,0.741934,0.020495,1
2.568486,-0.500422,1.102599,-1.187846,-0.746066,1
2.415491,0.995228,-0.290050,0.198031,0.104371,1
2.695886,-0.241975,-0.557482,0.170011,-1.610879,1
-0.644924,0.845420,1.763031,-0.128753,0.335688,0
-1.069584,1.389677,-0.300700,0.012210,-1.841051,0
-1.640012,-0.084942,-0.927195,0.727292,-0.346168,0
-0.871304,-0.854627,0.078707,-1.464168,1.427788,0
-2.484607,-1.897535,-0.699206,-0.415732,0.419855,0
-2.391795,-0.649684,-0.547071,0.863995,-1.849616,0
-1.017931,-0.068764,-2.699951,0.371637,-0.370723,0
-1.514642,-0.413817,1.513586,-0.454223,-1.171329,0
-0.723904,-0.595436,0.391956,-0.253986,0.376643,0
-1.323630,-1.436041,-0.258638,-2.765605,-1.158092,0
-0.857178,-1.496697,0.080812,1.196566,1.144607,0
1.081460,-0.167012,0.353981,0.143805,-0.930049,0
-1.249873,-1.898918,0.431759,0.174552,1.476200,0
-0.261306,-1.046190,-0.334679,0.477821,-1.375616,0
-1.203860,-0.489991,0.407396,2.207437,-0.260539,0
-0.190304,0.590714,1.030774,0.079155,1.061595,0
-1.848146,1.914206,-1.411495,2.545464,0.415403,0
-1.199620,-0.247749,-0.070539,2.020155,-0.286131,0
0.298172,1.249082,-0.076658,1.979178,1.255413,0
0.167147,-0.230805,1.233474,-1.280233,-0.149571,0
-2.265125,0.101302,-0.697014,1.489883,-0.313738,0
-2.180526,1.122378,-1.508487,0.006187,-0.714015,0
-1.059558,1.088191,-0.040596,-0.615013,0.471639,0
-1.970403,-0.001217,0.423936,0.605499,-1.607086,0
-1.204083,0.014193,1.247933,-0.693889,-0.541633,0
-2.503959,-0.654614,-1.289034,-0.831828,0.281324,0
-0.075779,1.587088,-0.336778,-0.414545,-0.183425,0
-1.732417,0.386896,-0.127406,-0.285759,0.949779,0
-0.480048,-0.344042,0.599592,0.695570,1.767863,0
-1.017994,-0.380871,-0.141302,-0.755512,1.459584,0
-1.198499,1.263259,0.262514,0.242448,-1.648178,0
-1.140093,0.374013,1.719831,1.266129,0.534202,0
-0.978915,0.173160,0.016840,-0.130218,0.314205,0
-0.112823,-0.824578,-0.544221,1.724171,-0.025470,0
-0.288623,1.041860,0.453268,1.380873,2.383499,0
-1.956677,0.146770,-1.235034,-1.258871,0.221314,0
-0.713767,1.350183,0.965645,0.869340,-0.412714,0
-0.484039,-0.091331,-0.579582,0.775226,-0.686808,0
-0.420078,-0.041759,1.061297,1.011461,-0.873570,0
-1.091208,0.442835,-1.564611,1.666372,0.165721,0
-0.356731,1.322276,0.771262,-1.217101,1.499245,0
-1.317911,1.276117,-1.086466,-1.862374,0.955462,0
-2.083917,-0.269886,-0.083000,-1.801390,1.794007,0
-0.279890,-0.655297,-0.175187,0.835292,1.015912,0
-2.079763,-0.776640,1.256370,0.458870,0.921255,0
-2.661198,1.058827,0.059705,0.155070,-0.529807,0
-0.176705,0.189798,-2.618824,-0.090703,0.222465,0
0.158432,0.150685,0.663252,-0.504380,1.703218,0
-0.841226,0.018206,-0.848984,0.439472,1.276361,0
-0.445886,0.935322,0.874748,-0.724296,-0.047815,0
-0.316275,-1.073988,-0.420786,-0.397143,0.338878,0
-0.682489,-0.433426,1.526056,0.653710,0.044489,0
-2.159149,-0.479985,-0.152873,-1.320239,-0.005794,0
-1.100451,1.104353,0.390021,1.554623,-0.934022,0
-2.386439,-0.847441,-1.510484,-1.939249,-1.036769,0
-0.532189,2.527429,-0.773246,0.150416,-0.892167,0
-1.865719,0.653320,1.034664,-0.960554,-0.167932,0
-0.282938,-1.082827,-0.195580,-0.093533,-0.338163,0
-0.382592,0.791977,0.589054,-0.015809,-0.818522,0
-1.858744,1.543450,1.000310,1.427140,0.253209,0
-0.454951,-1.154563,0.172759,0.994656,-0.156832,0
-1.208195,1.391232,0.236421,0.466287,-0.373295,0
-1.960950,0.476124,-0.898451,-0.396326,-1.391106,0
-1.472808,-0.976233,-1.546554,-1.238506,1.424668,0
-2.425436,-1.380206,2.579143,-2.334200,0.016380,0
-1.053384,0.424349,0.046646,1.619772,-0.279842,0
-2.538141,0.247569,-1.091702,-0.566742,-0.342729,0
-1.543269,1.824029,1.007424,0.216432,-1.528710,0
-2.203891,0.180773,0.595160,1.495944,-0.056123,0
-2.086949,2.282466,0.952291,0.070354,1.068184,0
-2.496544,0.741796,0.281697,-0.627802,-0.318002,0
-2.911956,-0.420120,-1.484323,0.769425,0.374562,0
-1.578352,-1.549119,0.636086,-0.319390,0.132092,0
-1.924438,0.978239,-0.495839,-0.983668,-1.236298,0
-0.580014,-0.413733,-1.140993,1.184528,0.701648,0
-0.397287,-0.832446,0.378356,-1.928792,-1.530690,0
-0.228746,0.799043,-1.252856,0.345067,1.153427,0
0.694980,-2.342179,-0.334406,1.122045,-0.006452,0
-1.778673,-0.553712,-0.038795,0.679036,1.178125,0
-0.769780,1.289628,-0.021199,-0.079328,-0.003474,0
-1.584439,0.714024,-1.401993,-0.569149,-0.529364,0
-0.578286,-0.357045,-0.514551,-0.548880,-0.751482,0
-1.884143,2.701940,-0.238370,-0.028550,0.062108,0
-2.365572,-0.817574,0.914859,-0.530816,0.942114,0
-0.441672,-0.938266,0.207929,0.939190,-0.030925,0
-3.967793,-0.402404,-0.387686,-0.256218,0.744932,0
-1.498077,-1.082978,0.876605,2.515706,0.607745,0
-0.841518,-0.514899,0.605497,1.499378,-0.985989,0
-1.627544,0.069206,1.182042,-1.437474,-0.852773,0
-1.753789,-0.677711,-0.796788,-0.964385,0.806903,0
-0.751572,-0.871549,-0.733883,-0.534767,-0.420092,0
-0.704509,1.656091,1.364415,-1.638219,2.097931,0
-1.641794,-0.441416,0.742788,1.094669,-0.648906,0
-0.252211,-1.131078,-0.861242,-1.503167,-2.365825,0
-0.960113,-0.576895,1.032832,-0.961970,-1.489739,0
-0.927774,-1.238495,-0.099478,0.821936,0.111947,0
-0.711874,0.593935,0.329084,-0.027518,0.119674,0
-0.707852,0.421906,-0.975316,-1.118337,2.202787,0
-1.259377,-1.414890,-1.131603,1.386355,0.257854,0
0.067839,0.944435,-1.613516,1.261583,1.378095,0
0.205396,-1.630967,-0.828646,-0.227896,-0.171993,0
-0.827921,1.551344,-0.950633,-0.511189,-0.999373,0
0.034701,-1.042038,1.721365,-1.258499,-0.538279,0
-3.496570,0.675397,1.256297,0.291515,0.150671,0
0.830771,-0.030733,0.034304,0.173195,0.301495,0
0.037131,0.560154,-0.731676,0.427311,-0.365468,0
-0.234216,2.613790,-0.371996,-1.538376,0.810303,0
-0.635540,-0.357686,0.100350,-1.050273,-0.293091,0
0.328509,-1.529981,0.071216,0.980945,0.986814,0
-1.526334,-0.349295,-0.678954,0.063654,-0.331380,0
-1.063070,-1.825752,-1.058031,-2.102778,0.525184,0
-0.990160,-1.047773,-1.278012,-0.094261,1.016059,0
-0.334626,-0.868709,0.720570,0.262554,-1.382450,0
-0.896520,-1.692262,-0.638041,0.895886,0.405167,0
-0.670624,-0.920857,-0.911208,-0.797072,0.225750,0
0.015272,0.567479,-0.212229,-0.600592,-2.298353,0
-1.446810,1.120512,0.992772,-0.991961,1.556370,0
-2.061513,-1.832477,-0.361478,-1.088425,-0.622228,0
-0.401822,-0.391618,-0.296930,1.303420,-0.059194,0
0.171484,-0.747359,-0.380999,0.169453,1.356840,0
-1.717725,-0.024524,0.967681,0.249652,1.074135,0
-0.758420,0.216901,1.098336,-1.276962,0.037041,0
0.644533,-0.763341,-0.476946,0.150435,-0.500713,0
-1.219907,-1.572044,-0.466686,-0.594128,0.924278,0
-0.215682,-0.880754,-1.653433,0.492254,1.406825,0
