2.314209,0.626621,-1.097737,-0.928035,-0.850919,1
1.987168,0.849595,-2.493037,0.697567,-0.221441,1
1.197049,1.111885,0.155745,0.216237,0.913988,1
-0.465128,1.310778,2.339216,-0.296064,-1.215370,1
1.889865,-1.407784,2.456336,0.435320,-0.026461,1
0.853483,0.170136,0.385862,1.750367,-0.935273,1
0.732745,0.323338,-0.487495,0.888044,1.306754,1
-0.236677,-0.735139,1.126897,0.750642,0.612432,1
2.240743,-0.164854,0.617344,-1.029143,0.009606,1
-0.742716,1.958611,-0.548685,0.611446,0.972510,1
0.296751,0.230317,-0.064910,1.590274,0.695686,1
1.564746,-2.395041,-0.795777,2.306973,-1.688335,1
-0.209248,-0.413939,-1.156980,-0.734439,-0.082464,1
2.287801,-1.599326,0.417291,1.162915,-0.279618,1
1.049396,1.797291,-0.861143,0.908156,1.007268,1
0.011878,0.092234,-0.968456,0.091076,0.202424,1
2.751409,0.609807,0.429764,-1.936320,1.361278,1
0.147808,0.921352,-0.423223,0.430260,2.180821,1
-0.263741,1.406633,1.437300,0.122840,0.690328,1
2.187315,-0.190041,-0.886374,0.734879,1.101918,1
-0.155547,-0.900039,2.886067,-0.994936,-0.887390,1
0.514556,-1.349797,0.932982,-0.159651,0.237048,1
0.469604,0.550143,-2.246101,-0.851583,-0.755735,1
2.084189,0.573035,1.363806,-0.265363,0.817670,1
1.541772,1.460485,0.253286,0.681726,0.155959,1
1.278258,-1.446522,-0.010761,0.016787,-0.290374,1
0.296122,-0.053489,-1.625608,1.745286,0.360114,1
2.518135,1.033740,0.160577,-1.253318,-0.111279,1
-0.168027,0.367947,0.421912,-1.854793,-0.503935,1
-0.239289,0.568011,2.109402,2.078924,0.017405,1
1.267721,0.395282,-0.793477,0.328582,-0.388825,1
0.370661,0.063426,-1.172631,-0.057272,-0.319202,1
2.925955,0.002034,1.234162,0.145919,-1.190912,1
1.511909,-0.444721,-0.656055,-1.250944,0.232172,1
0.298700,0.138631,0.480047,-0.214284,-0.043558,1
-0.087055,0.465824,0.092818,0.440096,0.120447,1
-0.000106,0.212337,-0.241622,-1.283454,0.584431,1
0.830153,2.170374,0.050454,-1.441652,0.288605,1
2.258486,0.712926,3.415956,1.329176,-0.162213,1
2.239524,-0.263875,1.003914,-0.910586,-1.427747,1
2.030331,-1.371980,-1.308844,1.734728,-0.983397,1
0.742406,0.453665,0.384164,0.614110,-0.441290,1
0.329237,-0.714207,0.328540,1.252729,1.436446,1
0.929061,-0.900863,0.606382,0.737070,-1.292673,1
3.650225,0.015297,-0.322741,-0.548024,0.777589,1
2.506064,-0.705893,2.067235,0.256867,2.778676,1
2.974130,-0.010528,0.908649,0.340704,-0.219333,1
0.632874,-0.519689,-1.374063,-0.847446,-0.108274,1
-0.582899,-0.107242,0.615334,-0.512908,-1.200384,1
0.983020,1.904420,0.585759,1.226565,1.960468,1
0.220722,0.371562,-0.204861,-1.096002,-0.237716,1
2.982292,1.398853,-0.203708,-0.194123,0.375431,1
1.373041,0.377174,1.021249,0.867692,-0.902951,1
1.845215,-0.379004,-1.141032,0.254608,-0.980155,1
1.794860,-0.494636,1.381981,1.572788,0.419231,1
0.394496,-0.012916,0.554706,1.171463,0.912901,1
1.022882,0.703663,-1.092987,0.098958,1.172962,1
1.155703,1.418260,0.963400,0.891371,0.092287,1
0.581055,0.940485,-0.276203,-1.917406,-0.169557,1
0.681353,0.053467,-0.745373,-1.728024,-0.420084,1
2.452321,-0.377139,-0.831568,1.004145,1.442567,1
-0.438499,-0.282232,1.442012,-0.112011,-0.431398,1
-0.134676,0.757747,0.372376,-1.329106,0.133984,1
-0.229980,0.793038,-0.514236,-0.544263,0.118964,1
0.388329,-0.391495,-1.837508,0.058848,0.873611,1
1.399532,-0.685492,-0.148520,-0.307595,-0.695848,1
1.525021,1.449163,0.726091,-1.558593,-0.047978,1
1.898703,0.863172,-0.310140,0.276912,-1.483951,1
-0.529912,-0.585431,-0.452856,-0.548093,1.574308,1
1.163712,-0.114017,0.559755,0.628644,0.973066,1
0.517415,-0.867042,-2.534486,-0.283234,-0.385078,1
0.438559,0.866327,-0.399705,-0.968656,-1.071801,1
1.128490,-1.227727,-0.490463,-0.811126,0.655429,1
3.163319,0.858549,2.020712,0.728889,0.760125,1
0.712461,2.022631,0.992806,2.149377,-1.403889,1
1.792269,-1.820960,0.754730,0.935135,1.010540,1
1.775406,0.256890,1.240561,-1.619191,1.725545,1
0.441723,0.505962,0.091466,-1.381653,-1.850781,1
-0.899014,0.186390,-0.073276,-1.827440,-0.050694,1
-0.429039,0.360788,1.034205,0.655031,0.342940,1
3.330408,-0.552535,2.953363,-1.154066,-0.418943,1
1.105809,-0.033216,-0.354346,0.438118,0.159407,1
0.162864,0.839325,0.420861,-0.136098,-1.007601,1
1.083715,-0.447379,0.306195,1.028853,-0.359933,1
1.111670,0.356985,1.263661,1.989120,-1.302449,1
-1.062920,0.642027,-0.815130,-0.377965,1.317133,1
0.398183,1.795368,-0.359906,0.637142,0.287788,1
1.583908,0.035895,0.504321,1.057150,0.146465,1
0.337422,0.112596,1.525911,0.210903,-0.216254,1
0.414981,-0.496610,-0.199402,-0.163158,-1.638911,1
0.656553,1.752879,1.806993,-1.251215,0.887828,1
0.312345,0.308995,-0.475091,0.838347,-0.183368,1
-0.250075,-0.886664,-0.971379,0.524491,2.167516,1
-2.028980,-0.531825,-0.431336,0.526707,1.963763,1
2.883345,-1.234758,1.389059,0.341036,-0.447205,1
2.528332,-0.458341,-0.239508,-0.626588,1.224978,1
0.828990,0.217782,-2.558922,1.139214,-1.160864,1
0.869538,-0.713010,0.126959,0.196702,-1.265409,1
1.327574,1.455063,1.149140,-2.158203,-0.441940,1
1.138697,1.511776,-0.890836,0.118526,0.253263,1
0.818626,-1.580990,-0.607665,1.480421,-0.621670,1
0.706410,0.235583,1.979658,-0.997503,0.149262,1
1.408037,-0.188551,-0.457564,1.320120,-0.298181,1
2.951849,-0.442517,-2.431983,0.350376,0.558061,1
1.399452,-0.742295,-0.368855,0.880446,-0.077880,1
1.557868,0.859935,-0.648683,-0.177654,0.706213,1
2.318532,0.887362,0.669056,-0.061713,-0.159126,1
1.134182,-1.051789,0.960056,1.502327,0.345440,1
0.730734,0.535574,-0.230048,-1.765085,-1.354867,1
2.170191,-0.200859,0.473088,-0.443728,-0.128185,1
2.793674,0.054794,-0.360041,0.752749,-0.845703,1
1.322386,-0.366693,0.130872,1.572875,-0.127431,1
1.319008,-1.772259,0.245624,0.986081,0.556922,1
1.131884,-0.665950,-0.090317,-1.335442,1.347355,1
0.459461,0.884286,1.874726,-0.826312,0.427095,1
0.522874,-0.263287,-0.150710,0.900669,-0.135935,1
1.612171,0.244793,-0.192958,0.147620,-0.970238,1
0.526652,-1.257043,1.831246,-0.061965,0.394535,1
1.110440,1.190775,1.764009,1.237124,1.020393,1
2.806168,2.087316,-2.524948,-0.427408,-0.628310,1
-1.169347,-1.296361,-0.867533,0.118988,0.197839,1
1.795431,-1.084222,-0.974828,-3.391154,-0.408708,1
1.434532,-0.298017,0.602971,0.387788,-0.474673,1
2.185385,0.724243,2.154583,-0.477070,0.520438,1
-0.362283,-0.825859,0.930349,0.814166,0.209364,1
-1.894840,0.192133,0.468451,0.847110,0.927877,0
-1.432902,0.141695,1.232152,-0.438629,0.511147,0
-1.474916,0.444260,-2.134048,-0.610928,-0.903346,0
0.682554,-0.016943,-1.142000,-0.814484,-1.747386,0
-1.710999,-0.821112,0.288684,0.277720,-0.473136,0
-0.259192,0.308171,0.698261,1.259325,-0.709235,0
-1.303872,-0.000373,0.321187,-1.482866,-1.648158,0
0.097387,0.204602,-0.187518,-1.406336,-0.769101,0
0.701113,1.130846,-0.449797,0.284509,-1.646443,0
-1.315611,0.568822,0.229034,0.024595,1.125902,0
-1.153081,0.918131,-0.631577,0.138624,-0.110090,0
0.110975,0.234657,0.112977,0.520914,-0.166686,0
0.319231,-0.103912,0.044408,0.230387,-0.332638,0
-1.228136,-0.560999,1.229648,-3.131896,1.145944,0
-1.179923,1.395409,-0.307751,0.750050,1.610136,0
-0.203589,0.414569,0.881990,0.124897,0.214753,0
-1.285925,-1.230667,-0.611812,-1.883571,-0.032350,0
-3.266355,-1.017979,1.211517,-0.737522,-0.039669,0
0.391383,0.737915,-0.056835,-0.749589,-1.541088,0
-0.187301,0.866652,2.113264,-1.121626,-0.401517,0
-0.841780,-0.429348,-0.358277,-0.243516,0.752072,0
-0.576865,0.306041,-1.243249,1.048839,-0.836494,0
0.128605,-0.193553,0.505118,0.075619,-0.694239,0
-1.380281,0.489380,-0.514880,1.302267,-0.189448,0
-0.891365,-0.428418,-0.431670,-0.674294,2.313545,0
-1.521762,2.126335,-1.136706,-0.571461,-0.272774,0
-0.718837,-1.494090,1.468587,2.419839,-0.446965,0
-1.552686,-0.930064,0.267304,-1.578499,-2.164347,0
0.183485,-0.243526,-1.805516,-0.532584,-1.025869,0
-1.114394,-1.483402,1.109136,-0.015066,0.462867,0
-1.801169,0.721975,-2.203102,0.628328,0.262226,0
-0.443533,-1.437176,0.812388,-1.623726,0.689885,0
-0.769731,-1.599529,-0.554342,-0.500118,-0.576237,0
-1.765015,0.533181,0.346529,0.106246,0.077159,0
-3.474394,-0.482104,-1.330156,0.212835,0.320402,0
-0.930546,1.547902,0.247130,0.799670,1.002626,0
-0.462863,-0.125020,0.323165,-0.362913,0.456781,0
-1.290456,-1.738676,0.080428,-1.382380,-0.810081,0
-1.609466,-0.529552,-0.090116,0.984415,1.571066,0
-0.577679,0.595574,-0.837305,-0.922198,1.359548,0
-1.741009,0.195446,-0.074761,-0.705845,-1.168795,0
0.569390,1.563230,1.099639,1.407866,-0.572814,0
-0.950530,-0.530459,-0.409890,0.157630,0.472157,0
-1.917561,0.608398,0.732517,1.774453,-0.093410,0
-2.313404,-0.273450,-0.854570,-0.543636,1.900859,0
-2.576360,-0.681092,-1.480355,-0.988224,1.406212,0
0.541461,0.599587,0.587564,-1.560392,-0.007821,0
-0.907026,-0.116876,0.587244,1.030926,-1.267819,0
-0.508501,0.187932,-0.790027,-0.960710,1.031913,0
-1.737237,-0.096659,-1.106986,0.543756,-0.448712,0
-2.949813,-0.411317,-1.150076,1.768393,-0.543125,0
-1.371898,0.455534,0.792720,-0.375226,-2.082474,0
-0.617445,-0.944449,1.273504,-0.832567,0.257522,0
-2.179723,-0.553168,0.574447,1.048174,0.176039,0
-0.427927,-0.830714,-0.838983,0.279531,-0.003685,0
-0.415651,-0.512805,-2.945318,-0.794949,-0.018075,0
-0.795420,-0.697364,0.192326,0.538423,1.536846,0
0.204877,1.837739,1.236814,1.251870,-0.858735,0
-0.281995,1.019406,0.876330,-2.463619,-0.458990,0
-2.064575,-1.035247,0.955327,0.230486,-1.419365,0
-0.186134,0.505299,0.190585,0.732148,1.099576,0
-1.285513,-0.228614,-1.876037,-1.249520,-0.232101,0
-0.032475,0.120285,-1.854222,0.085344,-0.496533,0
-2.017447,1.765130,0.607524,0.170417,0.232514,0
-2.384986,-0.955953,-1.032223,0.347888,-0.223767,0
-2.798407,1.224367,-0.675305,-1.233193,0.322152,0
-1.413447,2.165691,2.162825,-2.140683,-0.767992,0
-1.560462,-0.666284,-0.633794,0.135636,-0.214416,0
-1.041864,0.546388,-0.066734,-1.931888,-0.045032,0
-1.376079,2.046015,0.322214,-2.191274,1.711217,0
-1.380664,-0.358980,0.048895,0.044593,0.619643,0
-1.984057,0.604722,-0.061837,-0.829626,1.187105,0
-1.686908,-0.216973,0.492497,0.497360,1.066818,0
-2.123988,-0.379508,-1.871596,1.599856,-1.684390,0
-1.381096,-0.048228,0.775821,-0.180750,0.477326,0
-1.398909,-0.996380,0.712183,-0.169318,0.211040,0
-0.519372,1.619627,0.348492,-0.611782,0.171087,0
-1.039353,0.106847,0.358871,0.846972,0.388875,0
-1.348465,-0.636265,0.493143,-0.509635,0.887444,0
-2.192816,2.270434,-1.066567,-0.628701,1.471638,0
0.405473,-0.474039,0.202444,1.269307,-1.748354,0
-1.351419,0.497957,1.592580,-2.651105,0.749319,0
-2.860797,1.227495,0.367777,-0.675138,0.799480,0
-2.601220,-0.728281,-0.071299,0.086122,-0.036404,0
-1.066192,0.442276,0.947020,-0.394871,-0.886666,0
-0.063714,-1.632765,1.128696,1.232811,0.337683,0
-1.673541,0.774131,-1.391873,-0.232296,0.380984,0
-1.424750,-0.582237,-0.555283,-0.608940,-0.747080,0
-0.264597,0.377501,-1.892075,0.119973,-0.466527,0
-1.237512,-0.013186,0.411327,-1.173876,0.595067,0
-1.223382,-0.374085,-1.021860,0.612617,1.056289,0
-0.894543,1.344285,0.714431,-0.546595,-0.989487,0
-1.188724,0.691217,-0.327876,-2.728358,-0.052790,0
-2.039194,-0.822119,-0.628539,1.288748,1.463131,0
0.207326,1.139288,0.169701,0.798659,1.294975,0
1.175776,-0.463377,-0.391398,-1.083661,2.213670,0
-2.203770,0.214334,-0.009001,0.244191,-1.027012,0
-2.375517,0.478370,-1.010420,-1.083476,0.117964,0
-2.127448,0.513978,-1.154282,-0.313000,0.282155,0
-1.231783,0.623645,0.571795,-1.347747,-0.348277,0
0.437299,-1.236305,-0.257200,1.068477,-0.559255,0
-0.887314,-1.234765,0.957417,2.828294,-0.495298,0
0.504751,1.573082,-1.266287,0.904887,0.360426,0
-2.046098,0.457390,0.269814,0.056282,-0.969471,0
-2.122181,-0.598945,0.233253,0.211313,0.162511,0
-2.275146,0.248888,0.041512,-0.320045,0.792090,0
0.736060,-0.505271,-0.160313,1.142128,0.216699,0
-2.075731,0.672602,-0.560464,-0.157292,0.562972,0
-1.508621,0.281985,0.747271,0.419945,0.249253,0
-1.892344,-0.185675,0.779795,-1.112634,0.235243,0
-0.020057,-0.556866,-1.941974,1.466796,-1.469596,0
-0.834766,-1.960474,-0.522517,-0.055435,1.743117,0
-0.404927,0.477180,1.024592,0.979874,1.475229,0
-0.482360,-0.484418,0.206985,0.048951,-0.455975,0
-1.625456,-0.051179,-0.359228,-0.811265,-0.689768,0
-0.535866,0.313730,0.278194,2.057242,0.301086,0
-0.925730,-0.577169,-0.227396,-0.961555,-0.309376,0
-1.818102,0.832434,2.392545,0.051026,-0.262761,0
-0.964190,2.305645,0.015850,-2.172372,0.194483,0
-0.533898,0.409271,-1.137419,0.614963,1.228104,0
-1.612705,1.000822,-1.664045,-1.402814,0.638340,0
-1.286846,-0.643586,-1.680726,0.138416,1.596664,0
-2.102127,-0.978953,0.218140,-0.749670,1.045392,0
-1.433666,0.872694,-0.532496,-0.992837,-0.544769,0
-1.095686,1.404870,-0.077593,0.227623,-0.689085,0
