1.595590,0.075460,-1.195888,-0.314435,-1.003188,-0.178632,-0.258391,-0.851561,-0.749162,0.058664,0.607821,-0.104724,0.095118,0.827062,0.357562,1
2.450087,-1.006987,-0.328164,0.883356,-0.547282,-0.838105,1.419512,0.685648,-0.471156,0.543564,-0.843171,-0.049263,-0.032315,0.897141,2.009747,1
1.019362,0.669619,-0.685650,-0.953220,0.055158,0.741921,-0.617060,-0.455089,0.559279,0.612627,-0.088917,-0.459267,-1.553933,-0.702368,0.408550,1
0.797877,0.428416,0.480474,0.183937,1.912885,-0.637872,-0.900173,-0.584492,0.622903,1.746505,0.531533,-0.117221,-0.526630,1.101240,0.412760,1
2.397563,-0.305579,-0.015739,-1.183205,0.520438,0.767048,-0.565157,0.030401,0.116823,-0.619340,-0.112236,0.174881,-0.892577,-1.357071,0.791790,1
0.917650,0.375497,0.008040,0.232454,0.556022,0.339623,0.212374,0.535614,0.041999,-0.597126,-1.850376,-0.147767,-0.022058,0.879887,0.595057,1
2.011571,0.242220,1.073930,-0.203552,-0.213462,-0.142247,-1.286524,1.117544,0.484096,-1.443798,1.472755,0.466766,-1.457224,-0.818005,0.578150,1
1.976345,-0.187748,-0.702060,-0.142548,0.509528,-0.737958,-0.485564,-0.169487,-1.204144,0.651530,-0.009777,-1.111471,0.248313,-0.875782,-1.838957,1
0.501941,0.111756,0.925923,-0.728946,-0.895438,0.390247,-0.808279,0.551054,-0.327474,0.757569,-1.573972,-0.887814,-0.563341,0.073809,-0.572720,1
1.476695,1.645019,-1.037375,-0.977684,-0.438965,0.158102,-0.066888,0.632044,-0.316284,0.405730,1.175337,0.793287,-0.297453,0.538377,-1.040220,1
1.726879,-0.941614,-0.779667,0.324852,0.728740,-0.127896,1.731755,0.874397,0.480033,1.086329,-0.703512,0.613045,0.332162,-0.436317,-1.040743,1
0.108560,-0.118907,-0.348103,0.570056,-1.318687,-0.017581,0.775160,-0.451287,0.656425,-0.855589,0.144242,0.478170,0.557611,1.021292,0.938003,1
1.728660,0.655272,-0.864257,0.244866,-1.011003,-0.261526,-0.228307,0.560556,0.449900,0.247253,-0.175182,0.028126,1.095473,-0.148550,1.156965,1
1.888135,-0.065308,1.049629,-0.057657,0.978971,-0.275160,-0.657172,0.696592,-0.730027,0.462539,0.245888,0.470843,-1.129420,1.148251,0.195475,1
0.419070,0.616526,-0.183780,-0.675169,0.899363,0.125950,1.132840,0.820110,-1.120790,1.224224,1.572330,0.839857,-0.645891,0.468223,-1.027198,1
-0.597220,-0.986470,0.899969,0.005292,-1.035124,0.049245,0.677919,0.003753,-0.242528,-0.129312,-0.005327,-0.164382,-0.297073,0.190230,0.873413,1
0.900407,-0.021878,1.171820,-0.535423,-0.211773,-0.080963,1.430578,0.209664,-0.001171,-0.251303,-1.033504,-0.981866,-0.976028,0.087123,0.218720,1
0.856254,-0.060778,-0.745865,0.270272,-0.137402,-0.688228,0.567625,0.421712,-0.095201,-0.026594,0.317926,-0.845436,0.574160,1.603418,0.240807,1
0.982791,0.696314,-0.294703,0.416507,-0.622454,-0.519847,-0.084501,-0.866084,0.971746,0.808811,0.489206,-0.495337,0.373389,0.927154,-0.409078,1
2.188990,-0.048465,1.354592,-0.076537,-0.314091,-0.780088,0.680692,0.229103,-0.057624,-1.216372,1.569460,0.254686,0.011745,0.393521,-0.887019,1
1.279322,0.928859,-0.176588,0.825154,-0.217544,-0.389064,-0.069563,-1.103093,0.218459,-0.394558,0.023764,-0.248161,0.434979,0.340333,0.169125,1
0.682887,0.170248,0.754001,0.238741,-0.717587,0.693351,-0.146164,-1.204874,-1.412223,0.601937,0.765345,1.379421,-0.983269,0.486803,-1.287065,1
1.052610,-0.707993,-0.373214,-0.480399,-0.450209,-0.582117,1.111078,-0.434141,-0.075941,-1.999727,0.816134,1.202491,-0.445565,1.527867,0.440470,1
0.543488,0.024636,-0.443521,-0.850842,-0.139132,-0.364174,0.997622,-0.138582,-0.179217,0.599073,1.374862,0.091951,-0.615952,-0.454916,0.862121,1
0.536788,-0.752810,-0.000561,-0.526306,-0.338189,0.843474,1.049664,0.509101,-0.776964,0.365591,-1.002895,-0.527821,-0.049237,0.905405,-0.234136,1
0.344954,-0.490426,-0.629716,0.570819,1.240826,0.007355,0.934590,-0.437942,0.723730,0.316001,0.211979,-1.350701,-0.037775,-0.083855,-1.704110,1
1.206649,-0.385941,0.456873,0.357799,-1.013504,0.060852,-0.001007,0.239907,-0.075653,0.610231,0.694090,-0.174327,0.315906,-0.514359,-0.442278,1
-0.050106,-1.773940,0.432395,-0.027091,1.483051,0.527765,-1.177014,0.219412,-0.552006,-0.144251,-0.390759,1.215175,1.353336,-0.144548,1.114532,1
0.407769,0.524597,-0.567053,0.731598,0.347885,0.153582,0.470402,0.883626,-0.804872,-0.638872,0.218065,-1.302881,-0.294673,1.297858,-0.527630,1
1.050455,-0.275690,-1.182125,0.107902,0.470737,-0.559350,0.326647,0.868854,1.127127,-0.312386,1.353827,-0.387301,0.743570,0.103832,0.132059,1
-0.599561,-1.377294,0.761155,-0.304613,-1.695163,-1.246907,-0.888072,0.830915,1.307943,0.165442,-0.562651,1.350819,0.002308,-0.632299,0.944628,1
1.108016,0.007859,-0.546353,0.929514,-0.044875,1.545802,0.450393,-0.914721,0.090217,-0.736710,0.252554,-1.879660,0.616228,-0.857517,0.520911,1
0.447583,0.616198,0.227137,-0.588076,0.208329,-1.114936,-0.153158,0.426001,-0.047750,0.314992,-1.090755,0.063617,-0.940195,0.064647,-1.267187,1
1.421144,-1.119870,-0.156514,-0.452649,-0.103780,0.146818,0.329824,0.681327,-0.577700,-0.223092,-0.325581,-0.602011,-0.521618,-0.200996,0.008527,1
1.442042,0.230621,0.384036,-0.110125,1.071711,1.833676,-0.285458,1.083126,0.240698,-0.555876,-0.011789,0.141494,-0.664804,-0.374194,0.863528,1
0.549165,0.056056,1.196775,1.121664,-0.590002,-1.018227,-1.749829,-1.305698,0.462913,-0.055629,-0.332979,-0.678475,-0.553957,-1.566569,0.959092,1
2.031332,-0.162333,0.735774,-1.152477,-0.547435,0.716406,0.042969,1.385277,1.206196,1.892666,-0.022077,0.401760,-0.475665,-1.090073,-1.106334,1
1.889606,0.300233,-0.300751,-0.315876,-0.164681,0.829873,0.018150,-0.911427,0.266240,1.277778,-0.814769,-0.616220,0.799773,-0.630736,-0.144233,1
0.563050,0.676812,1.364363,0.398087,0.334898,-0.274785,0.259229,0.139955,0.093377,0.560878,-0.862480,-1.086059,-0.544636,-0.611388,-0.765749,1
0.705211,0.300323,1.123513,0.083163,-0.809112,-1.237569,-0.436590,-0.044548,0.052441,0.576110,0.350447,-0.064741,-1.345917,0.604633,-0.018305,1
0.169310,0.168945,-0.598023,0.045583,-0.780256,1.509027,0.425557,-0.471613,-0.195670,0.041294,0.228493,0.109958,1.321576,0.409747,-0.523746,1
1.388678,-0.583771,-0.025326,-0.499057,-1.526463,0.005758,-0.227829,-0.333719,0.230277,-0.496193,1.389368,0.574368,0.298385,-0.279177,-0.018877,1
0.407250,-0.109514,0.224678,-0.274041,-0.605397,2.097213,-0.973259,-1.113982,-1.026022,0.444530,0.480196,1.463689,-0.994604,0.053144,-1.557223,1
0.424561,0.363775,-1.294582,-0.797110,0.495511,0.926403,0.787498,0.975441,1.400652,-0.146722,1.433701,0.126897,1.102629,-1.358023,-0.196164,1
1.554242,1.699915,-0.381946,-0.547165,0.751816,0.244632,0.013670,-0.077451,-0.373743,1.102293,-0.671503,-0.442658,0.052755,0.138748,-0.783692,1
0.353856,0.137413,-0.588464,0.263958,1.673978,-0.068142,0.484587,1.085555,0.268947,0.769317,0.688293,0.817798,0.525460,-0.763923,0.346520,1
1.656493,1.261767,-0.094563,0.552484,-0.939104,-0.744468,1.366277,-0.363388,0.543402,0.774203,-0.573215,0.215942,-1.030053,-0.783537,-0.601115,1
0.939928,-0.885080,0.930165,-0.318682,0.217517,0.060507,0.318479,0.035502,0.180307,0.835730,-0.728325,0.631945,1.867651,0.091312,1.215986,1
-0.195440,-0.931636,0.455308,0.222214,-0.948270,0.603939,0.767365,0.388424,-0.367491,0.075312,-0.601635,-0.924262,0.048605,-0.097256,0.084317,1
0.457258,0.882750,-0.377175,-0.317810,-0.625149,0.961112,-0.795383,-0.339300,-1.245948,0.002245,0.879824,-0.467437,0.499398,0.138391,-0.442431,1
1.616984,0.219014,0.199010,-0.444458,-1.287055,-0.622149,0.023879,0.268219,1.083241,-0.710243,-1.108974,-1.213577,0.233541,-1.492014,-0.535549,1
0.918967,-0.225750,1.690137,-0.531236,0.627115,0.188246,0.311931,0.384628,0.553337,0.436008,-1.221751,0.645548,-0.640288,-0.292006,-0.285875,1
-0.704160,-0.849032,-0.342190,-0.987520,0.297546,-0.392725,0.305085,-0.406522,-0.217090,0.752916,-0.578541,0.613626,-0.114065,0.273577,-0.325601,1
-0.068936,0.698058,-0.468834,1.107050,-0.173086,-0.521285,0.154315,-0.136417,-0.910637,-0.234586,1.889037,-0.233261,-0.343530,-0.813068,1.245907,1
0.448681,-0.938311,-1.211334,0.385845,-0.379397,-0.600900,-0.378715,1.154709,0.279409,-0.774867,-1.308675,-0.763591,0.451892,1.336295,1.522761,1
2.197029,-0.437079,0.269644,-0.655953,-1.028851,1.264535,0.455148,1.666367,-0.661816,-0.663293,0.875725,-0.650078,-0.442149,0.234584,-0.443151,1
0.169167,-0.349291,0.282582,-0.827999,-0.054973,-0.382282,-0.225872,0.352690,-0.010276,1.299185,-1.092988,-0.180902,-0.989047,1.080146,0.718751,1
0.032236,0.443161,0.310292,0.890164,1.152980,-0.495979,-0.048937,1.502141,-0.259505,0.069192,0.600578,-0.265456,0.200663,0.226305,0.290164,1
0.546112,1.046636,0.582562,0.680026,-0.057257,-0.479860,1.123005,0.741918,1.682735,-0.931798,0.234655,-0.165479,-0.596143,0.225718,0.920108,1
0.836325,-0.180645,-0.259855,0.129109,-0.288988,0.694689,-1.515305,0.794279,0.482873,-0.120988,-0.173499,-0.659145,1.315088,-0.205865,-0.055935,1
0.555110,0.302208,0.914979,0.422895,-1.306854,-0.142181,-0.945293,0.309016,-0.139729,-0.296708,-0.537499,-0.061961,0.500218,-0.124773,-0.360634,1
0.278426,-0.874954,0.212717,0.508761,0.508806,-0.791840,-0.152105,1.021210,-1.923369,-0.834553,1.148946,-0.262516,-0.718787,0.010158,1.078752,1
1.489259,-0.348377,1.040277,0.323692,0.384394,-0.760299,0.462436,1.275710,1.515815,-0.034583,-0.106903,-0.633687,1.313176,-0.691057,1.056012,1
1.650321,-0.112198,-0.403583,-0.373011,-0.844571,0.169962,0.070001,-0.661612,2.109711,1.514976,-0.762739,0.225038,-0.157018,0.588017,0.032395,1
1.180667,1.033254,-0.865028,0.992152,0.613425,0.404988,1.138957,-0.782634,0.628825,-0.910891,0.675517,0.648118,-0.535800,-1.281099,0.558473,1
0.993609,-0.282689,-0.755907,0.082776,-0.627403,0.620035,1.214813,-0.187231,-0.488997,0.003664,0.584403,0.732489,-0.692550,1.219650,-0.456317,1
0.011513,-0.346443,0.995061,0.429480,0.548048,-0.168710,0.821200,0.293909,-0.049659,-0.228616,-0.186366,-0.459506,0.268847,-0.080658,-0.141037,1
-0.831225,-0.332034,-0.636296,0.903717,0.220721,0.855165,0.886853,-0.312285,0.801540,-0.374524,-0.162859,-0.437763,0.340018,0.020176,0.390853,1
1.677537,0.110421,0.432479,0.835148,-0.751808,-1.190123,0.850964,-0.166627,-0.788780,-1.037212,0.356821,-0.256181,0.336215,-0.621569,0.540499,1
1.492225,0.421113,0.092331,-0.220703,-1.503654,-0.732968,-1.349233,0.772491,-0.753868,0.015294,-0.670389,1.376840,-1.451070,0.236950,0.302431,1
0.523828,0.938450,0.433270,0.721253,-0.960776,0.971318,0.163153,-0.577811,0.142331,0.429773,-0.459264,1.115392,0.632762,0.739000,-0.071855,1
1.014257,0.789124,-0.541479,-0.059245,0.398695,-0.066837,-0.363556,-0.928695,-0.944273,-0.852152,0.184666,-0.409872,-0.986337,-0.937921,1.080407,1
1.442723,0.449107,0.809721,0.231679,-1.563944,0.164597,0.138257,-0.222861,-0.606610,-0.159656,-0.445885,-1.810472,0.301892,-0.477986,-0.019882,1
0.763983,-0.063728,-0.124959,1.243581,0.122696,0.728739,-1.480802,-0.317283,1.063365,0.246231,-0.053237,1.564999,-0.825745,-0.966416,0.770283,1
1.858650,0.419131,0.789240,0.352592,-1.227772,-0.953347,1.217179,-0.603755,0.112019,-0.134094,1.195516,-1.092373,-0.056494,0.183482,-0.559038,1
1.244645,-0.337193,-1.071090,-0.744702,-1.059024,1.578201,-0.024586,1.094059,-0.685280,-0.229639,-0.579499,-0.458106,0.746416,-1.009553,-0.084714,1
1.686381,0.501044,-0.754776,-1.631947,-1.121107,0.561567,-1.602272,-0.245861,0.869355,-0.946683,0.142339,1.216527,-1.385489,-0.794125,-0.372265,1
1.845907,0.669354,0.929432,0.289028,-0.953795,0.015373,-0.279391,0.800089,-0.433168,0.240542,-0.340443,0.426837,-0.029925,0.622507,-0.096028,1
0.993617,1.099909,-0.054019,-0.485006,-0.561167,0.342603,-0.569780,-0.682460,-0.131549,0.297646,-0.363343,1.063805,0.297389,1.561602,-0.236426,1
0.760642,-0.000960,-0.442473,-0.009871,0.570971,-0.543648,0.424365,-0.246614,0.932527,0.001465,-0.385174,-0.003415,-0.179650,-0.969337,0.565907,1
1.129390,-0.119294,0.530160,2.128090,-0.440271,0.461534,0.009713,1.213503,-0.380824,-0.335722,0.183947,-1.560750,-1.121997,0.126687,-1.010664,1
2.610243,0.411272,-0.564478,1.180979,0.191623,0.155198,-0.844633,-0.385907,-0.087451,0.119181,0.274276,-0.299477,-0.242722,0.517257,0.744053,1
0.283795,-0.098012,0.054614,-1.390208,-0.516347,0.814397,-0.009634,-0.521154,0.614431,-0.071618,0.422763,-0.555326,0.263297,0.107733,0.428991,1
1.006843,-1.051167,-1.377382,-0.413075,-0.894340,-1.594226,0.504526,-0.430182,-0.114028,-0.303713,-0.076836,-0.368548,-1.477195,-1.039867,0.314075,1
1.412249,0.919736,0.578770,0.292385,0.173553,0.589240,-0.411098,-0.177011,-0.327438,-0.336682,-0.357398,1.367716,1.075015,0.351047,0.388011,1
0.061899,0.047711,0.579372,-0.989073,0.371919,0.415583,1.401205,-0.336252,-0.671620,0.175304,0.801848,1.374593,-0.482022,-0.520535,0.672004,1
0.089714,-1.784233,0.629577,0.358903,-0.767166,0.648130,-0.194191,-0.934946,0.369455,0.566747,-1.397412,-0.350968,0.755869,-0.866194,-0.338453,1
0.541462,-0.565756,0.935008,0.998667,-0.028225,0.937051,0.096062,-1.079943,-0.706504,1.208467,-0.569588,-0.576119,-0.504037,0.362022,-0.587300,1
1.194977,1.344899,1.571630,0.731025,-0.331887,0.911245,0.756696,0.587622,1.106175,-1.037346,0.026601,0.589592,1.212086,-0.879530,-1.237745,1
1.507690,-0.666454,-0.321026,-0.399361,-1.354795,0.764670,1.428663,-0.648199,-0.728363,0.630345,1.852101,-1.315063,-0.302934,-0.208573,-0.421010,1
0.839705,0.409504,-0.744514,-0.455023,-0.464799,1.264925,-0.167991,-0.508659,0.370044,-1.025829,0.268971,0.982004,-0.267039,-0.183329,0.048275,1
0.678639,0.684119,-0.349463,0.958030,-0.109363,-0.260482,0.077738,0.138771,0.435699,0.135134,0.362166,0.132997,-0.241790,-0.252178,0.989306,1
-0.419601,-0.698427,-0.367636,-0.595870,-1.210005,-0.344955,-0.047158,-1.464376,-0.107136,-0.676838,0.773185,-0.322937,0.273313,1.671005,0.077672,1
1.309607,0.906489,0.603800,0.816439,-0.314966,-0.506056,-0.019601,-0.272367,0.631621,-0.509276,-0.721889,0.837512,-0.194756,0.344093,-0.697434,1
-0.593889,-0.818758,-0.004951,-1.205873,-0.663086,-1.178999,-0.143069,-0.467254,0.935246,-0.375177,0.686679,-0.217165,-0.351440,0.213519,-0.660284,1
1.336332,-0.492759,-0.340921,-1.766536,0.050774,-0.183443,0.577404,1.061651,-1.643378,-0.898657,-0.019882,-0.168539,-1.264052,0.834476,-0.423996,1
0.227385,0.435123,-0.254203,0.149006,-0.094050,0.722942,0.041934,-0.473739,0.499199,1.014198,-0.465530,2.244837,0.667768,0.716191,0.387485,1
2.316875,0.363173,-0.342455,-0.125916,0.233666,0.689412,0.003324,-0.714379,-0.586769,1.275146,-1.034982,-0.102776,0.534482,-0.349378,0.256656,1
1.709148,0.804217,-2.161337,0.377535,1.621581,1.277328,-0.685498,0.291044,-0.378120,1.112899,-0.097600,0.898915,-1.030449,0.299817,-1.542760,1
1.565678,-0.181875,0.823209,0.478428,0.238293,0.470127,-0.360847,-0.149301,0.293920,-1.372695,-1.060271,-0.205660,-1.670623,0.011181,-0.134622,1
0.853456,0.520350,-0.613146,0.815209,0.993208,-0.607548,-0.015891,0.268198,0.596089,0.832088,-0.212712,0.321270,-0.953302,-0.196761,-0.339815,1
1.511208,1.587871,-1.053355,0.114786,-0.507837,-0.463417,-0.908838,1.273583,-0.269670,-0.488176,0.799168,0.019481,0.143654,0.859257,-1.337264,1
1.915887,0.091372,-0.075532,-0.397300,0.366078,0.220970,0.756373,-0.626021,0.077936,0.652692,0.524887,-0.471349,0.316587,-0.866633,0.921319,1
1.330101,0.740946,-0.387722,-1.334788,-1.078872,-0.372288,-0.879673,1.771082,0.317011,0.921793,0.965357,-2.012299,-0.778229,1.142096,-1.126898,1
0.777708,-1.770274,0.280341,-0.399929,0.500412,1.250309,-1.335545,-0.687182,-1.005722,0.092050,-0.849772,-0.521199,-0.570604,0.382830,0.972343,1
1.659473,0.265140,-0.110291,0.322591,0.193623,-0.202899,0.070817,1.389059,-1.465083,1.038105,-0.140522,-0.593679,-0.731296,0.344706,0.656468,1
1.776685,0.428915,1.030762,0.678929,-1.005620,0.194318,0.572180,0.480671,-0.617010,-0.653098,-0.632731,1.461734,0.546743,0.681149,0.425052,1
0.469939,0.202391,0.073827,-0.877988,-0.084867,-0.007469,0.482416,0.386339,-0.216331,-0.463617,1.495274,1.428616,-1.127543,-0.158367,-0.037459,1
-0.120400,0.381874,-1.394990,1.644174,-0.152706,-0.503651,-1.016743,0.211623,-0.508418,0.500350,0.028270,0.322256,0.618204,-0.315890,0.710508,1
2.661914,-1.220155,-0.953751,0.113132,1.091015,-0.539942,-0.341028,-0.818622,0.273611,0.032401,-0.203604,-0.735828,-0.031511,-0.309838,-0.353319,1
0.188460,2.372480,-0.246451,0.570831,0.726369,0.826145,0.372709,0.614217,-1.231422,-0.525534,-0.778973,-0.758692,0.685200,-0.573502,-1.036499,1
1.544312,-0.791017,-0.840734,-1.117813,0.254070,-0.891075,-0.517943,0.330716,0.851510,-0.654139,0.270411,-0.542429,0.497765,0.485994,0.254603,1
1.204036,0.357714,-0.520216,-0.530772,-0.034216,-0.317350,-0.013393,1.365646,-1.580828,0.205121,-0.272761,0.630929,-0.400198,0.181169,-1.614198,1
2.741668,-0.780522,-1.888189,0.053510,-0.378604,0.120755,0.309554,-0.892740,-0.068382,0.093415,-0.887118,0.756512,0.491464,-0.136072,0.790184,1
-0.360633,0.638444,0.194823,0.287635,0.201826,-0.230455,-0.335924,-0.137217,-0.352719,-0.139295,0.462010,0.358991,0.819046,0.332149,-0.038313,1
-0.023974,-0.707013,-1.068819,-0.010849,-0.265563,0.318286,-0.145046,0.352092,-0.182633,0.067752,0.536150,1.278736,0.530418,0.287726,-0.626908,1
1.756831,1.753464,1.262588,0.037711,0.567133,1.629127,-1.037017,1.521454,-0.616910,-0.833587,-0.212468,-0.281977,-1.101207,0.742755,0.290011,1
0.736625,-0.716068,-0.200996,0.719606,-0.627768,0.943503,-0.738528,-0.003396,-1.382934,-0.689171,-0.683152,0.509087,0.379677,-0.344215,-0.543850,1
0.740848,-0.374065,-0.048575,0.597666,1.022902,1.066825,-0.306298,-1.302039,-0.987749,-1.449600,-0.297170,1.132496,0.965562,0.647964,-0.170617,1
0.819551,-0.962073,0.317321,0.330144,0.146158,0.826073,-1.016212,-0.515808,-0.034051,1.299648,-0.502454,-0.355672,0.235241,-1.468414,0.579288,1
2.098768,-1.152923,0.260522,0.654875,-0.294395,0.923361,0.244351,0.100881,-1.281948,-0.759744,-0.029526,-1.546229,-0.435955,-0.003136,-0.924849,1
0.458750,-0.561781,0.077400,0.117026,-0.414996,-0.381526,0.334964,-0.540079,0.074889,-1.001569,-0.638967,0.313136,-0.411519,0.145571,-0.094700,1
0.891496,-0.477567,-1.283093,0.845922,0.713546,1.248069,-0.821611,0.736731,-1.226063,-0.662600,-0.207620,-0.671905,0.751344,-0.122052,0.519401,1
-0.030970,0.452194,0.517876,-0.046832,1.532947,0.629966,-0.633847,1.198252,-0.523438,0.580819,-0.559689,-0.153117,-1.210234,-0.793731,-0.321788,1
1.950033,0.603777,-0.087545,0.123583,0.287328,0.991692,0.745993,-1.227209,-0.799019,1.028599,1.330006,-0.651069,0.236705,-0.561106,-0.912552,1
-0.470495,-0.364613,0.310823,0.931672,0.595519,-0.741815,0.320293,1.311432,-0.636052,1.131222,-0.269560,0.166605,-0.073754,-0.182016,-0.828105,0
0.391864,0.037511,-0.361177,-0.576847,-0.003954,-0.485194,-0.568592,-0.931870,0.331050,0.717043,1.485373,-0.765645,-0.158971,-1.431982,0.645489,0
-0.503749,0.170048,0.216932,0.490104,1.328340,-0.047078,0.138038,0.428591,-0.027550,0.165062,-0.423004,1.289135,1.546192,-0.510695,0.265421,0
0.199774,1.630642,0.154670,0.460372,1.154941,-0.072008,-0.028212,0.802272,0.190326,0.605507,-0.153857,-0.622393,1.454701,-0.735146,-0.055616,0
-1.571777,0.054672,-0.065862,-0.788993,-1.481877,-0.971135,-0.769836,0.515794,0.499165,-0.501596,-1.147958,0.381269,0.873383,0.706576,-0.077701,0
-0.878893,0.862873,0.570810,-1.251468,-0.338018,0.287164,-0.825019,-0.290921,0.306798,-0.552762,-0.769287,-0.687794,-0.589378,0.801624,0.508972,0
-1.623816,0.091212,-0.037564,-0.791226,-1.469827,1.557863,-0.435799,0.304328,-0.867778,0.000667,-0.934970,0.617465,0.135412,0.544816,0.284520,0
-0.631003,-0.233001,0.107141,0.542964,0.069049,-1.267642,-0.702762,0.010486,-0.246547,0.387787,0.311646,-0.410738,0.194559,1.176741,-0.386073,0
-0.003753,0.234416,0.558604,0.477901,-0.270114,0.176268,0.885243,-0.200707,-0.036061,-1.277913,-0.184074,-0.464421,1.459094,0.087291,-0.550454,0
-1.954269,-0.773184,-0.602559,-1.376383,0.239534,-1.108364,0.405286,0.520225,-0.178425,-0.108687,0.630118,-0.309418,1.352862,-0.597564,0.066823,0
-1.536276,0.192682,0.258502,0.204068,0.541023,0.785670,-0.014250,-1.056180,-0.526535,0.664810,-0.144103,0.670911,0.585623,-0.769828,-0.482515,0
-1.017301,-0.646849,2.042402,0.435781,1.004234,-0.615822,-0.337017,1.643651,0.807230,-0.358227,0.103912,-0.622315,-0.125147,-0.623044,0.435756,0
-1.092211,-0.269603,0.560562,1.567597,0.954727,-0.370487,0.404367,-0.501834,-1.268821,-0.873379,-0.078816,0.179088,-0.140747,-0.127732,-0.009252,0
-1.293105,0.726000,-0.249671,0.506229,0.206946,-0.493165,1.366103,0.952382,-0.157570,-0.462255,0.398748,-1.416247,0.887584,-0.581955,-0.930956,0
0.051479,0.381492,0.648879,0.476867,0.885090,0.381880,0.228292,0.668611,-0.413746,0.961500,-0.372211,0.011746,0.359778,-0.528647,-0.005384,0
-0.920189,0.424171,-0.904825,0.580288,-0.055651,-0.016242,-0.081540,0.884042,0.490257,0.484167,0.367316,0.375252,-0.262876,-0.613129,0.440729,0
-2.172293,-0.504890,-0.404448,0.887709,0.272130,0.204044,-0.622122,1.044592,-0.363139,0.284223,1.039736,-0.889344,-0.257239,1.122207,-0.223120,0
-0.543610,0.037021,0.285097,0.978714,-1.090606,-0.050656,-1.179451,-1.142942,-0.573113,-0.889434,-0.634306,-0.107959,-0.257688,0.763831,-1.141403,0
-1.070403,-0.607449,0.377694,0.021184,0.602395,0.272666,0.413610,0.515639,-1.544868,0.689539,-0.447906,-0.109611,-0.458902,-1.230489,-1.018956,0
-0.711683,-0.422694,-0.301316,-0.497431,-0.289161,1.068402,0.516406,-0.434664,1.058786,-1.452057,0.339067,-0.564747,-0.896895,-1.233338,-0.908247,0
-1.143805,0.023817,0.183591,-0.140450,0.445393,-0.966105,0.599017,-0.160386,1.057702,0.064597,-0.730499,-1.073952,-0.419398,-0.127592,0.992997,0
-0.313930,0.028222,-0.961646,-0.412806,0.497815,-0.190985,-0.353264,-0.178784,1.557735,0.386904,0.115128,-0.163821,-0.269529,-0.616127,0.838937,0
-1.756014,-1.062056,-0.252934,-0.772617,0.506715,1.676123,-0.163173,-0.255802,-0.799366,0.405870,0.592890,0.453944,-0.130367,-0.482342,-0.976444,0
-0.995463,-0.683352,0.253911,1.715281,0.145046,-0.364808,-1.163722,0.035512,0.014086,-0.074682,0.335052,0.162860,0.888867,-0.905532,0.179219,0
-1.685962,-0.090970,0.326142,0.391193,0.270034,-1.011064,-0.119645,0.115136,-2.135980,0.987068,1.257922,-1.083273,-0.869391,-0.714065,-0.847210,0
-1.430281,0.084360,0.165850,-0.156149,0.332645,-0.047396,-1.163423,-0.446220,-0.712502,0.450511,0.405735,0.489042,-0.055026,0.523179,0.718056,0
-0.240844,-0.056388,0.720721,-0.976893,-0.391268,-0.298755,0.198137,-1.581188,0.232843,0.170462,1.240985,-0.405486,0.336050,-0.628424,-1.545621,0
-1.590895,-0.488059,-0.112056,-1.040325,-0.761143,0.346210,0.413046,1.058406,1.198391,0.578675,-1.274515,0.291237,1.321145,0.037390,-0.351501,0
-0.691637,0.762764,-0.572520,0.674387,0.845753,0.735085,0.462629,0.340000,0.345976,-0.426310,0.278330,0.497305,-0.696570,-0.667724,0.037635,0
-1.282309,0.109798,-0.348555,0.019117,-1.724261,-0.210373,1.045811,-0.840135,0.056782,-0.071433,0.990666,-0.153095,0.425914,0.108194,0.425902,0
-0.740860,-0.469905,-0.552210,-0.953732,-0.738974,-0.457917,0.137388,0.623252,-0.400027,-0.869729,-0.598683,0.917799,0.880541,-0.295055,1.236134,0
-0.606497,0.477746,0.574694,-0.216810,0.830951,-0.684296,-0.520221,-0.024177,-0.648317,-0.554325,0.684546,-1.116728,0.399420,0.875207,0.515060,0
-1.195993,-1.477582,0.028624,-0.266426,0.979671,0.326837,-1.083040,-0.119121,0.249432,-0.055270,0.175032,-0.711574,-0.739918,0.578924,-0.177680,0
-1.374840,-0.184287,0.500851,0.920918,0.182806,0.532785,-0.867001,-0.747929,0.887159,-0.639431,-1.676790,0.210085,0.209790,-0.350645,0.289782,0
-0.392635,-1.086851,0.061485,-0.567056,0.016403,-0.723973,2.099494,1.210524,-0.299617,0.900393,-1.360147,1.009088,0.121363,-0.316464,-0.423369,0
-2.122300,-0.379667,0.019651,-0.480126,0.408152,-0.106537,1.542941,1.231957,0.176016,-0.446780,0.933962,-0.096989,-0.242156,0.678380,0.049308,0
-0.450279,-0.443139,-0.492503,0.372030,0.651387,-0.007089,0.736001,-0.174455,0.873051,0.153378,0.126459,0.337216,0.714280,0.000803,1.434329,0
-0.782995,1.489770,-0.794246,-0.565645,0.576678,0.085623,0.278198,-0.595530,0.822931,-0.255709,0.372760,0.630599,-0.088309,-0.931225,-0.049494,0
-0.038316,0.080067,-1.096104,-0.411656,-0.130712,-0.383349,0.233021,-0.191244,0.083990,-0.522629,0.825447,1.404634,0.371855,0.547011,0.799597,0
-1.165794,1.180835,-0.406506,0.425632,-1.710532,-0.214024,-0.358548,0.300608,0.039096,-0.479864,0.345587,0.445744,-0.505421,0.681560,0.423462,0
0.327372,-0.223114,0.866810,0.051074,0.960160,-0.384637,-0.068889,0.962066,-0.276986,-0.150262,-1.402833,-1.204044,0.457426,0.755130,-1.363226,0
-1.261127,-0.282158,0.737772,0.263438,0.687841,0.485847,0.807765,-0.287262,1.614443,-0.139335,1.563989,-1.017749,-0.453388,0.048801,-0.314683,0
-2.365467,0.235495,-0.103555,0.737999,0.211658,0.193664,-0.660495,-0.519184,-0.445745,0.659971,0.047126,0.655041,1.074427,-1.326577,1.435013,0
-0.466735,-1.049107,-0.256976,0.652256,-0.981169,-0.863665,-1.479645,-0.642829,-0.245625,-0.760144,-0.166328,0.279934,0.417520,0.195223,-0.709475,0
-1.987868,-1.401910,-0.516425,-1.224269,-1.261377,0.013217,0.023437,0.092483,-0.002835,2.691395,0.444108,0.343346,0.704201,0.167244,-0.617500,0
-0.664762,-0.236374,-0.489052,0.395342,-0.586456,0.312433,0.423238,-0.353214,0.139950,0.715052,-2.190314,-0.758082,-0.400801,-0.450716,0.182902,0
-1.612405,1.969335,-0.734289,1.301306,1.141685,-1.107866,-0.341036,0.477969,0.708708,0.696177,1.151230,0.012419,-0.740367,0.425320,-0.335095,0
-1.319269,0.474415,0.373927,-0.125029,-0.153767,0.516848,0.699054,0.443068,0.543430,-0.172393,1.250635,-0.060352,-0.582083,0.030718,-0.227232,0
-1.271186,1.039238,0.119341,0.290994,0.197578,-0.315446,-0.369589,0.639436,-0.806327,0.098639,-0.460301,-1.660997,-0.188770,-0.988738,0.593899,0
-1.275631,1.175433,0.065269,0.116251,-0.840974,-0.259655,-0.208987,-0.159177,0.850747,0.326947,0.458404,1.292327,0.163110,0.350422,-0.855514,0
-1.225672,0.084738,-0.180908,2.884459,-0.402901,0.392879,-1.014174,-0.468670,-0.431580,0.389263,-0.962116,-0.524573,-0.310242,0.187517,-0.017647,0
-0.457385,0.392017,-0.714695,-0.614835,0.472956,0.703415,-0.161739,-0.941145,-0.093451,-1.094923,-0.233726,-1.547442,-0.889264,0.559943,0.228480,0
0.234556,0.371578,-0.448540,1.113000,0.967936,0.232620,-1.048880,-0.578641,-0.099210,0.826567,-0.115703,0.137933,-0.248702,-0.812211,0.241932,0
-1.833020,-0.335051,-0.561089,-1.071062,0.728884,0.775832,-1.161942,0.035355,-0.171772,-0.516505,0.814397,0.651977,0.959898,0.183110,1.077111,0
-2.489609,-1.958852,-0.157131,0.040685,0.567961,-0.731632,-0.066431,1.223921,0.523055,-0.975849,1.717870,0.273031,0.038403,-0.665639,0.461771,0
0.851127,0.078519,0.870121,-0.371206,-0.157722,-0.422933,0.212741,0.365104,0.297510,-0.205604,0.783402,-0.431248,-0.626268,-1.432958,-1.230053,0
-0.754438,0.434560,0.176541,-0.748498,-0.288710,0.683715,0.325898,-1.298465,1.111142,-0.692187,0.174846,-0.129995,-0.803542,-0.040848,0.196656,0
-0.802666,0.009157,-0.861336,1.438652,0.655109,1.636612,-0.845426,0.153976,-0.376363,0.494761,-1.033205,-1.035816,0.162652,0.726989,1.116759,0
-0.053954,-0.101110,-0.424356,-0.877266,0.850473,-0.683739,-0.438902,-0.165834,-0.327856,0.359991,0.170243,1.015241,-0.576838,-1.446781,0.020652,0
-0.972946,0.685863,0.740050,0.102610,-1.607998,-0.939161,0.194257,-0.486320,1.652914,-0.412987,-0.496906,0.822691,0.398386,-0.768885,0.438100,0
-1.670186,-0.324492,1.277810,-0.362222,-0.347641,0.029271,1.282939,-0.062169,-0.824239,-0.529006,-1.878296,1.809304,0.619887,-0.300720,-0.711607,0
-1.928163,-0.139770,-1.458933,-0.005923,0.750144,0.473581,-0.462539,0.839843,0.413558,-0.197086,-0.152855,0.668122,0.328978,0.464184,-0.526716,0
-2.934910,0.263130,0.606015,-0.014740,-1.121963,0.611249,0.270923,1.271822,0.082669,0.316983,1.080523,-0.816536,0.240858,1.511630,1.212688,0
-0.441164,0.121729,-0.307322,-0.225818,-0.443746,0.264601,-1.071757,0.175414,-0.089438,0.184701,-1.036210,-0.484032,-0.747805,-1.128324,-0.324744,0
0.159072,1.839029,-0.970779,0.420608,-0.569057,-0.336282,-1.753415,-1.147966,-0.262486,1.538128,-0.960543,-0.590405,0.076438,-0.963960,0.261035,0
-2.703860,0.911549,1.251410,-0.337452,-0.101632,0.634219,-0.570676,1.948041,-1.491611,-0.811857,-0.755255,0.191958,0.506821,-1.652233,-0.082102,0
-1.728902,0.223399,-0.007821,1.219132,0.917486,-0.634199,0.515896,1.414751,0.396900,-0.523371,-0.663832,-0.698344,-0.403510,0.387529,-0.030285,0
-1.829468,0.392888,0.215260,1.080293,-1.009190,0.827213,0.214766,-1.625537,0.144467,0.918660,0.159045,0.439530,-0.352693,0.289673,-0.427267,0
-0.411472,-0.282589,-0.678619,-1.060901,-0.909819,0.503849,1.296075,0.664499,-1.233075,-0.356808,-1.858530,-0.608720,-0.605395,0.465837,0.365124,0
-0.915792,1.099556,-0.984995,0.374531,-0.606221,-0.649752,-0.795900,0.540515,-0.401666,-0.641704,0.553329,1.120311,0.850262,0.062712,0.331686,0
-1.566343,0.067024,0.604460,0.964782,0.080925,-0.024753,-0.190677,0.681265,0.098512,0.798526,-0.220845,-1.152345,0.864058,-0.712836,-0.416424,0
-1.499736,0.357111,-0.164283,0.390035,-1.789822,0.280053,0.723172,-0.783714,0.038316,0.118466,-0.373899,1.405679,0.603276,-0.208749,-0.520196,0
-0.943243,-0.589885,-0.136986,-0.079460,0.879937,0.923787,0.201032,0.412457,0.537563,0.204295,-0.045990,0.536181,-2.436886,0.527807,-0.850471,0
-0.064415,-0.091305,0.426157,0.038083,0.560984,-0.156111,1.250111,0.473315,0.941187,0.895616,-0.288718,-0.505034,0.384634,-1.189155,0.319954,0
0.189504,0.190177,0.115979,-1.122868,0.654203,-0.260300,0.532281,0.887397,0.174348,0.384263,0.108871,-0.069623,0.000408,-0.499664,1.120311,0
-0.140752,-0.184449,-0.504427,-1.401245,-1.028566,-0.835556,0.959867,-0.838647,-1.280859,1.025158,0.816647,-0.660370,-0.162342,-1.313877,-1.098916,0
-1.492639,1.044799,-0.339342,0.094331,-0.454228,0.384398,0.147821,-0.918461,0.902354,1.339345,0.090465,-0.123779,0.343284,0.488365,-0.758593,0
-1.005312,0.555008,0.262205,-0.587134,1.495810,-0.188959,-0.068919,-0.908280,-0.115387,-0.376149,0.210370,0.382193,-1.179247,0.726817,-0.397402,0
-1.305226,-0.451401,-0.028113,-0.496713,-0.838817,0.614741,0.013001,-0.631422,0.893511,0.558448,-0.816459,0.556246,1.335251,1.032015,-0.392938,0
-1.658222,1.011636,-0.923082,0.374283,-1.125221,-0.707405,-0.797206,0.299335,0.040891,0.331711,-0.941212,-0.105843,1.214801,0.158692,-0.324008,0
-0.237266,1.161341,-0.284559,0.297963,-0.906068,0.313612,-0.451128,-0.074411,0.498530,-0.759049,-0.166890,0.710570,0.849642,-0.637978,-0.123315,0
-0.923142,0.299098,-0.506017,-0.625927,0.300164,-0.958705,0.241588,0.889977,-0.404334,-0.764170,-0.360951,-0.295379,-0.034234,-1.034488,0.502125,0
-1.767739,-0.319957,-1.528285,-0.025320,1.419903,-0.399618,-0.663105,-0.687929,0.748208,1.023411,-0.054554,-0.632510,-1.416253,0.502059,1.309872,0
-0.559413,0.240094,-0.423600,-0.000341,-1.211584,-0.711030,-0.540147,-0.706555,-0.118871,0.060257,1.381373,0.959373,-0.753897,0.554069,-0.051143,0
-0.911052,0.251445,-0.356195,0.688263,-0.172608,-0.793857,0.349787,-0.201231,0.706321,-0.991932,-0.155225,-0.060962,0.526980,0.425987,-1.168051,0
-0.909933,0.177593,-1.469675,1.366055,-0.173723,0.700438,0.577092,-0.743639,-1.080553,-0.788496,0.698391,-1.397760,-0.628794,-0.291096,0.149410,0
-0.089298,0.199540,0.954942,0.852530,0.019684,0.542463,0.990016,0.818949,0.464076,-0.056290,-0.428897,0.205886,-0.623651,0.269957,0.942037,0
0.527964,-0.477964,0.890347,0.952265,-0.011159,0.285910,0.004790,1.306415,-1.375027,0.121025,0.215911,1.470823,0.683015,0.082793,0.113827,0
-2.775556,0.105568,-0.501042,0.110723,-1.391458,-0.276171,0.969139,-0.697776,-2.142074,1.649879,-0.433174,0.886452,0.688569,-1.099091,0.413224,0
-0.728698,0.104014,-1.657699,-0.661811,0.048151,0.239085,0.121856,-0.893702,0.183856,-0.480128,0.492697,0.413701,-0.638170,-0.016234,-0.411124,0
-0.649976,0.966488,-0.472972,-1.010264,0.147269,-1.162418,-0.529325,-0.799146,-0.521248,0.216748,0.414681,0.288081,0.136945,0.879023,-0.492506,0
0.181479,-1.207578,0.916800,0.692216,0.398285,0.068006,-1.534542,-0.546614,0.561933,0.001156,-0.686802,0.774499,1.325154,0.188349,0.478457,0
-1.302038,-1.277549,1.178103,2.578016,-0.093558,-0.966593,-1.919170,-0.034064,0.434665,0.215885,1.159191,0.366124,0.692039,-1.176987,0.469927,0
0.380107,0.013098,0.556172,-0.247123,-0.984962,0.176404,0.370049,-0.383435,0.287410,-0.220001,-1.582747,-0.511344,0.445552,-0.977508,1.060309,0
-0.238642,0.281145,-0.403317,-0.379684,1.111955,1.589206,-0.042201,0.580450,-1.316017,-0.264483,-0.346244,1.067363,0.535610,-1.207959,-0.192341,0
-1.507688,0.778931,-1.397681,1.383757,-0.690073,0.953579,0.082267,1.150751,1.196507,0.414371,0.227672,0.497353,0.738675,1.048601,-0.425813,0
-0.589790,-0.035165,-0.131700,-0.080921,-0.251292,-0.012395,0.357910,0.581573,0.372321,0.977480,-0.078372,0.254652,0.300538,-0.216673,-0.261124,0
-0.278022,0.095257,-0.885910,1.164617,-0.069742,0.467082,0.014218,-0.699419,-0.051207,-0.419086,-0.498104,-0.267715,-0.624961,-0.035521,0.315262,0
-1.505888,0.570907,0.878229,-0.034796,-1.382076,0.652154,0.458011,0.778657,-0.093645,1.118392,-0.739359,0.491793,-0.739577,0.668389,-0.175855,0
0.293715,0.335868,-0.928126,-1.209983,-0.477260,-0.729516,-0.209233,0.569575,-0.083306,-0.773166,0.932688,0.563694,-1.303616,0.383325,0.364027,0
-0.930052,0.443361,0.235788,0.152217,0.281539,0.165495,-1.478035,0.000611,0.114549,1.262800,-0.425343,-1.034417,-0.523680,0.648098,0.583205,0
0.615209,0.874289,-1.048258,0.119804,0.033615,-0.118503,1.222074,1.512015,0.405058,0.100385,0.025851,-0.378022,0.732997,0.748381,1.410245,0
-1.084803,0.293752,-1.301208,-1.259732,0.061181,1.284260,-0.112080,0.030846,-0.264372,-1.009764,0.012014,0.405433,1.133741,0.182405,0.608545,0
-0.529266,1.569563,0.114158,-0.890341,0.715821,0.642540,-0.848310,0.347363,-0.375409,0.741995,0.819052,1.051436,-1.251655,0.707588,0.130542,0
-0.466981,0.557083,0.035246,-0.461124,1.148731,-0.265693,0.339888,0.373311,0.036857,1.220308,0.378471,-0.590842,-1.086902,0.384507,0.551080,0
-0.913272,-0.311939,0.694631,0.083722,-0.418670,-0.103314,-0.810924,0.229852,0.149643,-0.871165,-0.331758,0.901841,-1.199352,-0.024827,0.468078,0
-0.693824,-0.127256,-0.068676,-0.328517,1.162108,-0.497296,1.687101,-0.656337,-0.011331,0.958507,-0.427945,-0.095177,-0.644700,-0.475332,-0.703251,0
-0.823833,0.496026,-1.475365,-0.158539,-0.479673,1.221226,0.228877,1.191730,0.349019,-0.519921,0.006269,0.609206,0.019884,-1.209332,0.344797,0
0.273525,1.317769,-0.366595,0.447570,0.044959,-0.156415,0.522304,-0.278596,0.501064,-0.594322,0.548111,-0.819366,-0.669761,0.620284,-0.898482,0
-0.289173,-0.444081,1.445512,-1.173441,-0.270688,-0.821194,-0.563540,0.030599,1.316997,-0.425079,-1.006420,0.561100,0.794602,0.426402,0.479046,0
-1.080926,0.337199,0.257067,-0.677764,0.181814,-0.683870,-0.326242,-0.497907,-0.403861,-0.809000,0.418060,-0.639723,-0.503021,-1.070557,-0.294136,0
-0.138910,-0.838617,-1.133080,-0.720277,0.315126,0.461020,-0.539146,0.869827,0.839418,-0.521129,-1.412478,-1.028785,-1.303231,-0.460548,0.090788,0
0.243305,0.078411,1.219334,-1.298054,-0.546421,-1.025463,0.724060,1.272840,-1.232019,0.298725,-0.902309,0.158847,-0.108889,0.787357,0.356028,0
-1.338907,0.164944,-0.384820,0.891864,-0.178815,0.220874,-1.148272,0.771657,-0.820742,0.617404,-0.171625,-0.339763,0.174663,-0.301417,1.982080,0
-1.054929,0.077535,0.727547,0.362293,1.277874,0.081477,1.009001,1.226068,-0.098829,-0.114232,1.886407,-0.055808,-0.701213,0.794637,-0.979331,0
-0.566838,-0.113817,-0.690182,-1.017918,0.866657,0.118221,0.455512,-0.997704,-0.616454,-0.395773,1.754529,0.592772,-1.315797,0.109107,0.014126,0
-1.253027,-0.433563,-0.370797,0.919907,0.282598,0.972184,0.216201,0.660926,-0.349725,-0.066093,0.565494,-0.163372,-0.280341,-0.240267,0.687870,0
-2.035847,-0.176399,-0.821699,-0.611566,-0.761591,0.998157,0.305683,0.884099,-0.020708,-0.512039,1.037643,-0.254132,-1.017661,1.787087,-0.377202,0
0.169874,-0.431454,-0.137707,-0.001774,-0.751442,-0.830392,-0.810828,0.640783,-0.099004,0.135010,-1.023230,1.277098,-0.544138,-0.450610,-0.482584,0
-0.794291,0.942448,-0.437577,-0.565709,-0.222609,0.830354,0.057521,-0.426568,-0.217811,0.738847,-0.939063,-0.273838,1.044435,0.739246,-0.668001,0
-1.112888,0.709316,-0.510315,-0.291941,0.481864,0.981398,-0.973550,-0.444106,-0.474211,0.080576,-0.613348,-0.304109,0.436807,-0.286851,-0.075827,0
0.450552,-0.806453,0.149293,0.654735,1.559564,0.982007,-0.080140,0.402874,-0.150067,-0.314646,0.605014,-0.728387,-0.904106,1.048207,0.542448,0
-1.316449,-0.040997,0.836360,-0.897850,0.289892,0.695267,-0.001338,-0.655719,-1.395110,-0.803125,1.453109,1.162609,-0.426438,-0.085828,-0.668763,0
-0.505018,-0.070135,0.505924,0.670009,-0.072948,-0.528643,-0.109811,-0.367153,-0.430815,-0.500979,0.154431,-1.220747,2.018187,-0.686661,-0.747002,0
-0.918184,1.084476,0.246603,0.635318,-1.769257,0.525780,-0.197497,-1.624443,0.690893,1.541475,0.441364,0.047182,-0.544828,-1.346744,-0.978700,0
