1.607749,0.075522,0.194554,0.658574,1.407327,-0.382273,-0.439127,-1.983359,0.390015,-0.234651,0.707848,0.363266,0.022042,0.516742,1.123799,1
1.176839,-0.652030,-0.787634,0.340006,0.873238,-0.837878,2.562736,-1.300522,0.220820,0.537517,-1.430873,-2.490592,0.053148,-0.090502,0.261570,1
1.615046,-0.200237,0.427465,1.083971,-0.573414,-0.304563,1.377942,0.974582,-1.275950,-0.147470,1.262225,0.021066,-0.039319,-0.457976,0.355024,1
0.527475,0.924934,-0.990863,0.458420,-1.077012,0.983644,0.993112,-1.375301,1.147968,-0.148791,-0.472176,0.119322,-0.440930,-0.366518,0.228340,1
0.222193,0.072651,1.497321,-1.653958,1.169286,-0.391255,0.925045,-0.490493,1.216531,0.239992,0.123337,-0.474432,-1.252186,-1.071827,-0.948217,1
0.419614,0.045230,0.470727,-0.175195,-1.119966,0.680506,-0.977498,0.714522,-0.128422,0.309737,0.559797,-0.757550,-1.155824,0.158598,-1.057352,1
0.358524,0.446689,-0.545707,-1.388314,-0.592751,1.363744,0.055523,-0.573637,-0.870469,-0.337194,0.167740,-1.706315,-0.548934,0.307643,-0.432646,1
-0.460854,-0.994637,-0.787574,-0.403216,-0.800368,0.416926,1.099882,0.622709,0.134191,-0.668165,0.040522,-0.169006,1.058383,-0.103498,-0.100982,1
0.994824,-0.612456,0.325089,-0.644429,1.082186,0.357478,-0.288857,0.887498,0.495733,1.076632,0.966722,-0.456944,-0.314164,-0.360741,0.986213,1
0.576366,-0.664715,-0.149357,-0.503121,-0.344604,0.722826,-0.008568,-0.711968,1.655663,-1.716339,-1.712290,0.163981,-1.063489,-1.290292,-0.494900,1
0.125031,-0.458577,-0.570884,0.415133,0.207803,0.435652,-1.090300,0.054467,0.188385,-0.410414,-0.090739,0.768895,0.062873,-0.658406,-1.499632,1
1.632886,0.001786,-0.394500,-0.644498,0.022301,-0.374463,-0.054827,-0.017173,-1.509774,0.203646,0.592597,-0.044928,-0.024443,1.027367,-0.865423,1
1.695685,-0.393870,-0.467161,1.331738,0.120091,-0.289562,0.051024,-1.568274,-0.264647,0.282442,-0.905706,-1.005516,-1.054622,0.016973,0.622725,1
1.294064,-0.692879,-0.194351,1.101135,0.496192,-0.090783,0.766340,1.827449,-1.604943,0.487525,-0.153159,0.370639,0.574835,0.040752,0.955882,1
0.729038,-0.584775,-0.612640,0.684352,0.221513,-0.457158,-0.124797,0.859359,-0.559211,0.242719,-0.891117,-0.534997,0.502802,0.396310,-0.098030,1
1.232019,0.567258,-0.602732,0.094251,-0.682991,0.613739,0.960917,0.295929,-0.295686,0.087706,-0.602317,0.447971,-1.940945,-0.587203,-0.247651,1
0.994487,-0.529671,-0.976914,0.509539,-0.531237,1.622069,-1.606828,-0.489425,-0.692971,-0.460561,0.752191,-0.594661,1.055654,-0.820274,-0.680578,1
0.886382,-0.703041,-0.654869,-0.321336,-1.169055,0.707109,1.170800,1.139481,1.080696,-0.441330,0.579053,0.495322,-0.370458,-0.645795,-0.028635,1
0.136221,-0.550573,0.709301,0.415641,0.438600,0.729002,0.001916,-0.951331,-0.502197,-0.223459,-1.384562,0.397871,0.758420,0.823348,-1.125858,1
0.703215,-0.020533,1.102865,-0.108045,1.387339,-0.749236,0.784739,-0.860578,-0.114868,0.318591,-0.156723,0.537717,-1.293179,0.985424,-1.256249,1
1.003551,-0.233176,0.662921,1.475971,0.067360,0.221440,0.671174,0.355860,0.067439,0.174380,-0.110963,0.378956,-1.517455,-0.376530,0.388545,1
1.379877,-0.668953,-0.551013,0.778132,0.202807,0.448128,0.071860,0.269869,-0.384218,0.783094,0.150558,0.168886,0.672763,1.096642,-0.588320,1
0.496988,-1.281616,-0.356535,0.470243,-2.074528,-0.735538,-0.780695,1.172364,0.426325,1.200595,1.350766,-0.537936,1.081885,0.571142,-1.235674,1
1.067605,-0.281834,-1.865377,0.238280,-0.649608,-0.324151,0.929354,0.310153,0.831548,-0.851655,0.167942,-0.557439,0.579372,-0.103894,1.179739,1
0.146152,0.782545,-0.038607,-0.348756,-0.710966,-1.634696,1.105269,0.914376,0.886651,-0.349398,-0.507051,0.393148,-0.986977,-0.350266,-0.113766,1
0.760334,-0.526649,1.237577,-0.682076,-0.988005,0.156914,-0.252161,0.027740,1.173873,0.122598,0.616791,-1.557589,-1.053693,-0.285165,-0.284854,1
1.216662,-1.558892,-0.708091,0.773999,-0.458557,-0.178125,-1.550757,-0.410061,-0.463942,-0.535427,-0.648331,-0.079209,1.091636,-0.602056,0.607508,1
1.720197,-0.243248,-0.033754,1.193739,1.061198,-0.285192,-0.036958,0.919284,0.065498,-0.662165,-0.060558,1.767404,-1.226355,0.528702,0.533539,1
0.418050,0.161883,0.064757,-0.503732,-0.939273,0.823921,2.229764,-0.342669,0.928746,-0.711641,0.664203,1.290402,0.225187,-0.391681,2.098583,1
2.595378,-0.568508,0.224576,-1.326109,-0.084509,-0.241306,0.324011,-0.358841,1.042385,0.156090,-0.632785,0.533480,-1.476182,1.233114,0.220722,1
0.839026,-1.040812,-0.340799,0.310517,0.543411,0.772587,-0.354605,-0.866819,0.476371,0.012267,1.465055,-0.532267,0.286674,0.558260,1.466839,1
1.467263,-0.492914,0.317007,0.368078,1.220595,-0.056287,-0.506921,-0.174821,-0.880236,-0.569690,-0.411860,-0.289672,0.015826,0.138415,-0.739779,1
1.645487,0.046345,-1.134441,1.307294,0.207135,-0.502280,0.301341,-0.731389,-0.408601,-0.246271,0.424470,-0.347748,1.027802,-0.132355,-0.443348,1
0.548740,-0.595190,-0.389004,0.311618,0.253147,0.624594,0.370059,-0.390017,1.180472,0.346605,-0.799976,-0.647856,0.049094,-0.427700,1.318112,1
2.036850,0.341974,-0.242208,0.324448,0.054496,-0.709671,-0.785682,1.113003,-0.462770,0.004024,-0.377720,0.493826,-0.507394,1.082366,1.055627,1
0.470261,0.130665,1.317866,0.301320,0.223722,0.474776,0.447366,0.196243,0.986682,-1.146843,0.509150,-0.122393,-0.337247,0.187890,0.811934,1
0.279901,-0.299360,0.807578,0.708786,0.707649,0.825242,0.909930,-1.571939,0.369821,0.262983,-0.215902,-0.111889,0.166782,-1.073940,1.596557,1
1.525574,-1.068775,0.315794,1.415552,-0.709623,0.205366,0.439750,0.717038,0.443725,0.567793,1.417097,-0.020570,-1.333061,-0.371007,0.371386,1
2.105417,1.358735,0.172898,1.124845,0.330596,0.176833,0.724147,0.203814,0.189824,0.234572,-1.125458,0.425602,0.163167,0.035800,-0.925800,1
1.479018,0.685702,-0.619298,1.054835,-0.865506,-1.312922,-0.089301,0.085172,-0.243411,1.248647,-0.313363,-0.151291,-0.035605,0.711346,0.101162,1
1.016312,0.242297,-0.477609,-0.732018,-0.485814,-0.129991,-0.577507,-0.191606,-0.371571,0.858918,-0.513912,0.231499,-0.480464,0.360212,0.651198,1
-0.431055,0.077055,0.099893,0.247198,0.400276,0.284933,1.484957,0.306966,-0.032554,0.118585,1.034825,1.075593,-0.159908,-0.681139,-1.088417,1
1.507084,0.524589,0.155610,1.946520,-0.785676,1.546028,-1.238605,-0.664015,0.127631,1.232045,0.250221,0.448874,-0.752672,3.035420,-0.175209,1
-1.100992,0.853947,0.393331,0.126443,0.357231,0.400351,-0.532115,0.672091,-0.800695,-0.055958,0.182928,0.153613,-0.239806,0.786102,-0.619760,1
2.680341,0.603420,-0.608251,-1.616090,0.219430,-0.053303,0.034317,-0.349283,-0.167945,0.292841,-0.877052,-0.808159,-0.608199,-0.963304,0.016951,1
1.335731,1.232656,-0.522960,0.385171,0.565738,0.308064,-0.021886,0.182550,-0.610306,-1.324801,0.058896,-0.188887,-0.530687,-0.021755,0.565009,1
1.319709,0.738689,0.167208,1.121212,-0.082349,0.366897,0.473839,-0.917896,-0.606481,0.570511,0.586086,-0.050356,-0.307420,0.470394,0.414856,1
1.265430,0.994228,0.062780,-0.122265,0.592171,0.421797,-1.216058,-1.347944,0.192107,-0.818506,0.641660,-0.292163,-0.146947,-0.626749,1.640066,1
0.469832,0.067611,0.310267,-0.508499,-1.116170,0.530076,-1.495916,-0.415074,0.852818,1.651039,0.274841,-0.708261,-0.637280,0.410904,1.090013,1
1.519887,-0.668705,-0.275200,1.093688,-2.019722,-0.519183,0.113641,-0.245580,0.457986,0.120600,-0.688797,0.263035,1.821295,-1.188640,0.867957,1
1.099304,0.076084,0.440324,1.022522,-1.894425,1.007802,-0.435532,-0.005000,0.782036,-0.388072,0.467244,-0.075302,-0.443341,0.719233,0.955038,1
1.305889,0.809533,-0.811834,-0.942484,-1.570975,-0.465520,0.392659,-0.742567,-1.575291,0.836450,1.729346,-0.142424,-0.797787,0.857231,-0.404893,1
0.914402,-0.511632,0.371151,-0.023892,0.644181,-0.110965,0.985716,0.133493,0.280548,-1.210408,0.334765,0.240274,-0.567401,0.105499,-0.049191,1
1.652044,-0.810264,0.615499,0.626877,-0.475005,-0.360642,-0.135943,-1.169964,0.358127,1.371447,0.921707,-1.046567,-0.621463,-0.369839,1.692154,1
1.250709,-0.142493,2.028606,0.687267,-0.694547,0.007031,-0.892019,0.378282,-1.406945,0.907297,1.192792,0.116604,-0.818342,-0.168165,-0.220730,1
1.782718,-0.689080,0.695885,-0.230008,-0.779459,-0.408823,-0.240188,-0.304656,-0.656737,0.510391,0.689419,0.547408,0.333807,0.657627,0.303244,1
0.508055,-0.642955,0.445680,0.183073,-0.144629,-1.242230,1.342807,0.374666,-0.280107,-0.080405,0.824802,-1.040349,0.119548,1.468107,1.752260,1
0.762320,-0.550163,0.012345,0.623235,-0.256115,0.786023,0.778911,0.059997,-0.523476,0.597047,0.074311,0.431597,-0.115561,-1.756154,0.198336,1
1.565148,-0.444580,0.833515,-0.111663,-0.408414,-0.470848,0.245411,0.559399,-0.506630,0.792071,-0.544218,0.230888,-0.694006,0.571189,0.077899,1
1.034277,0.554023,0.059123,0.244077,0.022515,-1.199445,0.359842,-0.305233,-0.762743,-1.273510,0.618505,1.237936,0.836951,-0.052895,-0.003760,1
1.534529,-0.971384,0.349604,0.027971,-0.572663,0.298098,0.701490,0.825347,0.280452,0.781740,0.237964,-0.950220,-1.578605,-0.736748,-0.809708,1
1.199804,-0.097195,-0.189961,-0.524579,-0.661590,0.032267,0.367530,-0.448118,0.396954,-0.516267,-0.087414,-0.581198,-1.082522,-0.617378,-0.018085,1
2.199771,0.306117,-0.841300,0.163867,-0.398150,-0.739607,1.104682,0.046970,0.389503,0.102151,-1.019685,0.364112,1.094219,-0.223436,-1.385288,1
2.252395,0.598045,0.350527,-1.436939,-0.188418,-0.866598,-0.521055,-0.054188,-0.008839,-0.997829,-0.229303,-0.298110,0.842000,0.175998,-0.938395,1
0.501154,-0.117661,-0.378098,0.441063,0.450440,0.407330,0.480227,-0.075831,0.245864,0.790099,-0.349303,0.580465,-0.311785,0.844416,0.834692,1
1.710572,0.407362,0.277108,1.201262,-0.166281,1.355390,0.463208,-1.190032,-0.258979,-0.633414,-0.742046,1.670722,-0.795889,0.956998,0.130980,1
0.990438,0.352682,0.404565,0.721096,0.525815,-0.050664,-0.069916,-0.650326,1.686654,-0.698689,-0.553896,0.163352,1.688012,0.709191,0.442327,1
0.387790,0.034302,0.458840,-1.602423,0.548276,-1.502796,-0.302835,-0.935540,-0.126654,-0.205719,-0.187482,-0.063582,-0.406722,-1.965420,-0.830658,1
1.380832,0.042184,0.539896,-0.561234,-0.423171,-0.758431,0.076288,1.589002,-0.030538,-0.194176,0.949621,-0.393240,0.524230,0.306496,0.562927,1
-0.486834,0.889645,-0.214970,-0.076277,-0.425240,-0.286889,0.872569,0.396578,-0.276261,-0.999054,1.283354,-0.318523,-0.959254,-0.702978,-0.169113,1
0.084008,-0.007190,-0.336098,0.322317,0.574951,0.433736,-0.336773,-0.837408,0.200857,0.715931,1.152938,0.563954,0.036031,-0.437315,-0.123119,1
0.396836,0.369062,-0.702180,-0.605292,-0.482469,0.619213,-0.902502,0.019433,0.197724,0.164511,-1.651883,-0.497408,1.248474,0.833205,-1.397861,1
1.018332,1.511087,0.078725,0.812324,0.954318,-0.414055,0.224382,1.563030,-0.252220,0.703879,0.682641,-1.566953,0.132954,-0.756297,-0.728277,1
1.039094,0.122012,-0.428279,0.833252,0.123477,0.699198,0.650058,-0.735866,0.375077,-0.276035,0.156597,-1.285716,-0.168221,1.424133,0.471084,1
1.483913,1.154362,0.222094,-0.002044,-0.876252,0.142065,-0.627140,-0.211967,-0.870800,-0.596038,-0.147434,-0.072897,-0.484920,1.136718,-0.498100,1
1.441455,0.208713,0.808514,-2.057052,0.871066,-0.577806,1.043339,0.204545,0.318981,0.461847,-0.214504,-1.220800,0.193356,0.286917,0.588363,1
2.944086,0.600388,-0.472144,-0.236253,-0.874767,0.523399,0.149049,0.514401,-0.689862,-0.266980,-0.842919,-0.381848,-0.046813,0.626448,-0.642480,1
0.076615,0.667653,-0.882509,-0.251503,-0.856293,-0.017131,-0.168845,-1.032783,0.385501,0.499698,0.049690,-1.623439,-0.133855,0.514137,0.797768,1
2.349034,1.585211,-0.368228,-0.265027,-0.029009,-0.077951,-0.190655,0.133422,-0.918954,0.260667,-0.650471,-1.532730,-0.322568,0.909953,-0.797486,1
0.032243,-1.980326,-0.130673,0.488209,-0.284208,0.290962,-0.003420,-0.092190,-0.260212,1.349037,-1.522561,-0.582735,1.137335,0.610266,0.276834,1
2.209150,0.802325,0.503842,0.734891,1.000359,-0.847621,0.331977,-1.280375,-0.343235,-0.696024,0.512051,-0.379615,0.774391,-1.237185,1.612997,1
0.123992,-0.299767,-0.552701,-0.415910,0.771644,0.559254,1.141778,0.315687,-0.306556,-0.277112,0.289302,1.112634,-1.534109,-0.449134,-0.272857,1
1.833604,0.326421,-0.064677,0.668199,-0.442903,0.303610,0.245254,1.730833,-0.168420,-0.265157,1.082387,0.408088,-0.899513,-0.479023,0.146393,1
0.986658,1.955801,1.223731,-0.869217,0.459700,-0.176473,0.548083,-1.147218,-0.706765,0.974374,1.611694,0.950750,0.448869,1.174742,-0.605249,1
1.251769,0.616579,-0.558045,-1.402068,0.090964,0.392234,-0.889603,-0.705215,-0.385612,-0.346093,0.542303,1.643844,-0.333912,-0.937688,1.072084,1
1.924872,-0.454713,1.440295,0.875241,0.695229,0.142286,-1.262244,-0.338129,-0.398247,0.010020,-0.854532,0.128522,-0.675072,0.021338,-0.692492,1
0.813921,0.548277,-0.200663,0.324771,0.882650,-0.743130,1.271000,0.041283,0.221600,-1.085788,-0.632673,0.613407,0.502470,0.018205,-0.143452,1
1.018277,-0.020138,0.223508,-1.248484,0.891997,0.861715,0.072749,-0.172346,-0.719210,-0.688335,-0.017700,1.539838,-0.238743,-0.229031,0.933068,1
0.093567,-1.094820,0.009751,0.533600,-0.864120,0.016655,0.867623,-0.290617,0.672731,0.842635,1.249101,-0.010974,-0.072324,0.608591,-0.560004,1
1.089186,0.785707,-0.018883,-0.093263,-0.460732,-1.013025,0.217163,0.826263,-0.795880,-0.778873,-0.276641,0.614594,0.351968,0.221388,-0.397599,1
1.670839,-0.831463,-0.493670,-0.409814,0.593403,0.203719,-0.574264,1.250854,-0.586469,0.276772,-0.185305,-0.509509,-0.867404,0.587272,0.324191,1
1.869927,-0.159358,0.096138,0.194177,-0.052030,0.596298,-0.116434,-0.988424,-0.293920,1.081077,-0.243745,0.938095,-0.773956,-0.476300,0.497052,1
0.647678,-0.733259,-0.163236,0.480670,0.192622,0.153452,0.431217,-0.325602,0.664413,-0.903872,1.031317,-0.202718,0.088898,-1.767808,-0.693927,1
0.010242,0.434362,0.526882,-0.061011,-0.688161,0.078271,-0.028703,1.081964,-1.523513,0.951327,-0.345277,-1.550851,-0.516925,0.030434,0.066590,1
1.360272,0.829383,0.312141,0.326239,0.453110,1.002244,-1.149303,0.347658,0.252562,1.265428,-2.220360,-0.763701,-0.321706,0.555139,0.130047,1
2.611750,-1.399466,0.943067,-0.648768,-0.180736,0.432284,-0.246370,-0.809696,-0.241871,0.930723,0.660654,0.202495,0.198107,-0.648212,0.020775,1
1.623106,-0.423519,0.339680,-1.281457,0.142783,0.410470,-1.471248,-0.175363,-0.240522,-0.429830,-0.575958,0.549063,0.168487,0.858005,-1.315064,1
0.855794,-0.289711,0.231456,-0.330227,0.388589,-1.273309,-0.426265,0.712474,0.192376,0.739308,-0.974921,-0.741857,-1.396888,-0.151067,1.034880,1
2.265108,-0.098743,1.780703,0.095885,-0.857814,-0.918351,-0.620847,-0.221934,0.237511,-0.194114,0.100932,-1.176950,-0.098624,0.972598,-1.283944,1
0.639253,-0.377265,-0.870962,-1.767723,-0.227171,-1.018778,1.618174,-0.522481,-0.972890,0.834834,0.984819,0.290539,-1.021239,-0.204717,-0.578174,1
1.690044,0.189108,0.898251,-0.293162,-0.730778,-0.718612,-0.572515,0.518884,1.042684,-0.102803,0.228155,-0.655854,-0.547782,-0.885330,-1.002064,1
0.303187,0.797439,0.923083,0.024187,1.100623,-0.093815,-0.757157,0.895631,0.588980,-0.006297,0.705073,-0.762755,0.627410,-0.850022,0.210839,1
1.604406,0.718657,-0.204385,1.461693,-0.019158,-0.934872,-0.237114,-0.367935,0.291717,-0.956295,-0.154383,-0.414517,0.252558,1.048729,1.136146,1
0.020139,0.725547,-0.601614,0.104045,-0.730350,-0.087709,0.288310,0.155767,-0.038203,-1.145406,0.195700,-0.553046,0.278362,-0.023328,0.520329,1
1.559028,0.675382,0.328154,-0.286537,-0.694898,1.386349,-0.022949,-1.660384,-0.495465,-1.059592,0.336649,-0.165135,-0.743386,1.492516,-0.378275,1
1.200541,0.236488,-0.559235,0.240311,-0.557170,-0.927145,0.003067,-2.026575,0.911199,-0.227958,0.583286,-1.060849,1.063882,-0.116215,1.325671,1
-0.161127,-0.535247,0.598569,0.180820,0.721621,1.101219,0.115233,-0.238262,0.222478,0.883166,0.283950,0.577389,-0.805250,0.048399,0.064154,1
0.665779,0.071185,-0.768820,1.136066,0.043645,1.010356,-0.557968,-0.384092,-0.046834,0.331023,-0.983803,0.365330,-0.300989,-0.120539,0.176044,1
1.155484,1.232915,2.670740,-0.895919,0.368798,-0.060761,0.188671,-0.196903,-0.182714,-0.460483,0.374893,-0.271931,-1.551134,-0.676448,1.363698,1
1.155855,-0.391075,-0.815594,-1.452557,-0.074337,0.521899,0.366100,0.117678,1.378472,1.331050,1.216377,-0.863656,-0.245044,-1.370121,0.141991,1
0.617846,0.169860,0.675013,-1.285104,0.473425,-0.748768,0.325645,0.396135,0.046523,0.796508,1.974229,-0.608671,1.657344,-0.508410,0.363879,1
0.293370,-0.335705,0.454202,0.535194,0.898960,1.248027,2.378607,-1.022573,0.327191,-0.243359,-0.618314,-1.127115,0.267164,0.110550,0.467800,1
0.404276,0.737203,1.940838,-1.052722,-0.100464,0.552232,-0.523959,1.245973,0.608481,0.655249,-1.014563,0.348366,-0.903584,0.620399,0.792588,1
0.948932,0.506378,0.504246,0.161374,-0.576066,0.510468,1.525451,0.878248,-0.525440,-0.614077,-0.256227,-0.370395,1.332215,0.092462,-1.427500,1
2.044071,0.195821,-1.150908,-0.421196,-0.015418,0.109962,-0.498170,0.634729,1.028605,-1.147705,-0.514323,-0.965227,-0.675583,-1.234772,-0.520277,1
0.190901,-1.003731,-0.443388,-0.555373,0.507009,-1.429496,-1.050421,-0.466095,1.454247,0.075968,0.490314,-0.120645,1.176570,0.714824,0.055773,1
2.116781,-1.221634,0.904840,0.134438,-0.968558,-0.000148,0.559899,0.581922,0.169880,-1.210662,-0.800821,0.247715,-0.745413,0.435552,0.316747,1
1.566419,0.491224,1.081452,0.219224,-0.313638,-0.066063,0.355334,0.036378,-0.251468,-0.881808,0.261388,0.297634,0.112057,-0.045075,-0.477084,1
1.222550,0.029225,-0.079444,-0.226221,-0.345907,-0.751904,-0.883944,-0.643186,2.113270,0.120011,-0.433839,0.173292,1.069462,0.404210,0.110034,1
0.832979,-0.930660,-0.446517,0.775712,0.408408,-1.266716,-0.256355,0.275457,-0.339363,-1.006231,-0.088862,-0.091206,-1.103080,-0.136002,-0.730468,1
-0.129617,-1.405347,-0.361826,0.277365,-0.763070,-0.534469,-0.211135,0.570649,-0.738308,-0.877257,1.469405,-0.267356,1.533556,0.787973,-0.068598,1
-0.034126,-0.316727,0.846607,-0.395434,0.471015,-0.699486,-1.453617,0.231945,-0.208691,0.393909,1.351709,-0.570089,-1.110835,-0.755874,-0.378318,1
1.112708,0.234193,-0.056651,-0.871801,-0.048751,-1.710707,0.421590,-0.450029,0.818001,0.015924,0.055430,0.113517,-0.328099,1.050050,0.587379,1
1.440542,0.538056,0.327154,-0.649176,0.669425,0.139661,-0.212301,-0.094333,-1.241939,-0.500651,-0.419214,0.008430,-0.344086,0.257482,0.060085,1
2.090270,-0.279170,-0.164332,-0.082890,-0.230789,1.243579,1.574874,0.043049,0.586635,-0.163859,-0.039437,0.296337,-0.179195,-0.129699,-1.009955,1
-0.837572,0.074084,-0.181986,-0.352898,-0.211365,0.472580,0.747167,0.533720,-0.236429,-0.234009,-1.714720,1.215138,2.228775,0.258146,1.383233,0
-0.990521,-0.576729,0.822618,0.538486,-0.684723,-0.200575,-1.063430,0.650583,1.400958,0.503224,0.944535,-0.539033,0.333353,-0.156196,1.148361,0
-0.458092,-0.582330,0.070204,0.001928,0.082702,-1.090406,0.591343,0.770362,0.073900,-0.381008,-0.540450,-0.541359,0.635656,0.115973,-0.319253,0
-0.326473,0.030738,-0.345041,0.258056,0.783154,0.197343,-0.122900,-0.435091,-0.926881,0.457345,0.058989,0.424858,1.196119,-0.657425,-1.203939,0
-0.468511,0.130716,1.010422,-0.769828,1.120716,-1.789232,-0.750288,-2.446415,0.444178,-0.062872,0.436021,-0.161737,0.787243,-0.188978,0.377272,0
-0.569266,-0.885226,-0.906838,0.693896,-0.644654,-0.811163,-0.164140,0.604506,1.346119,0.469927,0.300348,0.868085,0.960961,0.704717,-1.046418,0
-1.192437,-0.409460,-0.261077,0.929251,0.580298,0.849844,-0.549637,-0.069138,0.017954,0.397275,-0.474785,0.386449,-0.810213,0.373116,-0.180607,0
-0.801623,0.712832,0.835444,1.297530,-0.461428,0.709796,0.347272,-1.479586,1.454858,1.936687,0.336583,-0.615638,-2.151437,-0.783632,-0.353019,0
0.007276,-0.083591,0.510175,-0.006037,-0.445138,-1.106089,-0.478609,1.327783,-0.060679,-0.694481,-0.244044,0.288691,0.608327,0.546480,1.117946,0
-0.652884,-0.319434,-0.133615,0.023165,0.615854,-1.732719,-0.468888,0.438428,0.930670,-1.668248,0.520923,1.166874,0.281027,-1.824209,-0.075768,0
-1.557108,-0.162207,0.674702,-0.510149,-0.252235,0.305656,0.928409,-0.884951,0.572491,0.503858,0.394377,0.705185,0.091098,0.424133,1.527652,0
-1.682752,0.413874,0.171867,1.242497,0.976557,1.104387,0.110639,-0.561577,-0.506417,-0.588970,-0.053724,0.512558,-0.421292,-0.366240,-0.700290,0
-0.904468,0.031235,1.297473,-0.244239,-0.135024,-0.163551,0.646823,0.392132,-1.279389,0.482769,0.918541,0.962857,-1.819494,-1.467451,-0.031276,0
-1.017729,-0.106645,0.075361,0.689319,1.073165,1.214345,-1.985770,-0.938323,-0.585117,-0.984480,-0.228866,0.255320,1.592010,0.779362,-0.113831,0
-0.868572,0.040045,-1.500243,0.259205,0.221735,-1.940490,-0.118824,0.136483,0.699563,0.294044,-1.392252,-0.020810,-0.159638,0.756242,-0.348208,0
-2.423661,-1.605762,0.964585,0.356213,-0.393775,0.008598,-0.683827,0.499387,-0.360521,-0.107106,1.197514,0.502186,0.184026,0.020443,1.011855,0
-1.094389,0.054043,-0.256366,-0.464461,-0.330511,-0.320640,0.648914,-0.356109,0.529130,-0.083436,1.927714,-0.223261,0.072073,1.736753,0.422732,0
-1.041276,-0.249808,0.133137,-2.035231,-0.769501,0.094826,0.256864,-0.945431,0.113913,1.343072,1.497905,1.187775,0.607113,1.432873,-0.552258,0
-0.571696,0.264379,-1.174275,0.713570,0.057964,0.657318,0.175730,0.264219,1.560347,-0.166932,-0.196667,-1.479933,0.437304,-0.219686,-0.356004,0
-1.975219,-0.157952,-0.227111,0.228049,1.549238,0.316321,-1.736302,0.370356,-0.267699,-0.068663,0.699653,0.234138,-0.206618,1.372400,0.425166,0
-1.596280,1.035005,-0.089485,0.039595,-0.045301,0.813586,-0.270622,-0.802152,-0.142583,0.472255,0.067514,0.139964,0.408503,0.548109,-0.198228,0
-0.512691,-0.251663,-0.543978,0.562575,0.355554,0.212088,0.939481,0.477391,1.601778,-0.020460,0.874216,-1.074560,0.017956,-0.628786,-0.880990,0
-1.542761,0.292694,0.316824,-0.429901,-0.338924,0.370517,0.176365,1.152121,-0.007256,0.471548,0.148597,1.102407,-0.069389,-0.595106,-0.415875,0
-1.305257,1.253197,0.108009,0.148591,1.015495,0.227099,1.364861,0.717948,1.286393,-0.524452,-1.143145,0.197219,-0.262435,-0.751318,0.736205,0
-0.204380,-0.237676,2.102680,0.483294,0.835398,-0.153270,-0.233495,-0.382109,-0.705188,-0.459338,-0.748785,-0.457874,0.939669,0.097005,0.798569,0
-1.498411,-0.765747,-0.175595,1.132535,1.179718,0.198456,-0.833375,0.651060,-0.973758,-1.082065,-1.434294,0.211453,0.011514,0.843348,-0.443206,0
-1.730523,-0.008944,-1.558402,-0.855869,0.080976,-0.238694,-0.147902,-0.040779,-0.056798,0.152786,-0.343023,-0.421310,-0.254333,0.398540,0.436935,0
-2.449620,0.674555,1.290577,2.633045,-0.590125,1.008816,-0.194960,1.004165,-1.136419,-0.191048,-1.472598,-0.235690,0.794677,-0.329468,0.685535,0
-1.721972,0.377386,-0.613932,0.420504,1.306693,-0.147903,0.207612,0.777217,-0.420427,0.384326,0.031700,0.094148,0.047160,-0.691512,0.178887,0
-1.183477,-0.096876,0.165496,0.611195,0.365820,-1.310853,-0.284788,-1.330832,-0.153978,0.973665,0.526520,-0.458272,0.318308,1.263628,-0.905661,0
-0.818921,-0.211204,-0.260527,-0.051872,0.976600,-0.399639,0.531978,-1.278160,0.116581,-0.977471,0.192581,0.038375,-0.476638,0.965595,0.270038,0
-1.426019,-0.176262,0.064663,-0.731882,-0.006652,-0.310873,-1.085732,-0.590324,0.643436,0.548228,-0.668133,1.103198,-0.345433,0.251188,-0.789064,0
-2.453608,0.320038,-0.091637,-0.202187,-1.185846,0.853838,0.027649,-0.166501,0.904224,-0.736639,0.161551,-0.123445,-0.977136,1.034087,-0.338630,0
-1.334502,-0.485377,0.750154,-0.497553,-0.397443,-1.317347,0.697545,-0.941142,-0.555722,1.075130,0.169077,-0.758233,-0.897364,-0.706689,0.104081,0
-1.875935,0.635817,0.311157,-1.813915,-0.866613,-0.282737,0.375841,-0.308761,0.297771,1.394343,0.462177,1.023027,0.684652,-0.683788,-0.488189,0
-1.978730,-0.538544,0.124131,-1.118291,0.174352,-1.280538,-1.091432,-1.310162,-0.581059,1.793031,0.116826,1.303286,0.621167,-0.562907,-0.194466,0
-0.172361,-0.988105,0.529758,-0.446296,0.645609,-0.830615,1.835701,-0.849125,0.361506,0.073340,-1.424351,0.308134,0.354136,0.292264,0.606500,0
-1.001821,-0.204014,0.383815,1.111340,-0.253820,0.323694,-0.219784,-1.255341,-0.901484,-0.252751,-0.899367,1.371740,-0.759207,0.152015,0.233744,0
0.764600,-0.989656,-0.769576,0.434888,0.252043,1.190108,-0.218265,-0.256618,-0.111764,0.429204,-1.020728,-1.020725,0.555176,0.527020,-0.065684,0
-1.193496,0.083369,-0.659045,0.800389,1.477532,1.282221,1.190836,-0.025460,-0.064138,1.509444,-0.172653,0.625074,-0.849526,-0.185466,0.089290,0
-0.208636,0.334382,-0.147113,1.394996,-0.743560,-0.497107,-1.000212,0.077878,1.521506,0.748479,0.283364,0.213338,0.038017,0.426844,-0.717758,0
-1.614762,0.193319,0.852003,0.234331,-0.515443,1.663202,-0.049005,-1.584244,-0.876035,-0.495051,0.493365,1.152689,1.075582,0.156885,-0.010493,0
-1.352201,1.022092,0.291510,-0.741071,0.059375,-0.537197,-0.009380,0.192599,0.697544,-0.938932,0.732758,-0.829125,-1.128689,0.084603,-0.047965,0
-1.088569,0.733912,-1.349627,0.578835,-0.667072,-0.659896,0.548596,-0.013867,1.099094,-0.087855,-1.512630,-1.701671,0.178016,0.047742,0.245496,0
-1.612887,0.517356,-0.743889,-0.552335,-0.379852,-0.735008,-0.457148,-0.077448,-0.267606,0.921947,-1.177318,-0.042058,-0.177931,1.031768,0.928590,0
-1.952539,0.523180,-1.568633,-0.137665,-0.019321,1.162034,0.429093,-0.108163,0.778501,0.603168,-0.604506,0.525198,-0.092117,0.116361,0.748818,0
-0.765031,0.120275,0.200314,-0.537983,-0.487253,0.551075,0.448579,-0.660326,-1.334052,0.592410,0.131364,-0.069055,0.826627,0.552783,0.947203,0
-0.771004,0.570619,-0.299655,-0.678491,0.487997,0.850795,-0.984988,2.268896,-1.549650,-0.320002,-1.202839,-0.332596,-0.331887,-0.301336,0.693327,0
-1.379524,-1.793507,0.364176,0.262354,0.664831,-0.126983,0.074485,0.244365,0.034135,-0.296306,-0.001708,-0.816734,-0.687122,-0.078396,0.192134,0
-0.854834,0.044389,1.123325,0.697201,0.860199,1.000860,0.612950,0.107305,1.543600,-0.460229,-0.194996,0.084913,-0.138067,-1.107488,-0.322095,0
-0.027983,-0.932468,-0.031458,0.506700,-0.337581,-0.285532,-0.109966,-0.618821,-0.433611,0.389044,-0.081723,-0.143248,-0.071211,0.233080,-0.991871,0
-1.313696,-0.042531,1.339471,-0.858375,-0.035691,0.303021,-0.239592,0.237671,-0.502377,-0.386500,-0.710332,-1.159570,0.154943,0.723269,-0.162373,0
-1.136825,-0.121226,0.678498,-0.435593,0.224566,-0.090043,0.234263,0.043736,1.586749,0.850574,-0.510521,-0.541803,0.510923,0.141769,-1.005738,0
-0.779333,-0.125083,0.552869,-0.956082,0.098558,0.302943,-0.661091,1.465879,0.236651,0.776820,-0.003031,-0.536813,-0.352430,-0.780782,-1.312028,0
-1.760221,-0.093454,0.907593,-1.225592,0.524163,-0.656603,-0.446913,0.069422,-1.071393,-0.022617,1.011741,-0.449258,0.842989,0.684060,0.008017,0
-0.622041,-0.857011,0.711239,-0.198114,0.509315,1.647381,0.761861,-0.934505,2.317962,-0.784296,-0.519375,-0.647615,-0.588181,-0.612552,0.661383,0
-2.425770,-0.824757,-0.213543,-0.543580,0.971794,-0.707366,-0.245110,-0.493996,-0.666431,0.533960,0.408328,2.023714,-0.503407,-1.653079,-0.592269,0
-0.408847,0.494383,0.488320,-0.998173,0.187505,-0.338960,-0.412479,-0.378031,0.036652,1.013417,-0.168213,-0.187385,-0.364816,0.298431,0.674900,0
-1.242253,0.705075,0.034150,0.094922,-0.009755,-0.031877,0.562626,-0.468522,-0.478821,0.459289,-0.745553,0.203727,-0.303996,-0.999805,-2.222406,0
-0.115929,0.305263,0.852858,0.377651,-0.703236,-0.031420,-0.732451,0.748641,0.730186,-0.838459,-0.710439,-0.399992,1.722212,-1.333071,0.276691,0
-1.366105,-0.784877,1.299815,-0.563766,0.270119,-0.506775,0.075304,-0.523940,0.232898,-0.058450,0.548190,-0.984189,0.248032,0.779106,-0.440456,0
-1.439148,0.171807,-0.105105,1.016733,-0.314772,-0.999225,1.501494,0.282207,0.250570,0.363576,0.151410,0.305277,0.749341,-0.369629,0.398504,0
-0.999683,1.557522,0.481805,0.152498,0.007279,-0.303844,0.602557,-1.179348,0.323653,0.231544,1.126306,-1.160568,0.170063,-0.421599,0.947885,0
0.107319,0.124729,0.106218,-0.001391,1.027323,0.581375,1.113243,-0.072231,0.030342,0.340918,0.594357,1.076020,0.917880,0.602781,-1.981880,0
-2.212028,0.370871,0.425451,0.328015,-1.773729,-0.469287,0.132041,-0.729020,-1.957195,-0.421839,0.325644,0.726532,-0.819191,-0.229062,1.854118,0
-0.613245,-0.611630,-0.440645,1.131232,-0.360108,-0.662313,0.951228,0.846160,1.663449,-0.283038,0.474838,-0.150071,-0.665692,-0.399612,-0.988976,0
-1.034828,0.462632,1.315239,0.843470,0.566807,0.251879,-0.060566,2.310386,0.628629,0.617632,-0.648065,-0.225060,-1.539354,0.435512,-0.122473,0
-2.279926,-0.142395,1.290462,0.523132,-0.147513,-0.327708,-0.299767,0.606270,1.249516,1.349081,0.790029,-1.237718,0.581191,-0.868077,-0.446352,0
-1.935317,-0.748446,-0.363556,-0.755503,0.840977,-0.043207,0.678741,-1.149865,-1.169597,0.659871,1.125533,0.878478,-0.666502,0.413172,-0.377619,0
-1.415472,-0.258274,0.507047,-0.573114,-0.411705,1.060650,-1.008368,-0.540720,-0.302955,-0.481817,0.486603,-0.285959,-1.042029,0.697562,0.579923,0
-1.011355,0.180632,-0.712555,0.264490,1.379365,-0.046515,1.243997,0.046439,0.955799,0.699434,-0.794540,-1.217329,-0.475988,0.953944,0.772975,0
-0.963278,0.347867,0.362402,-0.717488,0.115100,-1.524285,0.185740,-1.224729,1.749979,0.680444,0.040417,-0.761258,-0.547905,-0.591780,-1.198685,0
-1.197019,0.736496,0.194683,-0.841152,-0.240549,-0.715111,-1.178992,-1.740920,0.600787,-0.852038,-1.044998,0.548657,-1.360298,-1.196257,0.382486,0
0.262834,0.691682,-0.427315,0.185862,0.263021,-0.347094,1.421315,-0.930929,-0.160003,1.196239,-0.596535,0.626067,-0.822116,0.076142,-0.963856,0
-0.397940,-0.358393,0.485410,-0.085419,-0.137763,0.861860,0.253041,-0.616827,0.062706,-1.614158,-1.022905,0.051374,-0.851184,-0.443512,-0.869090,0
-0.872839,0.686548,0.724186,1.050632,-0.785064,0.639921,0.109526,0.868060,-0.675695,-0.324452,-0.320131,-1.682747,-0.360720,-1.896743,0.932683,0
-1.080970,0.879403,-0.963854,0.487510,-0.471241,1.666351,-0.474426,0.347258,-0.181389,-0.698042,0.017206,-0.681464,-0.862281,-0.655120,0.633061,0
-0.805910,-0.650024,-0.200918,-0.131514,0.347650,0.569103,0.595087,0.055327,-0.550371,1.160860,-0.199157,-1.124617,0.275451,-0.085993,-0.264578,0
-1.920574,0.255627,0.197311,0.987442,-0.650130,0.448853,-0.442228,-0.482363,1.066932,-0.954780,1.003104,1.936820,-0.004221,0.261258,-0.014896,0
-0.409508,0.892621,-0.042145,1.794260,-0.792895,-0.803531,0.753049,0.107525,-0.881088,-0.336300,0.222034,0.853146,0.686695,0.088160,0.067853,0
0.503364,-0.192006,0.070310,0.204748,-0.168823,0.237403,-0.251254,0.370501,0.415291,0.771448,-0.544462,0.138578,-1.366653,0.777527,0.522481,0
-0.627699,0.822625,1.579749,0.195030,-0.724693,0.252094,0.430703,-0.118870,-0.292158,1.130202,-0.080339,0.708856,0.664614,0.015597,0.520222,0
-0.023444,0.761952,-0.301346,1.365951,0.741229,0.363186,-1.410760,1.438594,-0.260073,0.842015,2.010383,0.388442,-0.985713,-0.051237,-0.359613,0
-1.232506,-0.819772,-0.750322,0.434165,0.426580,-0.636656,1.276610,0.040275,1.055922,1.574010,0.580377,0.792421,-0.227114,0.419249,0.908951,0
-3.029095,0.634741,0.731884,0.808095,0.791882,-0.118739,-0.612251,-1.199944,0.745118,-0.107808,-0.904586,-1.171758,-0.582193,0.903718,-0.823643,0
-1.527903,1.264720,-0.600786,0.048675,-0.733956,1.117702,-0.357157,-0.057720,0.184319,-2.056893,-0.109900,-0.726491,-0.609625,-0.100026,0.960033,0
-1.410413,0.241848,0.115450,-0.218041,-0.456759,0.543741,0.807534,-0.249220,-0.467975,-0.398922,0.228722,0.447943,0.108415,-0.517929,0.130059,0
-2.035240,0.161223,-0.473080,-0.881160,-0.987177,0.879789,-0.414160,-0.208283,-0.638750,-1.974671,-0.250803,-0.205073,-0.263899,0.196640,0.213828,0
-0.768977,0.648147,0.303761,0.220591,-0.255649,-1.430812,-0.045639,-0.422571,0.295560,1.082509,-1.642821,-1.114143,1.037840,-0.931187,-0.588947,0
-1.376659,0.002627,0.146531,-0.477961,0.451898,-0.875091,-0.009444,0.226450,-0.596412,0.525994,1.180762,0.745644,-0.254324,-0.225345,-0.125207,0
-0.219793,-0.065593,-0.147051,0.468712,-0.570200,-0.757945,0.536391,0.308000,0.619377,0.216272,-0.796375,-1.205201,-0.192432,-1.083921,2.065478,0
-0.240304,0.206121,0.957586,-0.634174,-1.224278,0.365961,-0.808110,1.221765,-0.451210,-0.494551,-0.226142,-0.283625,-0.274478,0.152822,1.731749,0
-0.821637,0.734121,-0.341208,-0.633567,0.560915,1.206655,-0.011429,0.136768,1.059522,0.451036,0.113952,-0.208352,0.544361,-0.677284,-0.511560,0
-0.755463,0.704858,-0.333275,1.389056,-0.325977,0.112135,-0.166629,0.386142,0.630777,0.090179,-0.573791,-0.009017,-0.441866,0.920761,1.294892,0
-0.810406,-0.526743,-0.606986,0.972154,-0.260642,-0.291555,0.426123,-0.388278,-0.078527,1.355464,0.035908,1.252035,0.634625,0.383009,0.037844,0
-0.599378,-1.016855,-0.555846,0.421505,0.227614,0.962999,-0.727984,0.049055,0.280564,-0.868627,-1.096974,-0.040539,1.166782,-0.899026,0.285964,0
-1.414577,-0.004023,0.255015,-0.297451,0.312169,0.135367,0.185064,-0.121120,-0.006804,-0.127687,-0.655675,0.620031,-0.548541,0.851954,1.244423,0
-2.379237,-0.372918,-0.037507,1.134542,0.176489,-0.669726,0.232098,-0.324435,0.530121,1.311184,1.245313,-0.603038,-1.102336,0.463591,-0.112354,0
-1.830485,0.765864,0.364050,0.612454,0.818884,-0.226784,0.449289,0.532982,0.591738,-1.187088,-0.125385,0.245516,0.763818,-1.205004,0.733198,0
-1.427607,-0.454995,-0.554844,-0.623858,-1.431052,-0.375046,-1.075639,1.094522,0.694853,-1.511674,0.882761,0.474194,0.657888,-1.579599,0.392598,0
-1.163136,-1.062886,-0.782620,0.168596,-0.099905,0.469307,0.428142,-0.707043,0.210769,0.074748,-0.569433,1.464175,-1.021886,0.441308,0.551383,0
-2.196168,0.134739,0.012467,-0.258907,0.952156,0.264309,-1.095795,0.316522,-0.542573,0.023805,-0.146305,-0.722494,0.982456,-0.067488,1.082878,0
-1.616343,0.145221,-0.688119,-0.794533,0.681038,-1.117442,-0.950614,-0.404935,0.487199,-0.654999,-0.594089,0.618060,0.036385,-0.073706,1.031279,0
-1.813180,-0.797325,0.482201,-0.623857,-0.645718,0.766109,-0.575552,0.367305,0.779275,-0.558880,-0.101805,1.667965,0.956172,0.357668,-0.163472,0
-1.837391,-0.599073,-0.793491,1.055391,-0.231739,1.030591,-0.504543,0.446070,-0.049237,-0.206562,0.219077,-1.474774,1.173747,-0.125119,0.173007,0
1.701494,-0.021255,-0.298284,-0.393331,0.070359,1.014008,-0.686097,0.597656,-0.781487,-0.971812,0.572810,0.933031,-0.441769,-1.045180,-0.013499,0
-0.250479,0.752903,2.598434,-0.039180,0.491947,1.198228,-0.387988,0.330254,-0.721463,0.488062,0.075348,-0.977309,-0.564117,-1.065377,-1.030018,0
-1.318706,0.733906,0.916096,-0.363083,0.277431,-1.894443,0.254219,0.923270,0.496226,-0.816714,0.333150,0.843470,0.294836,0.187568,0.511055,0
-0.954329,0.237076,-0.244952,-2.020856,0.314681,-1.263467,-1.073800,1.364650,0.143789,0.149137,-0.000333,-1.355412,-0.141949,-0.208161,-1.107933,0
-0.687595,-1.075996,-0.610399,0.660376,-0.951616,0.900913,-0.600405,0.146593,0.332486,-0.512933,0.298508,0.249293,0.249260,-0.002041,0.054112,0
-1.587742,-0.665402,-0.833428,1.094486,0.569793,0.468858,-0.366535,-0.723664,0.293090,0.271989,0.699749,-0.609369,-0.708682,-1.299156,-0.549332,0
-0.556593,-0.313169,0.616021,-0.743701,-0.542474,0.681641,0.142072,-0.311839,-0.197939,0.142743,0.658073,-0.032206,0.250934,-0.841610,1.042042,0
-1.727045,-0.249757,1.297718,-1.863207,0.743672,-0.076413,0.217574,-0.493308,-0.479962,-1.744272,0.048409,-0.050614,0.353416,0.335833,-0.115829,0
-1.062116,0.274352,0.750258,0.075559,0.167036,-0.530522,1.178036,0.122192,-0.417392,0.099922,-0.016338,0.504297,1.135306,0.383339,0.796687,0
-2.623467,0.405681,0.001451,-0.407323,0.358792,-0.021958,0.126292,-0.518310,-0.325196,1.561701,-0.933296,0.531742,0.172684,0.167041,0.226959,0
-0.893038,1.136725,-0.250226,-0.211629,0.366180,-0.532866,-0.057425,0.984911,-0.737547,0.460358,-0.341094,-1.172776,0.609642,-0.672176,0.316894,0
-0.683532,-1.144788,-1.000687,0.770367,0.531447,0.462350,-0.808161,0.496298,-1.080367,-0.269761,0.575333,0.216498,-0.399941,0.463272,0.952463,0
-2.333732,-0.490930,-0.264856,-0.050540,0.623073,-0.325303,-0.054216,-0.950769,-0.815250,0.373336,-0.775249,0.491628,-0.396771,-0.245001,-0.390004,0
0.211960,-0.369061,0.036187,0.135287,-1.480973,0.057208,1.387484,0.715633,0.376315,0.126795,0.643325,-0.152662,-2.295842,-1.317795,-0.673636,0
-1.633995,0.191157,0.458880,-0.165192,-1.238759,0.595144,-0.199793,1.374587,-0.536358,-1.147355,-1.007942,0.426820,-0.804108,-0.579518,1.319858,0
-2.808128,-0.821701,0.534894,0.387146,0.293391,-0.531935,-1.252112,0.404502,-0.439224,0.075224,-0.926025,0.315845,-1.477441,0.864756,-0.011483,0
-1.562466,0.333813,0.276425,1.059943,0.769789,1.731331,1.038371,-0.549440,-1.020430,0.395854,0.468966,0.706427,-1.193784,-0.297324,-1.758543,0
-2.405328,-0.496583,0.242963,0.082047,-0.099633,0.248367,-0.307356,0.125515,-0.063576,-0.047798,-0.406485,-1.301443,0.271225,-0.545135,-0.352398,0
-0.394813,-0.265866,0.175904,0.025133,0.285033,0.345070,-0.882234,-0.772163,0.984260,1.394709,0.331520,0.007113,-0.009373,0.371533,1.630451,0
-0.500049,1.105894,0.315395,1.231492,-0.023588,0.532239,-1.342528,-0.131562,2.322355,0.853188,0.131993,-0.032769,-1.208594,-0.848632,-0.648458,0
