1.962666,-0.116759,1.550202,1.068517,-0.046819,-0.392994,-0.300246,-0.531755,-2.549742,0.246990,-0.251869,-1.415313,0.021804,-0.015447,-0.974938,1
1.763567,0.047977,1.391563,-0.830410,0.562198,0.422948,0.016156,0.070609,0.223057,0.321472,0.056191,-0.236145,-0.576323,-0.695488,0.103035,1
1.656258,-0.137446,-0.262361,-0.814230,1.456171,-0.575551,-0.729719,-0.794714,0.917943,-0.394725,-0.863857,-0.275160,-0.773420,-0.626273,1.256902,1
0.581854,0.334607,0.627503,-0.765435,0.435914,0.391403,-0.106891,0.809438,-0.736800,-0.075845,0.547802,0.303130,-0.065223,0.364833,-0.939616,1
1.053825,-0.063301,-0.747425,-1.428312,1.191785,0.497283,0.039051,-0.422372,1.025194,0.431538,-0.334486,0.284639,-0.821974,-0.182500,0.549900,1
0.048434,-0.311490,-0.022868,0.467296,0.581497,0.357481,-1.182003,-0.267697,0.479736,0.294932,-0.259677,-1.061073,-1.123364,0.806090,-0.320042,1
-0.333035,-0.125026,0.806065,0.010546,-0.515225,0.753518,-0.145455,0.381137,0.130064,0.987475,1.082018,0.631822,0.206549,-0.526655,-0.266814,1
0.176629,-0.200261,-1.563744,-0.077212,-0.238597,-1.196656,0.985619,0.143558,0.123258,-1.485392,0.583115,1.211801,0.900190,-0.481652,-1.218549,1
1.203518,-1.173288,1.540286,-0.551029,1.010922,-0.129786,-0.686645,-0.176499,-0.149906,-1.788426,0.397141,-0.421858,0.496278,-0.064997,-0.645976,1
1.429908,-0.030818,0.707820,0.162597,-0.826515,-0.000023,0.352047,0.131935,-0.222428,0.386208,0.725394,0.736142,0.085327,0.289434,0.650476,1
0.670067,0.983251,0.198854,1.246122,0.956465,-0.365552,0.756901,-0.068954,-1.179613,-0.710674,-0.121400,0.425514,0.102378,-0.734757,0.379264,1
0.386757,-0.981681,-0.958763,0.232661,0.349051,-0.453654,-0.443770,-0.160656,-0.882542,-0.145748,0.287540,-0.981341,-0.385628,0.001971,-0.082177,1
1.045766,0.143596,-0.516988,-0.446096,-0.633275,0.598158,-0.907427,-0.270260,-0.973457,-0.827942,-0.109744,-0.305605,-0.294180,0.774240,-0.034639,1
1.911650,-0.311622,-0.984302,-0.703076,0.654548,0.771892,0.953961,0.562381,0.542437,1.063216,-0.131296,0.613520,-0.714876,1.349777,-0.981651,1
1.254866,-0.163434,-1.429780,1.042127,-0.092337,0.214878,1.321739,-1.736846,1.276226,-0.931369,0.067713,0.543893,0.461235,0.494861,-0.155641,1
0.595463,0.357832,0.814000,0.292839,0.711616,1.133312,0.216562,-0.353326,-0.506005,0.496018,-0.241538,1.063991,-0.178461,-0.890805,0.102184,1
0.688523,0.256304,-0.840613,-0.038489,-0.825112,-0.811903,-0.304112,0.812804,-0.542928,-0.358049,-0.724966,-1.266525,-0.540904,-0.487372,-0.065319,1
1.485449,-0.124425,-1.275270,-0.729818,-0.070183,-0.389274,-0.814018,-1.220281,-0.640638,-0.398838,-0.198908,-0.360708,0.053320,0.373624,-1.901378,1
-0.133637,-0.337758,-0.857339,-0.423491,0.176475,0.906472,0.308192,1.736625,1.287428,-0.761340,-0.199401,-0.324161,-1.131824,0.386779,-0.601707,1
1.432993,0.699692,-0.153345,-0.430619,-0.080920,-0.222972,-0.279633,0.393127,0.475985,-0.186059,-0.099761,0.744185,-1.030329,-0.162500,0.179374,1
1.396090,-0.769033,-0.269891,0.119826,0.623728,1.579511,-0.221269,0.270297,0.306344,-0.096686,0.025162,-1.879172,-0.084914,-0.123970,0.600446,1
1.431174,0.012188,0.173559,0.462376,0.420953,-0.094469,0.523573,-0.892710,-0.869634,1.206329,0.300858,-1.605495,-1.620024,-0.418638,-0.424293,1
0.067823,1.620202,0.806588,0.193908,1.769328,0.001484,-0.034588,0.277858,0.629566,0.775985,0.269067,0.405535,-1.054456,-0.488661,0.143306,1
1.149861,-0.678609,0.191335,0.234309,2.243052,0.279058,-0.126228,0.388347,-0.077543,0.250368,0.441670,0.579411,-0.766955,1.381459,-0.518386,1
0.520723,-0.189221,-0.530026,-0.188783,0.594513,0.143334,1.053800,-0.266572,-0.526651,0.349495,0.031292,-0.513283,-0.774603,-0.937317,-0.629034,1
1.446871,0.410532,0.800282,0.635806,0.406658,0.590233,-0.487062,1.250845,1.001687,1.054960,0.537349,0.348714,0.461326,0.598063,0.939856,1
1.214375,-0.719349,1.474277,0.193465,-0.233612,0.367695,0.498018,0.648767,-0.236747,-0.532608,0.186827,-0.309779,0.180602,0.859353,-0.599343,1
0.793683,0.080683,1.068009,-0.245558,0.361415,-0.281917,-0.892790,2.336407,-1.025455,-0.317298,0.291424,0.298474,-0.182975,0.416697,0.139284,1
2.357830,-0.699815,0.502085,-1.075330,1.222516,-0.333622,-0.349519,-0.153397,-0.022735,-1.068955,-0.080486,-0.014150,-1.175549,0.487395,-0.194937,1
0.709730,0.224494,-0.280178,1.193568,-0.558588,0.045554,1.700665,-1.278972,-0.000798,1.365707,-0.543057,-1.114896,-1.197287,0.721566,-0.434399,1
0.589902,-0.456463,-0.539167,-0.491628,-1.307767,-0.979074,0.240291,0.480107,0.441459,-1.312370,0.309733,-0.538814,0.080168,1.455958,0.245296,1
0.447800,0.395949,0.423564,0.130861,-1.530210,1.591323,-0.819903,-0.802380,-0.439434,-0.232875,-0.803509,-0.168996,-0.125551,-0.058588,0.848032,1
-0.048570,0.664019,-0.625370,0.264984,-0.132472,-0.506961,0.036454,-0.760939,-0.650949,-0.242682,0.983910,0.065348,0.629345,0.421700,0.704939,1
1.681135,0.717177,-0.884482,0.278780,-0.979050,1.049755,1.187225,-1.424585,0.396875,1.421588,-0.019314,0.151432,0.349392,0.259749,0.658000,1
0.144129,2.162666,0.663352,-1.784883,0.059682,0.541297,-0.200265,0.245812,-0.784696,-0.145188,-0.305935,-0.908309,0.401024,-0.996530,-1.372089,1
0.134224,-0.424154,-1.283280,0.856675,0.072137,0.358015,-0.195044,0.607280,0.937473,0.106980,-0.008282,-0.761786,0.333082,-0.535981,-0.279049,1
0.989788,-0.470246,1.414639,-0.300400,0.070261,-0.275477,-0.144982,-0.717886,-0.132103,-0.864359,-0.047585,0.002998,0.570049,-0.081828,-0.477569,1
0.685965,0.849846,0.628856,0.631467,0.912244,0.112015,-1.184934,-0.734856,0.836905,0.682710,0.377003,0.026996,-0.701517,0.738655,-0.227145,1
2.131239,0.035165,-0.895275,0.378541,-1.734467,-0.088216,-0.213687,-1.531081,-0.594583,-0.923574,-0.190192,0.584998,0.290720,-0.234686,0.116293,1
-0.055669,-0.525125,0.241957,1.040059,0.112229,-0.578303,-0.701744,-0.552258,1.147837,0.837677,-0.072211,-0.085646,0.125133,-0.076127,0.155157,1
-0.099726,0.404003,0.029738,-0.623960,0.629595,0.593641,-0.091725,0.344970,-0.671012,-0.670121,-0.397770,-0.741040,0.710329,0.013229,-1.098042,1
0.069979,-0.868181,0.879381,0.584098,0.965719,-1.656530,0.133101,0.383024,-0.189293,-0.528032,-0.690593,0.227521,-0.115752,0.426991,-0.594192,1
2.207541,0.178407,-0.519862,-1.361596,0.196306,0.046488,0.158612,0.197602,0.963231,-0.348795,0.194693,0.421085,0.214095,-1.634739,-0.341797,1
1.911023,0.440935,0.558573,0.079057,0.158272,-1.229840,-0.587897,-0.076916,-0.352327,0.969264,-0.233949,1.033213,0.492538,0.274668,-1.055770,1
0.577507,0.536993,0.753554,0.333454,1.189811,-1.438064,0.464718,-0.034715,-0.595659,-1.725529,0.399773,0.351330,0.367406,-0.388331,0.314080,1
1.608153,0.949616,-1.058200,-0.125089,-0.695882,-0.962802,0.450663,-0.138273,0.134891,-0.842855,-1.576302,2.057544,0.837155,-0.471993,1.033953,1
0.794328,-0.187355,-0.476749,-0.912217,-0.121078,-0.834192,-0.607054,1.686293,0.558234,0.191162,0.571490,0.218204,-0.500565,-1.123060,-0.091925,1
-0.387470,-0.095339,1.117204,-0.807773,0.205118,1.300882,-0.926049,-0.865359,0.529055,-0.841825,0.398368,-0.846349,0.087151,0.562938,0.848198,1
0.339958,-0.498976,-0.786290,-0.453216,0.929091,1.740972,-1.524491,0.107503,0.379259,-0.102656,-0.063070,0.861416,-0.437664,0.969361,1.363047,1
1.758141,1.164259,1.882246,-1.553758,0.043921,-0.737019,0.947705,0.474537,0.580422,-0.186206,-1.025690,0.588368,-1.339908,-0.700938,0.097112,1
2.243347,-0.812478,0.417033,0.704619,0.290843,0.611912,-0.835684,-0.141258,-0.589273,0.059250,-0.353684,0.513696,0.870486,-0.105394,0.712920,1
0.150161,-1.288591,0.326645,0.526410,1.424224,-0.808032,-0.773099,0.387025,-0.058342,-1.002625,0.835372,-0.718772,0.320701,0.764572,-0.775746,1
1.296393,1.047709,-0.342653,-0.127269,-0.285114,-1.217618,1.241360,0.738328,0.683421,-0.238654,0.353985,-0.621774,-0.184265,-0.291325,-1.484703,1
0.126531,0.862074,1.015963,0.351767,0.444338,-0.817691,-0.607959,0.133753,-0.776393,-0.806946,-0.380951,-0.806451,0.345789,-1.019815,-0.919013,1
0.841058,0.169724,-0.679132,0.195185,-1.199017,-0.782609,-0.665821,0.814810,-0.193916,0.666436,1.904092,-0.548309,1.023950,0.685790,0.816874,1
1.239375,-0.485158,0.064519,-0.804660,0.249251,-0.096191,-0.217451,-0.419633,0.256642,-0.079291,0.425349,-0.702846,-0.815140,0.671248,-0.415865,1
0.805085,0.240606,-0.091041,-0.494344,-0.025841,0.397416,-0.802709,-0.155400,-0.218834,1.587368,0.542481,0.138429,0.096182,-0.435471,0.088505,1
1.268198,-0.717271,0.381724,0.140578,0.563016,0.849680,0.371012,0.439280,-0.611381,1.092546,-0.332466,-0.161063,0.061638,-0.838687,-0.421196,1
0.017138,1.683513,1.122710,-1.786220,-0.215058,0.808893,0.661723,-0.452502,-1.098509,-0.164411,-1.256657,0.169531,-0.176883,0.726946,0.267620,1
2.434178,-1.053037,-0.007376,0.108889,-0.672398,0.171742,0.148650,-0.161961,-0.706747,0.415722,-0.182473,-0.540897,-0.687904,-0.350205,0.593911,1
0.493879,-0.169072,0.134469,0.850084,-1.250690,-0.713993,-1.014587,0.822014,-0.853557,-1.073782,0.014865,0.403834,0.124742,0.607433,0.140368,1
0.372876,-0.868941,-0.979630,-0.530849,0.746629,1.012123,-0.865755,-0.296036,0.552509,-0.047501,-1.091333,1.201155,-0.096023,0.735479,0.942549,1
1.269165,0.874868,-0.612572,-0.187671,-0.336338,0.803001,-1.406973,0.466282,-1.117610,0.431569,0.839421,-0.056246,0.505144,-0.971207,0.321420,1
0.839938,-0.797292,0.035273,1.580035,0.030019,-0.784571,0.131102,-0.521406,0.441111,-0.219686,-0.058637,0.303304,-0.878590,0.916265,-1.061208,1
-0.954651,-0.545311,1.515229,0.599177,-0.462606,-0.947645,1.079513,-0.095337,-1.259732,0.428294,0.253272,-0.015696,-0.482282,0.289626,0.165862,1
2.028945,-0.548394,-1.166912,0.523055,-0.032099,-0.947774,-0.707880,0.832701,0.322216,-0.124172,-0.716054,1.337632,-1.476857,0.326169,-1.114323,1
1.725355,1.965963,1.248684,0.905714,-0.827595,1.191175,1.613259,0.166252,-0.156146,0.870166,-0.787954,-0.731072,-0.539449,-0.611874,-0.329868,1
1.941367,-0.589724,-0.913230,0.579269,1.213501,-0.418896,0.617756,-1.172817,0.282594,-0.829967,0.213245,0.374503,-0.708834,-0.393361,0.071468,1
-0.551756,0.203641,-1.727341,0.228412,-0.184008,-0.381898,0.521297,0.209541,-0.421792,-0.678090,0.264225,0.290584,-0.739161,-0.683479,0.998702,1
-0.118221,-1.176019,0.434472,-1.041274,-0.145786,-0.016087,-0.566231,-0.218187,-0.813529,0.039361,-0.520444,0.892731,0.356260,-0.343386,-1.236814,1
0.380369,-0.813833,-0.976682,0.066700,-0.128074,-1.068262,-0.311404,-0.678526,1.241535,0.817950,-1.176033,-0.589685,-0.226150,0.356563,-0.640131,1
1.026325,0.635893,-0.217478,-0.214291,0.336164,-0.282856,0.312974,-1.245136,-0.619654,0.005399,-0.892625,0.495004,-0.010811,-0.325468,-0.925560,1
1.625366,0.410056,0.790558,0.193439,1.277287,-0.736376,-0.600104,-1.711708,0.535942,-0.985825,0.141015,-0.135475,0.099140,-0.077462,-1.003584,1
1.623716,-0.139164,-0.889545,-0.715654,0.070863,-0.277102,-0.421258,1.146008,-0.487180,0.977913,0.418742,-0.797779,1.066111,0.857328,-0.439693,1
1.102670,-0.045175,1.284381,0.267016,1.226012,0.849396,-0.230720,-1.302136,1.335829,0.128685,-0.927901,-0.085162,-0.505564,0.785676,0.546988,1
1.879563,-0.621676,-0.424524,0.806601,1.052880,-0.065792,0.235677,-1.509476,-0.922478,-0.614891,0.699933,-1.554832,-0.854687,-1.421007,-0.491011,1
0.909797,-0.281331,-0.553156,-0.175263,-1.520088,-0.233065,0.437914,0.610536,0.691972,1.007044,0.629156,0.678252,-1.143575,0.140258,0.898366,1
1.199864,1.639097,-0.349942,-0.495910,1.019660,-1.230326,0.641631,-0.010981,0.203794,0.459731,-0.499236,0.236851,0.718839,-1.446267,0.250521,1
0.254656,-0.897272,1.532176,1.301892,0.844913,-1.367930,1.566590,-0.110890,-0.856797,0.695780,0.359841,-1.004979,-0.071123,-0.006914,-0.612669,1
0.000506,-0.305268,0.296797,-0.039181,-0.403194,-0.128530,-0.073431,-0.571097,-0.694931,-0.124490,0.504795,-0.628244,-0.465186,-0.934007,-0.324457,1
1.069433,-1.518962,0.094852,1.944114,-0.922023,-0.611261,-0.213318,-0.381760,0.268139,0.230105,-0.404657,-1.833095,0.165470,-0.163357,0.715124,1
0.213082,-0.383301,-0.556575,1.577359,0.256792,0.486318,-0.940250,1.171902,0.109289,0.099228,-0.286351,-0.443928,-0.899757,-0.154294,-1.408346,1
0.267627,-1.077983,0.309271,-0.987988,0.302018,1.019454,-0.092245,-0.879128,0.175611,0.977980,-1.519703,-0.198931,-1.105756,0.843026,-0.196400,1
0.583611,1.032290,0.321084,-0.759116,1.240372,0.343111,-0.397736,0.881196,-0.097301,0.590950,0.880089,-0.162028,0.459361,1.379177,0.562201,1
0.509602,0.876304,-0.641485,0.432072,0.588052,-0.015021,0.368602,-1.228469,0.648421,-1.659599,0.794480,0.339398,0.034043,-1.099820,0.896563,1
1.436154,-0.422066,0.365209,0.580613,-1.084122,-0.403422,0.005917,-0.662039,0.356745,-0.671844,0.240288,-0.248062,0.573013,0.453758,-1.176779,1
1.688082,0.345719,-0.241205,0.600481,0.832609,-0.807254,0.142872,-1.834050,-0.594392,1.000304,-0.350777,-0.469163,0.311585,-0.744509,-0.775486,1
-0.312374,-1.061771,-0.130314,0.930165,0.090746,-1.351759,0.152572,1.007887,-0.990187,1.050741,0.735205,-0.321885,0.399936,0.381634,0.382180,1
0.829051,0.850701,-0.399279,0.652056,1.116176,2.030435,0.647557,-2.016734,-0.619232,-0.859033,0.005445,-1.409526,0.673424,0.292671,-1.033451,1
0.363430,0.823330,-0.852136,0.122876,1.292969,0.056922,-1.086852,0.324891,0.399407,-0.063299,0.184765,1.341355,1.376660,-0.558144,0.126003,1
1.346160,0.176862,-0.211866,0.207270,1.062259,0.141938,0.095078,-0.778609,-0.290346,0.648396,1.474823,-1.187918,-0.894170,-0.317229,0.213263,1
0.259277,0.661182,0.437716,0.376062,0.222568,0.233123,0.349117,0.559084,-0.394808,0.392891,-1.400148,0.960907,-0.072762,-0.532423,1.026447,1
0.697041,0.278512,-0.610018,-0.598183,0.707258,-0.057882,-1.334390,-0.658661,-0.164855,0.053758,0.520059,-0.285869,-0.489058,-0.790826,0.415572,1
0.545813,1.121866,-0.213360,-0.730937,-0.382358,1.129443,-0.472278,-1.125066,1.531143,-0.335167,0.942830,0.596706,-0.053735,0.841321,-0.566718,1
0.968259,0.310441,0.327000,0.781790,1.650716,-0.812699,-1.453455,-0.441044,-0.600346,-0.651896,-0.105137,-0.857093,-0.754219,0.498578,-0.867905,1
1.056698,-0.906322,-1.000732,0.872668,0.325109,0.358077,0.755311,-0.086978,-0.381902,-0.562603,0.911224,-0.603232,1.446877,0.069581,-0.352764,1
0.848868,-0.057662,0.494163,0.322767,-0.029279,-0.395169,0.345809,0.709024,-0.742172,0.112567,-1.468341,-0.389599,0.642508,0.234817,0.508887,1
1.975537,0.423332,-0.112728,0.170872,-0.155005,-0.521551,-1.103973,0.091594,0.153833,-0.303044,0.184577,0.176702,0.048366,0.551995,-0.579117,1
1.666715,-0.027680,-0.402147,-0.181460,0.341121,0.943759,0.549611,-1.691535,-0.524808,0.174846,0.436735,-0.110375,-0.540592,-0.789149,0.645996,1
1.200185,0.039838,0.433212,0.393214,-0.015351,-0.406349,-0.396112,0.521293,-0.900647,-0.394739,-0.036836,-0.726545,0.497128,-0.854246,-0.410381,1
0.321944,0.357374,0.629428,1.385137,0.217885,0.139270,-0.359240,1.005597,-0.028684,-0.005806,-0.877251,0.130556,0.750061,0.033106,0.326792,1
0.955443,-0.281240,-0.783794,0.510538,1.035786,1.805546,-0.312377,0.856894,0.797669,-0.472362,0.469115,-1.417297,-0.769875,-1.100107,-0.725235,1
0.889644,-1.420644,-0.666870,-0.395334,1.161001,0.171139,-0.225866,0.403779,-0.195130,0.108050,1.098391,-0.109439,-1.194277,1.239487,-0.025594,1
0.554513,0.665001,0.483566,-0.401394,0.867942,0.357243,0.395135,-0.415971,-0.010648,0.098088,0.046660,-1.456753,-1.000807,0.465167,-1.110777,1
0.438985,-0.660423,0.546549,-0.198347,-0.261841,0.251273,-0.723855,0.182800,-0.698576,0.610716,2.528016,-0.228701,-0.386990,0.307281,-0.947608,1
1.902476,0.132771,1.325608,-0.216486,1.336003,0.807785,0.260700,-0.030499,1.335456,-0.458577,0.166981,0.136428,0.051577,0.086280,0.947095,1
1.231221,0.382719,0.248441,0.805454,-0.584226,-0.132527,0.091646,-0.336228,0.160953,0.310685,-0.091891,-0.600377,-0.360491,-0.472341,-0.279824,1
0.921884,0.602156,-0.387037,0.612903,0.002954,0.925714,-1.252508,-0.339217,0.702325,1.090766,0.003335,0.727260,-1.005420,0.084819,-0.591063,1
2.486406,-0.071290,0.327738,0.776790,-1.081105,-0.715791,0.459316,0.239398,-0.128282,0.753769,-0.790212,0.862770,0.441952,-0.359927,-0.184910,1
-0.488166,-0.332702,0.602725,0.463420,0.087155,-0.946084,-0.735296,0.164069,-1.578028,-0.868353,-1.106301,-0.195816,-0.702254,0.771018,-1.156827,1
0.569726,-0.120681,0.322566,-0.506357,0.541378,0.906927,-0.783261,-1.191012,1.159230,1.432310,0.296104,0.451645,-0.152489,-0.762992,0.363892,1
1.190683,-0.862323,0.319114,-0.221418,0.840997,0.087752,0.194343,0.171063,0.475408,0.612236,1.142239,0.582245,-1.140929,1.188861,0.996019,1
0.997855,-1.016545,-0.572879,-0.057215,1.064054,0.438410,-0.114108,-0.743046,-0.596913,0.400823,-0.277910,0.055506,0.558585,0.146211,-0.224734,1
1.711287,-0.276334,-0.817744,0.100210,-0.893796,1.643679,-0.222693,-0.484754,1.299776,-0.139668,-0.507100,-1.055286,0.625269,-0.719553,-0.758456,1
1.188346,-0.629608,-0.430025,-0.348725,-0.718008,0.631084,-0.093185,1.313539,0.570560,-0.485890,0.920089,0.810552,0.048946,0.955738,0.203108,1
1.805715,0.246389,0.166939,-0.224860,-0.572759,0.353128,-1.401823,0.248631,0.416834,-0.430837,0.995927,-1.210481,-0.943015,1.026033,0.024619,1
-0.558906,0.019165,-0.115242,-0.087264,-0.486598,-0.562107,-0.371142,-0.151382,0.283282,1.065949,-0.044920,-0.272725,-0.499416,0.043375,-0.615904,1
2.237481,0.071630,1.310405,0.222707,-0.441146,-0.695134,0.362059,0.929256,-1.714207,0.668413,-0.091191,1.214964,0.338118,-0.463734,-0.832142,1
0.797503,-0.520496,-0.777653,-1.501905,1.367916,-0.230508,-0.068855,-0.095639,0.588664,0.223473,-0.478276,-1.597646,1.864444,-0.488150,-0.631544,1
0.821585,-0.183274,0.958342,-0.826442,-0.270829,0.076894,0.675408,-0.512122,-0.829187,-0.939964,0.411086,0.015766,0.258118,0.076647,-0.683992,1
0.699417,-0.433747,-0.084841,-0.089895,0.969236,-0.464042,-0.043078,1.103580,-0.255641,-0.293408,0.399367,1.451443,0.634692,0.783798,1.309659,1
1.161956,-0.261286,-0.001914,0.837057,-0.541216,0.052422,-0.286138,0.923288,0.908114,-0.299290,1.360226,-0.282655,0.315404,1.292702,-0.019928,1
1.507265,-0.755920,0.214660,0.091018,-1.375756,1.052591,0.929013,0.651983,-0.578977,0.225572,0.612236,-0.274007,-0.795756,-0.373088,-0.852248,1
1.204868,1.333184,0.020885,-1.111303,0.061882,-0.381727,-1.699138,0.523777,0.253779,0.764296,0.539007,-0.959915,0.784102,-0.740832,-0.278264,1
1.250290,-0.064379,0.385103,-0.401325,0.009924,0.339256,-0.624008,-0.146412,0.610077,0.356111,1.139962,-0.515299,-1.041088,-0.438444,-1.399523,1
-0.763401,-0.790843,0.710627,0.354284,0.460160,1.861259,-0.098165,0.256956,-1.178837,-0.654423,0.072474,0.555535,-0.779750,-0.147197,-0.604420,0
-1.219652,0.396365,0.629539,-0.213573,-0.018714,-1.163295,0.183104,1.124624,-1.200283,0.689006,-0.430227,-0.020862,-0.487326,0.501970,-0.832687,0
-0.026357,0.157644,-0.318640,-1.607702,-0.344216,-0.725826,0.012554,0.667984,1.261456,1.111988,-0.440084,-0.524749,-0.107027,-0.232073,0.867295,0
-0.189249,2.524411,0.993686,-0.643244,-0.334330,0.858596,-0.023801,1.058460,-1.674242,-0.627018,0.660899,0.228925,-0.192207,-0.161061,0.168999,0
-0.997962,0.734174,-0.210857,0.669291,0.123023,1.829904,-0.576196,0.567800,-0.112523,-0.534794,-0.622722,-0.071301,-0.238710,0.341460,0.266747,0
0.428664,0.035593,0.495939,0.633487,-0.009388,0.672219,-0.050429,-0.108493,-0.362347,-0.958543,-1.384238,-0.290597,-0.587471,0.049564,-1.024383,0
-0.624660,0.077311,-0.265214,0.229087,-0.316698,-1.091099,0.634547,-0.168177,0.973256,-1.432659,0.332903,0.290271,-0.628977,-0.256510,-0.505515,0
-0.757676,-0.140582,-0.416010,0.707856,1.912646,0.224816,-0.453737,-0.599459,-0.989586,0.361992,-0.545945,-0.403339,-0.200309,0.209395,-0.348692,0
-0.665835,-1.596379,-0.268724,0.043696,-0.019982,-1.618635,0.377051,-0.797877,0.224631,1.572712,0.404828,-0.758598,-0.581620,0.574893,0.115021,0
-1.501294,-0.206747,0.610383,-1.139363,-0.376024,-0.099411,-0.443103,1.214103,0.216387,-0.252881,0.744492,-1.046099,-0.514044,0.135687,-1.067839,0
-1.058164,-0.515809,-0.094058,-0.254507,0.783926,-0.098723,-0.448464,-0.504958,0.877881,0.784760,-1.686395,0.409507,1.371950,0.206840,0.535847,0
-0.244359,0.591167,0.105970,1.198901,0.466314,0.423542,0.131059,-0.290951,-0.469722,-0.202945,-1.234879,0.370049,0.580498,0.711729,2.147484,0
-1.095995,-0.600864,-0.528567,-0.534263,-0.776149,0.687459,0.063010,-0.403258,0.581593,-1.128992,-0.369437,-0.462272,-0.342214,-0.046313,-0.809560,0
-1.799942,-0.567029,2.293441,0.158536,-0.681931,-0.581037,-0.643280,-0.384034,0.313877,-0.035610,0.113857,-0.158587,0.727713,0.190941,1.045506,0
-0.500452,-0.862470,-0.052128,0.007931,1.876146,-0.414457,0.674103,-0.892968,-0.681520,0.766372,0.457036,0.217605,0.655649,-1.190037,0.758526,0
-0.905198,0.297155,0.133216,-0.731500,2.064963,0.515705,-0.787628,-0.332667,1.265357,0.661107,-0.846746,-1.017306,-0.359626,0.002820,0.125197,0
-0.134798,-1.306989,-1.653502,0.467056,-0.327898,0.421824,0.085706,0.069988,0.223011,0.210985,-0.131293,-0.083744,0.257599,0.153842,-1.090653,0
-1.086314,0.698705,-0.039580,0.972569,0.800042,-0.413821,-0.171461,0.795822,1.057416,-0.185563,-1.216332,0.973093,1.852236,0.604250,-0.402431,0
0.273222,-0.077359,-0.168759,0.360724,-1.322397,-0.245966,-0.499737,0.189085,0.362229,-0.814782,-0.263340,0.575062,1.831329,0.970211,0.097546,0
-1.754871,0.238704,-0.279312,1.643228,0.981835,0.542182,-0.084685,0.266923,-0.723373,0.033582,0.642954,0.808387,1.927761,0.078514,1.595183,0
-1.248991,1.433102,0.167099,-1.520291,0.950385,-0.200866,1.709754,-1.243320,1.540885,0.237905,-1.081503,0.297100,0.074712,0.128383,0.063021,0
-1.006054,0.523149,-0.379038,-0.225547,0.152312,-0.692398,1.143295,0.010227,1.391685,0.064173,0.132207,0.615097,0.136010,0.001809,0.315296,0
-0.418593,-0.558169,1.078508,-0.237352,0.414595,-0.765832,-0.658859,-0.994643,0.865404,-0.309488,0.240317,-0.812575,-0.199004,-1.162702,0.161807,0
-1.661386,0.181099,0.136950,-0.493935,0.163582,-0.226576,1.885955,-0.096017,-0.918185,0.834206,-0.487591,-1.391700,-0.487918,-0.393829,-0.604757,0
1.031446,0.906935,-0.891332,0.224447,-0.936546,0.332923,0.268408,0.183462,-1.424318,-0.873593,-0.031238,0.060206,-0.006119,0.063565,-0.661380,0
-2.486958,0.440366,0.729454,1.033776,0.739884,0.457034,0.620666,-0.405527,-0.497500,0.228891,0.855311,-1.312964,-0.562944,0.401223,-0.813898,0
-0.900649,0.191222,-0.659527,1.614331,0.496973,0.263056,-0.071285,0.763588,-0.630804,1.197641,-0.817106,-0.727791,-0.773115,-0.374886,1.157228,0
-2.018284,-0.275869,1.037592,-0.743026,-0.130439,0.110287,0.274040,-0.061682,-0.416806,-0.572899,1.196887,-0.338243,-0.072216,0.391418,-0.500731,0
-0.685388,-0.561522,-0.360450,2.785621,1.982790,-0.256661,0.904766,0.718914,-0.871936,0.672861,0.857470,-0.740717,-0.736326,0.345531,0.409545,0
-1.089653,0.168983,-0.494290,-0.600118,0.012877,-0.431488,0.238448,0.138775,-0.054374,-1.972546,0.841330,-0.383322,-0.349606,-0.501855,0.285747,0
0.466626,1.086107,-0.558613,-0.170376,0.534286,0.199420,1.145339,0.304666,0.199305,-0.169892,-1.161201,-0.319928,-0.580627,0.319085,0.378700,0
-0.655016,0.510917,0.941121,-0.050034,0.018471,1.093490,0.306491,-0.182414,-0.150965,-0.704683,-1.687334,-1.387543,0.057186,-1.187523,0.704962,0
-1.200385,0.965189,0.845109,0.229675,0.404037,-0.117631,-1.085524,0.256073,-0.284304,0.151208,0.233928,-1.212339,0.186059,0.942888,-0.885418,0
-1.319594,0.092743,-0.423272,0.765639,-0.015278,-0.432255,0.413707,0.490862,1.590538,0.095521,1.634896,-0.496447,-0.551401,0.166695,-1.176311,0
-0.539758,-0.675046,-1.332560,-0.050253,-0.441141,-0.887099,0.859202,-0.629991,-0.668079,0.384590,0.085785,0.158540,-0.360087,-1.034661,0.807652,0
-1.750278,-0.039886,0.803442,0.393784,-0.879408,-0.511310,-0.460727,-0.531061,0.133432,-0.107020,-0.162249,-0.671322,-0.185986,0.401866,-1.113232,0
-0.521070,-0.495126,0.747559,0.858225,1.316121,-0.650485,-1.407377,-0.133322,-0.253039,-0.106030,-0.185764,1.382636,-0.621985,-0.283114,-1.267416,0
-0.679855,-0.351591,-0.190620,0.846591,-0.317351,-0.476657,-0.986268,-0.225155,0.116564,0.108024,-1.023471,0.722862,-1.141685,-0.336337,-0.120178,0
-0.703175,0.202485,0.203049,0.018951,0.844709,0.048199,0.411654,-1.725445,-0.498060,-1.671717,1.091821,-0.236409,-1.509707,-1.609307,0.192481,0
-2.781871,1.834113,1.216140,-0.287899,-0.343690,-1.134061,1.301795,0.385084,0.029820,-0.239498,0.633385,-0.939947,0.155339,-0.771034,-0.626084,0
-0.264632,-0.681097,-1.054935,-0.642157,-0.566668,-0.114419,-1.464963,-0.069854,-0.250549,0.482578,0.256775,0.722660,-0.550811,1.582672,-0.577225,0
-1.611560,0.618978,-0.467920,0.441815,-0.023206,-1.749954,-0.052644,-0.858391,1.121058,-0.780363,-0.122622,-0.530624,-0.470381,-1.211800,-0.648225,0
-2.272568,0.459118,0.204896,0.404824,-0.082099,-0.306463,0.121885,-0.510237,0.553972,0.292951,-0.714454,-0.072590,-0.103131,-0.502367,0.383422,0
-2.032294,0.390691,-0.654641,0.953570,-0.097058,-0.746387,0.461426,0.356485,0.023252,-0.242178,-0.477094,-0.961762,0.166336,0.147489,1.062263,0
-1.378106,-0.556314,-0.815554,-0.704628,-1.088541,-0.859258,-0.593879,0.833221,-1.822084,0.790559,-0.883946,-0.449257,-0.182231,1.116845,-1.405334,0
-1.671598,-0.684717,0.076157,0.548067,0.977263,-0.287469,0.332033,0.205020,-0.145224,-0.156530,0.287434,1.335450,-0.145634,-0.200346,-0.138507,0
-2.130769,0.311947,1.151633,-0.276323,-0.654513,-0.808035,-0.053203,0.640569,0.427176,1.628977,-0.307525,0.067980,-1.027385,0.891222,-0.202635,0
-0.706541,0.246397,1.607487,-0.450516,0.403822,0.078282,-1.582592,-0.357663,-0.482010,0.792773,1.147689,0.637018,0.298607,-0.694320,-0.074116,0
-0.398744,1.324961,1.581044,0.359385,0.249208,-0.019223,0.008104,-0.389350,0.966885,0.400054,-0.877440,-0.198391,0.472133,0.678669,0.589975,0
-0.530199,0.052742,0.783285,-1.676994,-0.752329,-1.562087,-0.081767,0.546282,1.091107,-1.046834,0.090945,-1.384020,0.816179,0.891535,0.524533,0
0.111474,0.009059,0.171462,-1.045046,0.773934,-1.522073,-0.679591,-0.628836,-0.475879,-0.487095,0.961104,-0.079050,-0.300278,-0.579525,0.860237,0
-0.739563,0.045078,0.503430,-0.772474,-0.259141,0.452997,0.530547,-0.036316,-0.956521,-0.057768,0.133374,1.495007,0.178067,0.527146,0.196708,0
-2.802715,0.803936,0.130189,0.150518,-0.070512,0.803075,-1.066358,1.107687,0.093141,-0.750188,0.017022,0.210806,1.368503,0.443546,0.509269,0
-0.791858,0.131734,1.141144,-0.969478,-0.841372,0.239120,-1.542252,0.131139,-0.832985,1.509823,0.387137,0.365963,1.450807,0.875180,-0.205335,0
-1.276635,-0.777407,-0.416233,1.230420,-0.838570,-0.004701,0.654003,0.271191,0.761273,-0.341740,-0.111544,-0.151650,-0.551163,0.411016,-0.115896,0
-0.997764,0.643677,-0.141212,0.576905,0.491664,1.114398,-1.110923,-2.107422,-0.221061,-0.059207,-0.042725,0.396128,-1.047314,-0.200605,-0.325141,0
-0.397878,-0.083342,-0.827375,-0.836632,-0.513522,-0.035303,1.004769,1.507998,0.659194,-0.724478,0.751318,0.621860,-0.317058,0.655632,0.427435,0
-2.185392,-0.514569,-1.487570,0.307214,-0.203585,-0.112564,0.979332,-0.237553,0.840060,-0.084660,-0.840214,-0.456791,-0.345794,0.438190,0.444617,0
-0.230523,0.374619,-0.809271,1.210119,-0.513921,1.416434,0.185174,0.349668,-0.863303,-0.696791,0.299512,0.336444,1.654170,0.251475,0.321527,0
-2.460673,-0.183626,0.027182,-1.268211,0.316266,0.746630,-0.149861,0.561112,-0.995761,-0.690542,-0.305561,1.040892,-0.274370,0.937838,0.339960,0
-0.683942,-1.196472,0.520981,1.414752,-0.460790,-0.261693,0.118030,-0.202129,-0.853642,0.032254,0.231130,-0.112521,0.444194,0.008458,0.665944,0
-1.601617,-0.013717,1.482704,0.202484,-0.294099,-0.844918,-0.175969,0.606632,0.160839,0.164009,0.102014,0.407436,0.200054,-1.076340,-0.210992,0
-1.174408,1.172679,-0.255965,-0.729901,0.218663,-0.734717,1.247109,-1.105230,-0.819780,0.718468,1.029801,0.599745,0.078891,0.198318,0.174367,0
-0.781589,0.613914,0.413331,-0.497734,-0.180547,0.479171,-0.522840,1.144324,0.111758,-0.766507,-0.231532,-0.201571,0.855608,-0.654532,0.434330,0
-0.481280,0.525617,-0.640111,-0.132784,-0.807712,1.568544,0.392773,0.688808,0.071511,0.753613,0.281662,1.426677,0.233630,-1.095474,-0.578498,0
-1.559270,-0.547188,0.614624,-0.158737,0.162395,0.450786,-0.980696,0.889867,0.343752,1.167279,0.918547,-0.496270,0.542096,-0.353979,0.211139,0
-0.737669,-0.507333,-0.061038,1.402733,0.270570,0.258236,-0.436970,1.491006,-0.067731,1.337713,0.632831,-0.683212,0.586291,-1.845869,-0.828874,0
0.117991,-0.052115,0.524035,1.149786,-0.115617,0.194890,-0.178101,1.089451,-2.686439,0.471029,-0.132580,-0.249947,0.125734,-0.069637,-0.107166,0
-0.944565,-0.644983,-0.280786,0.143965,0.883060,-0.236947,0.861596,-0.416012,-0.741945,0.545732,0.335816,-0.198062,-0.280278,-0.406957,-0.027152,0
-1.221933,-0.853012,-0.378175,-0.325032,-0.461035,-0.407249,0.516681,-0.352709,-0.158027,-0.491092,-0.791597,-0.739312,-0.300581,-0.861294,1.376603,0
-2.036649,1.067278,0.232805,-0.558612,0.443888,0.914189,-1.111677,-0.156207,-0.823319,0.990596,0.648917,0.235725,1.340456,-0.519650,-0.233033,0
-2.620504,0.250671,-0.174457,0.370600,-1.476208,-1.689601,-0.949311,0.045178,-1.086833,1.208844,0.006474,-0.430356,0.112036,-0.458715,-0.000633,0
-0.649781,-0.696695,-1.136137,0.079979,0.296284,-0.666564,0.183593,-0.753541,-0.884533,-0.560788,0.401987,1.180112,0.593863,-0.322336,-0.139281,0
-0.601849,1.056815,1.203958,-0.960994,0.699844,-0.835235,0.635610,-1.291975,0.099414,0.890265,-1.635503,0.929651,-0.339394,0.934066,0.289269,0
-1.892004,0.594965,-1.114491,0.587495,-0.857109,0.933851,-0.386440,0.208332,0.977453,0.422777,0.105253,-1.149185,0.003025,1.146845,1.366765,0
-1.021304,0.433405,-0.307377,0.048751,-0.089644,-0.001415,0.302036,1.143029,-0.983050,-0.208444,-0.996029,-0.545862,0.537118,-0.885772,-0.747297,0
-0.999826,0.994916,0.000663,0.255149,0.543075,-0.397882,0.709321,-0.668598,-0.090113,0.282719,-0.213238,-1.219440,-0.893862,0.095289,0.853304,0
-0.949685,0.628021,2.144955,0.623440,0.989458,0.755796,0.004476,0.250288,0.182485,0.235464,0.118338,-0.123134,-0.374022,0.160650,1.123230,0
-0.499101,0.751772,-0.994011,0.651603,-0.258875,-0.871622,0.567459,1.574275,-0.356219,-0.754045,0.777892,-1.476954,0.688208,0.111791,-0.224621,0
-0.440476,-0.080633,-0.425807,-0.895008,0.810147,0.301482,-0.939979,-0.086862,0.111666,-0.072726,-0.545256,0.050503,0.116455,0.046330,0.244350,0
-1.261351,-0.882786,0.334756,0.256056,-0.613843,0.234438,-0.389183,1.461081,0.014223,-0.504814,-0.916153,-0.552248,0.861479,-0.721891,-0.736588,0
-1.137339,-0.741454,0.578307,0.453310,-0.720264,-0.439658,0.548624,1.332304,0.006918,0.858846,0.419922,0.455798,-0.445216,-0.480680,0.168052,0
-1.014259,1.239694,-0.241067,-1.231386,-0.732418,-0.405639,1.683174,1.672580,-1.009613,1.091141,-1.154411,-1.186244,-1.024722,-0.310067,1.722764,0
-0.744412,-1.668410,0.092287,1.890397,-0.441194,-0.254709,0.059855,0.642573,-1.988726,0.535662,-0.745442,0.697133,0.520811,-0.437050,-0.370666,0
-0.642933,0.159004,-1.262958,-0.725683,-0.609468,1.276898,-0.596783,-0.210607,-0.088513,-0.302311,-0.528701,0.743302,0.635085,0.961061,-0.585039,0
-0.484294,1.104850,0.896905,-0.532142,-0.611376,0.317409,-0.477861,-1.547118,-0.909451,-0.016190,-0.357021,-0.741778,0.177612,-1.080303,0.309092,0
-1.407762,0.167300,-0.309569,-1.273884,-0.165607,-0.130839,0.178320,-0.650723,-0.554262,-0.121552,0.675002,2.151289,1.100055,0.668389,-0.862623,0
-0.926861,0.027519,0.450809,1.371631,0.059555,0.541453,-1.280422,-1.353703,-0.815908,0.190399,-0.996584,-0.942099,-0.275461,-0.549340,0.586531,0
-2.666946,0.761061,0.378626,-1.220529,0.220245,0.378325,0.202691,-1.101886,-1.191074,-1.234934,0.337202,-0.685532,1.037387,-0.042871,0.291373,0
-1.427228,-0.401248,0.607575,0.468256,-0.939066,1.607055,1.029422,0.811479,-0.946881,0.143377,0.021285,-0.525673,-0.240563,-0.371089,-1.259329,0
0.070200,0.042987,0.519717,-0.187030,-0.225468,1.114889,0.585735,1.273965,-0.986650,0.097331,-0.216583,-0.726397,0.280694,-0.131447,0.512153,0
-1.383756,-0.783199,1.373268,0.969374,-0.750249,0.286588,-1.066750,1.242859,0.886871,-0.587001,-0.495988,-0.313732,1.045830,0.239512,-0.476884,0
-0.631318,-0.196160,1.320702,0.851614,-1.130407,-0.575701,-0.158986,-0.962350,-0.252533,-0.158511,0.804592,0.379589,0.134216,0.765278,0.883428,0
-0.140418,-1.091907,-0.751031,0.798083,1.692069,0.225887,-0.131419,0.218818,-0.227797,-0.339391,0.552865,-0.164648,-0.204436,-0.543268,1.166988,0
-1.898563,-0.652397,0.434356,1.146958,0.571248,0.207282,0.550093,-0.146292,0.846846,-1.018997,1.228572,-0.437940,0.634022,0.614822,-0.084388,0
-1.134012,0.476963,1.032898,-1.249329,-0.634024,-0.212484,0.553031,-0.452551,-0.432643,0.061480,-0.411480,-1.212087,1.208407,-1.503726,0.175463,0
-1.282708,-0.240872,0.451866,0.402689,0.019003,-0.042119,-0.190036,0.825145,0.511131,-0.520807,-0.583655,-0.601102,-0.971583,-1.457202,-0.246834,0
-1.091449,-0.210454,-0.096783,0.424093,-0.011984,0.112340,0.362754,-0.386531,0.286036,0.388415,-0.668177,0.430965,-0.365316,1.734411,0.117774,0
-0.417173,-0.431897,-0.753738,-0.404517,-0.551300,0.251179,-0.071982,-0.191773,-1.207094,-0.956455,0.776267,0.491342,0.475025,-1.050681,0.131592,0
-0.382571,-0.654291,-0.626330,0.972268,0.133729,-0.360823,1.247225,0.725523,-0.645434,-0.661206,-0.280255,-0.360765,-0.954885,1.222980,-0.475748,0
-0.756846,0.487216,0.002667,-0.862543,0.816212,-0.311051,-0.257660,0.334780,0.477396,0.707265,-1.015882,0.791999,-0.046245,0.724200,0.564151,0
-0.951907,-0.347696,-0.049829,0.570016,-0.572341,0.650064,-0.519476,-1.321243,0.008306,0.231885,0.498771,-1.286674,-0.732316,1.081050,0.609826,0
-0.695518,0.564574,-0.405756,-0.720668,0.727160,-0.295541,-1.393604,-0.469022,-1.236640,-1.235865,-0.015376,-0.192525,-0.688000,0.152194,0.442022,0
-0.291654,-0.255634,0.280819,-0.462387,-0.064298,-0.801905,0.243249,-0.006857,-0.517710,0.866741,0.444283,-0.382367,0.892577,1.446317,-1.278323,0
-0.843012,-0.248266,0.135272,-1.046979,-0.144464,-0.660116,0.319859,0.123625,-0.256342,-0.562613,-0.143531,-0.737190,-1.174742,0.514402,-0.841367,0
-0.718803,-0.544234,1.399578,-0.262787,-0.824983,-0.102867,-0.844961,-0.424818,-1.874098,-0.140681,-0.233574,-0.242545,-1.067590,0.337574,0.035150,0
-1.114497,0.698658,-0.715786,-0.683996,-0.932079,-0.968616,-0.555305,-0.437603,-0.710808,-0.079368,0.099079,0.837735,-0.324569,-0.622860,0.720006,0
-2.078601,0.257980,0.343495,0.487862,-0.226202,-1.090837,-1.170701,1.510519,0.607661,1.309272,0.237043,-0.064474,1.117821,0.233460,-0.408085,0
-1.756443,-0.299530,1.419715,-0.105742,-0.212822,-0.249090,0.474667,0.175212,-0.037599,0.956450,-0.072504,-0.501427,0.542183,-0.135972,-0.350994,0
-0.801041,-0.612301,-0.100676,0.801253,1.145021,-1.023048,-0.476735,0.076912,0.060419,-0.156515,-0.943694,-0.140868,-0.079597,0.195090,0.323132,0
-0.360482,0.431339,-0.148052,-1.011834,1.188497,0.620890,0.386449,-0.964957,-0.541564,-1.943078,-0.123264,0.478190,-1.000023,0.435405,0.755404,0
-0.996402,-0.322344,-0.399864,-0.279817,-0.114719,-0.055699,-0.388886,0.168212,0.572695,-0.225637,1.449469,-0.149930,1.126339,0.738121,-0.897608,0
-0.811251,0.121754,1.485979,0.443442,-0.132782,0.498145,0.868835,0.344991,1.190892,0.230009,0.956880,0.532382,-0.282152,-0.737937,-0.793717,0
-0.281420,0.581119,-0.367410,0.260519,-1.029606,-0.166005,0.028801,0.012602,0.702464,0.650148,0.345967,-0.164588,-0.073316,0.365561,0.041938,0
-0.094284,0.177246,0.045026,1.453927,0.727977,1.099365,-0.776465,-0.066213,0.722863,0.824554,0.826311,0.511976,0.296242,0.005204,-1.109996,0
-0.826979,0.372577,0.288228,1.830037,-0.523109,0.821317,0.648784,-0.725644,0.399178,0.815416,1.346771,-0.641038,-1.022046,0.466904,-0.146924,0
-1.159329,0.103335,0.242475,-1.318429,-1.273061,-0.925120,-0.486259,0.531010,0.953723,-0.853142,0.206273,0.197071,0.376040,0.818489,0.237240,0
-1.704831,-2.065903,-0.035361,0.301095,-0.278211,-0.379112,1.609893,-0.911911,0.344749,-0.183808,0.565906,-1.538919,-0.263938,-0.056405,-0.024412,0
-1.945304,1.044870,-0.500589,0.313014,-0.437245,-0.029126,1.162522,1.078840,0.361052,-0.976465,-0.300272,-0.582503,0.318781,0.688235,2.137268,0
-0.863029,1.166103,0.282304,0.061843,-0.533544,0.806499,0.505576,2.029685,-0.590047,-0.387866,0.947448,-0.887705,0.852277,-0.846310,-0.861366,0
-1.048581,-1.808023,0.122218,0.496468,-0.655624,-0.006516,-0.542047,-0.283609,1.156773,0.617149,2.436699,-0.085983,0.043065,-1.059535,0.403277,0
-0.584980,0.835886,0.076866,-0.672135,0.772398,-0.349004,-0.468673,-0.842620,-0.109164,-0.699957,1.042589,1.486145,0.130989,0.671576,0.128806,0
-1.448867,0.534719,-0.547056,-0.041957,-1.952601,-0.366627,-0.471841,-0.967654,0.022332,-1.723013,0.119757,0.690957,-0.186012,-0.937889,-0.211577,0
-1.570671,-0.559434,-0.229721,0.125553,0.705886,-1.315044,-0.030017,0.285489,1.319355,0.981697,0.036401,1.150238,1.450542,-0.442096,-0.285013,0
-0.702572,0.159035,-1.206329,0.277701,-1.425903,1.464743,1.413436,1.352798,-0.530518,1.465624,0.279954,0.703949,0.308884,0.542927,-0.415442,0
