-0.139843,0.221053,-0.291023,-0.474799,0.600595,0.572680,0.462500,0.241513,-0.796188,0.259573,-0.415723,-1.051109,-0.584096,0.155421,-0.020545,1
2.145329,-0.213939,0.679863,-0.025221,-0.335190,-0.028627,-0.286570,0.105648,0.840432,-1.128185,0.594350,0.435176,-0.337356,0.507965,-0.480623,1
1.080054,0.085399,-0.233671,-0.085746,-0.241704,-0.732241,0.537117,0.329275,-0.143149,-0.452821,0.638601,0.166531,0.840465,-0.255434,0.237341,1
0.418172,-0.167514,0.015539,1.356288,0.120826,-0.672369,0.376644,-0.112843,0.689922,0.361228,-0.472972,1.157150,-0.317559,0.582983,1.376822,1
1.265549,1.076774,-0.240103,-0.338109,1.383632,0.181340,-0.965965,0.211511,-0.267535,0.197157,-1.220230,0.677465,0.731988,-1.035627,-0.445963,1
0.382552,0.438750,0.592720,-0.699679,0.935408,-0.364386,-1.364352,-0.329430,-0.139298,0.461660,-0.282256,1.103476,-0.064569,0.537621,0.042010,1
0.728764,-0.010458,0.820203,0.557945,-1.032894,-1.098683,1.966029,0.080602,0.586110,-0.099228,1.442353,-0.385207,0.577816,-1.022539,1.425220,1
2.021024,-0.072639,1.183309,1.014847,-0.861071,0.276341,-0.213808,-0.676781,-0.512969,0.066538,0.220770,-0.482152,-0.261698,-1.214213,-0.523520,1
0.777459,0.658276,-0.690936,0.981971,-1.831476,-0.524731,-1.550998,0.920490,-0.892471,0.101067,0.041061,-1.962340,-0.900899,0.434812,0.586246,1
0.318790,0.804017,-0.647967,-0.245789,0.051793,0.989380,-0.823426,0.111949,0.215803,-0.684834,0.961555,0.107376,0.056489,-0.407915,0.211820,1
1.195001,0.725927,0.506068,1.367280,1.154134,-0.695315,-0.402278,0.639603,0.538217,-1.336380,1.250143,0.429969,-0.023435,-0.316940,1.357598,1
-0.900845,-1.096610,0.224416,2.305752,-2.075710,-0.232595,1.293702,-0.435157,-1.069917,0.294985,-0.337059,-0.640899,-0.059936,-0.102830,-0.125214,1
1.314970,0.194029,0.910548,-0.992620,0.157671,0.156777,-0.645293,-0.014821,-1.775219,0.262006,1.184105,-0.617855,1.402889,-0.185566,0.076766,1
0.027518,1.499034,0.010754,1.081457,0.097859,-0.067430,0.074518,0.492293,-0.374750,-0.945776,0.120537,-1.562973,0.786765,0.464516,0.100321,1
0.345881,0.686306,0.043277,-1.368683,0.870844,-0.605086,-1.267394,0.404105,1.065731,-0.323787,-0.415372,-1.100334,0.120322,-0.410071,0.409695,1
1.786297,0.283209,-0.655192,-0.837237,-0.047994,-0.263714,-0.700634,-1.655286,0.154085,-0.231784,-0.766353,-1.148866,0.204248,-0.817202,0.187259,1
0.268994,0.852795,0.817114,0.048389,1.260369,1.394781,-0.162124,-0.090682,2.073805,-0.468900,1.214376,1.288791,-1.331890,0.090885,0.565853,1
1.877772,-1.250670,-0.140524,0.765627,-0.917140,0.015984,0.187791,0.635675,0.112620,0.465735,-0.354514,-0.367757,0.056069,-0.896303,0.842006,1
1.249339,-0.285004,-2.153027,-0.988287,-0.453027,0.833004,1.729431,-0.126358,-0.018186,-0.310547,-0.419034,0.985305,-0.631859,-0.034482,-0.167387,1
0.939507,1.095167,0.755872,-1.241723,1.325470,-0.790111,-0.160284,0.234267,0.507786,-0.175951,0.468293,0.974809,-0.183511,-0.120139,-0.015935,1
0.101994,0.895603,0.229763,-0.888831,-0.606911,1.818983,0.544736,-0.778796,-1.419323,-0.272855,-1.151956,1.544978,0.042814,-0.977160,-1.028784,1
2.275176,0.049695,0.009172,-0.094096,0.330348,-0.786156,0.196464,-0.310674,0.464792,-0.151209,-0.082007,0.506641,-0.933784,-0.033652,-0.803305,1
0.918511,-0.105252,0.214933,0.059051,-0.280700,-0.091137,-1.543416,0.311657,-0.181684,-0.263164,-0.297882,0.038248,-0.003418,0.562233,-0.585517,1
0.888449,1.405367,-0.622976,-0.210308,-0.746094,0.569944,0.104621,0.254832,-0.082681,0.024082,-1.401650,-0.439172,-0.583595,-0.586844,-0.255862,1
0.605214,-0.501513,1.657211,-0.652372,-1.249649,0.144808,0.851198,-0.100281,0.128099,-0.380054,0.810631,0.285821,-0.545103,1.835063,-0.445637,1
2.055091,-0.688611,-0.613895,0.685693,-1.397275,-0.549473,-0.128914,0.416121,-0.944799,0.810397,0.311872,-0.181430,-1.159925,0.654047,0.319831,1
1.294771,-0.707118,1.364364,0.571027,-0.629589,-0.440420,-0.380076,-0.582372,-0.605567,-0.120454,-0.115156,1.021399,0.846138,-0.770595,0.412510,1
0.424231,0.462374,0.480563,-1.026721,1.346738,-0.977182,-0.729401,0.569506,-0.367696,0.679081,0.096403,-0.695200,-0.425470,-0.636703,-0.244075,1
0.880560,0.119696,0.999284,-0.297570,1.806691,0.756780,-0.028599,-0.438961,-0.381250,-0.365194,-0.557028,-0.169004,-0.356751,0.745844,0.301992,1
0.747432,0.098016,-0.707141,-0.070252,1.034683,0.190962,-0.387053,-0.503291,-1.087940,0.018547,0.494937,1.246080,-0.787606,-0.196752,0.187681,1
-0.302586,1.745737,0.386535,-0.188178,-0.267171,0.238389,0.046969,-0.110878,-0.262443,0.103831,0.411407,-0.446037,1.644334,0.443728,-1.125830,1
0.260837,-0.614997,-0.019445,-0.310148,-0.768460,0.571599,-0.716068,0.222340,1.471694,0.711183,-1.222934,0.013386,1.989649,-1.313828,-0.403596,1
1.664941,-0.125266,-0.172442,-0.116518,-1.694243,0.101278,-0.768767,0.547222,-0.266955,0.757974,0.890879,0.511888,-0.768176,-0.190333,-0.478678,1
1.606226,0.217698,1.577479,0.854248,-0.595136,-0.026742,0.803713,0.108283,-0.444656,0.373652,-1.446072,1.038920,-0.294365,0.487442,-0.586599,1
0.703995,0.860243,-1.478040,0.738659,-0.956793,-0.450585,0.582629,0.629229,-0.722661,-1.420428,0.524436,-0.669360,-0.912038,-1.071785,0.623361,1
1.931085,-0.953721,-1.046110,0.368306,-0.058690,0.973181,-0.582867,0.884344,0.316980,-0.917214,-1.003771,-0.772307,-0.607960,0.561623,-0.630738,1
1.441393,-0.132964,0.113730,1.080118,0.166919,-0.954889,-0.009536,1.293497,0.738081,-0.398048,-0.485064,-0.333994,-0.165643,-0.528867,-1.188742,1
0.713682,0.764178,1.141338,-0.341215,0.593556,-0.520789,-0.425941,0.397051,0.931256,-0.741398,-0.647445,-1.186907,0.797213,0.027186,-1.400443,1
0.317180,-0.052494,0.187627,-0.730827,-0.783010,-0.791059,0.740463,0.056028,-0.348604,-0.926174,-0.280595,-0.851377,0.525688,-0.681513,-1.026989,1
0.825694,0.623490,0.140717,-1.542545,0.758641,-0.332162,0.076430,-0.267795,-0.179025,-0.259693,0.482524,-0.670600,0.756941,-0.066822,-0.101881,1
1.579947,-0.259617,-0.827636,-0.213750,0.690557,2.340961,0.128340,-0.861269,-0.466270,0.218069,-0.170383,-0.790105,0.465456,0.511454,-0.118545,1
0.865608,-0.597134,-0.365608,-0.759702,0.200164,0.552922,-0.568213,-0.305722,0.209065,0.540034,0.262132,-0.291156,-0.885107,-0.331957,-0.554296,1
-0.393404,1.211679,0.434536,0.138968,-1.037105,0.853952,0.068147,-0.490375,1.533579,0.347485,-1.239318,0.845368,-0.855158,0.067798,-0.687566,1
1.698696,-0.282851,0.489946,-0.388482,0.313976,0.520196,-0.146022,-0.844276,2.703212,-0.780179,0.470778,-0.313368,-0.776378,-0.887806,-0.472801,1
0.948227,-0.072909,-0.591633,1.310311,0.032190,0.218543,0.673681,0.165766,-0.719273,-0.456269,0.755931,0.299811,0.967983,1.113967,-0.746318,1
1.846670,-0.766212,0.222748,1.131906,-0.898819,0.661058,-0.167183,0.301826,0.250741,-0.435503,0.544225,-0.280363,0.617269,0.252070,0.895549,1
1.437507,-0.519342,-0.348464,-0.952998,0.600626,0.078099,0.321269,0.020864,0.334552,0.343656,-0.146063,0.512490,-0.416814,1.679025,-0.080105,1
1.751331,0.241692,-0.163414,1.242755,-0.086503,0.596112,-0.398130,-0.112895,0.279299,-0.982908,-0.772678,0.046161,-0.000766,-0.053040,1.109093,1
1.105221,0.787666,-0.343601,-0.684310,-0.473561,-0.530006,1.746983,0.974820,-0.649388,0.029652,-0.346074,-1.650017,-0.986970,-0.576864,0.710346,1
0.968215,0.453993,0.089499,0.948608,-1.182139,0.943111,-0.449016,-0.749910,0.321679,0.315978,0.788907,-0.395584,-0.682876,1.369228,-0.283745,1
1.528214,-0.802888,0.944586,-0.899869,-0.274824,0.398225,-0.639938,-1.345001,0.275470,-0.743018,-0.501351,-0.809026,-0.747866,0.369657,-0.221609,1
0.684526,1.137105,0.376482,0.532618,0.191607,1.034120,-0.745660,1.117651,-0.552821,0.884877,0.112754,0.348225,-0.440887,0.122754,0.301173,1
-0.144995,-1.476661,0.716293,-0.113824,0.468412,-0.366015,-0.186892,-0.950624,0.770699,-0.090599,-0.553062,0.934642,0.165023,0.504809,-0.822251,1
1.985241,1.338075,0.241026,-0.738784,0.441112,-0.685460,-0.281155,-0.565354,-0.167124,-0.486521,-0.007802,-0.586597,-1.134454,-0.574485,-0.755690,1
2.151428,0.501856,-0.019962,-1.136399,-1.179343,0.225473,-0.358427,-0.358984,0.793186,0.133857,0.431210,-0.947379,0.448952,1.233449,-0.710578,1
0.856979,-0.846967,0.471474,0.199684,-0.245588,0.773843,-0.752640,-0.338974,-0.520242,-0.204110,0.174222,-1.104126,0.625605,-0.458885,1.197635,1
0.958200,0.418623,-0.312940,-0.260026,-0.398779,0.096616,0.049079,0.316540,0.263268,-1.963712,-0.271009,0.525244,-0.683672,0.085431,0.104267,1
0.394053,-0.524420,-0.314871,1.206501,1.943096,-0.948390,-0.650424,0.189109,0.547575,-0.016039,0.168437,0.325754,-0.599391,0.664786,-0.952934,1
2.400207,0.418321,0.821640,-0.888845,-0.441343,-1.130972,-0.109976,-0.326240,-0.006387,-0.326703,-0.735266,-0.074021,0.611282,-0.818303,-0.373855,1
1.296661,1.569539,-1.708333,0.704183,-0.257707,-0.874355,-0.211548,-0.283202,-0.368484,-0.776447,-0.099618,0.822744,-0.129707,-0.785021,0.148069,1
0.303349,0.770567,-0.427752,-0.998857,-0.315600,-0.318230,0.363619,0.206017,-0.093191,0.107963,1.493620,-1.767653,-0.428515,0.440720,1.596261,1
1.519560,-0.712273,0.053993,-1.810237,-0.239436,-0.091255,-1.235105,-1.116803,0.417408,-0.086900,-0.825147,-0.593304,-1.525221,-0.422391,-0.604965,1
1.074996,-1.051986,0.206895,0.344113,-0.649887,0.458476,0.317315,-0.361002,0.423510,0.075400,0.099792,-0.264497,-0.435538,0.529230,0.216439,1
1.399521,-0.804432,-0.504475,0.563199,0.159684,-0.436842,-0.667172,-0.724553,-2.055417,-0.557247,-1.053278,0.002841,0.212836,-0.633794,1.118816,1
1.199581,-0.910411,0.615030,0.704398,0.653625,1.438013,0.317586,0.231910,-0.172471,0.374426,-0.746804,0.088924,0.884346,-0.918737,1.033728,1
0.747030,0.333714,0.003169,0.224188,1.343407,0.302224,0.556864,0.276029,0.560908,2.144400,0.310918,-0.764449,-0.131272,-1.221285,0.576935,1
1.468275,-0.322851,0.575387,0.012896,-0.369610,-0.011100,-1.348114,0.653058,0.923144,-0.926367,-0.747162,-0.228771,-0.731836,0.102669,-0.162691,1
0.329498,0.927187,-0.877497,0.231240,-0.699581,0.035492,1.352257,0.446274,0.091017,-0.350636,1.190794,-0.328336,0.861515,-1.510311,-0.088678,1
1.061446,0.329920,-0.496476,1.444378,0.522609,0.205868,-1.317126,0.276503,0.527715,0.172501,0.130712,0.715579,-0.235122,-0.809243,-0.000490,1
1.219010,0.490897,-0.186909,-0.334421,2.092383,-0.087374,0.605151,1.532781,-0.855164,0.838284,-0.616909,1.437483,-0.621219,0.633648,-0.018385,1
1.632596,-0.453651,0.259883,1.433134,-0.059801,0.446115,0.500782,-1.288818,-0.633604,0.825332,0.437482,-0.452014,1.602417,0.326779,-0.657338,1
1.531195,0.742834,-1.517903,-1.756976,0.361058,-0.597397,-0.879766,0.146209,-0.008732,0.052349,0.091415,0.402180,-0.045864,-0.536211,-0.467498,1
1.159321,-0.755368,-0.225443,0.745852,0.604200,0.246485,-1.045264,-0.534833,0.283562,-1.217941,-0.379835,-0.136132,0.672931,0.643310,1.400757,1
1.408287,-0.944138,-1.445635,-1.381376,0.068899,-0.026019,0.602556,0.078658,-1.234526,0.456148,0.936196,-0.117202,0.518279,0.167010,-0.214440,1
0.794660,-0.221052,-0.849205,0.703968,-0.256600,0.817587,0.775634,-0.636918,0.453500,-0.197332,0.628518,-1.473875,1.176290,1.270981,-0.071800,1
2.100221,0.650506,0.974192,1.275007,1.518922,-0.901064,1.138162,0.786881,1.207216,1.656182,-0.743956,-0.026486,-0.854529,-0.392705,0.408890,1
1.617157,1.476626,0.215047,0.063042,-0.347243,-0.616955,-1.678825,0.651236,0.758523,0.766474,0.770611,-0.509985,-0.171698,0.852571,0.153632,1
0.734801,0.786739,-0.683177,0.701234,0.213596,-0.677933,-0.863355,-0.549903,-1.124227,-0.112931,0.140388,-0.964133,-1.015882,0.354562,-0.152093,1
2.076936,1.239465,-1.001725,0.864168,-0.247402,0.123636,0.467942,-1.787107,-0.498087,0.035863,-0.159482,-0.718919,0.260399,-0.382698,-2.394852,1
1.887500,-0.055885,0.279332,-1.939171,-1.295647,-0.811991,0.723061,-0.622789,0.175169,-0.478010,0.410875,1.197798,0.439641,-1.282457,-1.652882,1
1.270176,-0.229308,1.025862,-0.321022,0.306560,-1.037232,-1.406105,-0.076459,0.314081,-0.012697,-0.370425,-0.113314,0.826012,0.527528,-0.360102,1
1.913282,1.115857,1.147224,-0.414788,1.537824,-0.968036,-0.757681,0.835968,1.030771,0.432868,-0.984075,0.328018,-0.169556,0.144164,-0.474524,1
1.271290,-0.117790,-0.091522,-0.825434,-0.483833,1.402176,-1.088437,-0.659323,0.275306,-0.245628,-0.192545,0.834345,-0.095492,0.268056,0.389119,1
1.527717,0.561196,1.525551,-0.124362,-0.134611,1.253796,0.278720,0.564640,1.387720,-0.590023,0.815716,0.630465,0.472645,0.868208,-0.749393,1
0.096353,-0.100032,-0.874454,1.508975,1.672410,-1.202450,-0.168902,0.478123,0.548609,0.217093,0.065175,2.001316,-0.036914,-0.308464,-0.025594,1
-0.076020,0.504452,0.357224,-0.553131,1.034859,-0.423628,-1.226746,-0.520725,0.654525,-0.078414,-0.176162,-1.177936,-0.576655,-1.030736,-0.751122,1
1.035635,0.656821,0.049303,-0.914593,0.119743,0.333860,-0.442646,-0.585329,-1.007825,2.058306,-0.838585,-0.682862,0.110482,-1.275403,0.001440,1
-0.131234,-0.128626,0.164215,-0.045727,1.369819,-0.903464,0.299490,0.487551,0.038731,0.342150,0.122018,0.623526,-0.632725,-0.815812,-0.681246,1
0.080446,-0.363618,0.849520,0.005600,-0.521491,0.004749,-1.337073,1.295435,-0.421599,-1.670193,-0.004038,0.748004,-1.374281,-0.197944,0.843791,1
0.780607,-0.529121,-0.724980,-0.703110,0.438386,-0.057692,-0.182423,-0.226429,0.221218,0.099366,-0.061332,-0.154154,0.852198,-0.025142,-0.656654,1
0.987844,1.157854,-1.106558,0.397273,0.305406,-0.737720,-1.126290,-0.565228,0.117625,-0.452183,-0.029527,0.706643,0.025657,0.156978,0.874876,1
1.787855,-0.466412,-0.563625,-1.674362,-0.371735,-1.123260,0.129106,0.360736,0.295268,0.546042,0.871778,0.599495,-1.071482,0.148443,1.229367,1
3.027100,0.643121,-0.501218,0.453698,-1.204464,-0.845753,-0.783629,0.038690,-0.887428,1.600965,-0.038770,0.543976,0.973583,-0.256521,0.661879,1
1.069750,-0.021987,-0.282772,0.415924,-0.268006,-1.184021,0.864717,0.082581,-0.229346,0.883180,-0.265307,-0.859293,0.432567,0.782890,1.060436,1
1.683830,-0.046243,-1.885892,1.043984,-0.395975,0.602090,0.575579,-0.030600,0.104531,-0.228987,1.023198,0.353379,0.330740,0.530316,-0.816395,1
0.963788,-0.644203,1.168729,0.544192,-0.778529,0.581370,0.403214,-0.686560,0.103358,0.587000,0.937345,-1.252866,-0.246829,0.441232,0.177893,1
0.604823,1.608294,1.213241,-0.994316,0.051115,1.897082,0.356200,-1.096958,-0.179179,-0.389627,-0.220509,-0.118023,-0.776389,0.245941,0.020205,1
1.783790,-1.135769,0.228963,0.734239,-0.092260,-0.732457,-0.265895,1.001639,1.042500,0.055030,-0.150379,0.887364,0.001906,-0.283695,-0.617811,1
0.630488,1.661213,-0.028461,-1.230259,0.799268,-0.242331,0.209056,1.113132,-0.890548,-0.065425,-2.100224,-0.789485,0.571012,-0.851397,0.077060,1
1.407218,-0.400061,-0.221119,-0.335720,1.324698,-1.181756,-0.740107,0.157197,0.510355,0.266688,0.570917,-0.144454,-0.558105,-0.119953,0.168871,1
0.094127,0.240041,-0.846488,-0.706623,0.764959,-0.014454,0.462251,-0.161519,-0.459302,-0.067542,-0.051385,-0.214677,0.319399,0.834999,0.172340,1
1.792986,0.298847,-0.113747,0.533790,0.345401,0.248013,0.855464,-0.286237,-0.146247,-1.396399,-1.098925,1.369701,-0.458951,-0.216220,0.842972,1
0.944492,-1.061905,0.426324,0.038528,0.191831,-0.378943,0.184412,-0.565906,-0.033564,0.643804,1.056503,0.012277,-1.245139,0.023348,-0.275368,1
0.294883,-0.932409,-1.460633,0.062000,-0.031144,0.717808,1.151403,-1.300505,-0.484757,0.163614,-0.604329,0.566199,-0.662697,0.088711,-0.252826,1
0.744824,-0.909383,1.096959,-0.060776,0.972585,-0.730106,0.295383,-0.382752,0.088947,0.866122,-0.056739,-0.216204,-0.723703,0.407307,-1.046902,1
0.151086,0.077989,-0.472479,-0.443421,-0.830693,0.499823,1.137071,-0.821748,1.078036,0.316549,-1.343322,0.102932,-0.581298,-0.026457,0.139344,1
1.224295,-0.916887,-0.417185,-0.401455,1.039577,0.149363,0.836028,0.714988,-0.530075,-0.207189,-0.772723,-0.225269,-0.121652,0.310430,-0.647192,1
0.871365,-0.564127,-0.979707,0.379205,0.494182,0.031171,-0.186454,-1.329090,-0.023043,0.437696,0.378105,1.045261,-0.418152,-0.193624,-0.570479,1
0.998074,0.074778,-0.591504,0.276847,-0.359995,-0.239686,-0.057638,0.407166,-1.514735,-0.888396,-0.465606,-0.231536,-0.932775,0.724576,1.514967,1
0.694494,0.860270,0.508539,0.644669,0.698964,1.373762,-0.512728,0.525949,0.031147,1.035306,-0.668164,-1.241164,0.332756,0.613839,0.653686,1
-0.289151,0.036816,-1.937560,-0.770434,-0.187119,1.064597,1.012140,0.521974,0.201829,-0.620332,-0.573231,-0.556707,-0.391716,0.227728,1.187746,1
0.963686,-0.333483,0.089335,0.492088,-1.486493,-0.639931,-0.140885,0.193643,-0.673693,-0.070840,-0.491078,0.999754,0.458495,-0.457878,-2.251636,1
0.125370,-0.429692,0.247482,-0.979014,-0.067986,-0.672641,1.462767,1.188150,0.946036,0.291099,0.890740,-0.193463,-0.887053,0.517449,0.390368,1
0.046802,-0.670899,0.446248,-0.136390,-0.949934,0.378204,0.689027,1.194382,-0.392325,0.091550,-0.094465,-0.028581,0.582508,-0.191726,0.076592,1
0.348143,-0.253589,-0.489609,0.820969,0.597744,-0.900249,0.601356,1.254826,-0.096080,0.747539,1.698864,0.206570,-0.531086,-0.699623,-0.002154,1
1.428984,-1.235534,0.162184,0.001509,-1.028241,-0.430402,0.585137,-1.667214,-0.266346,0.705001,-0.272534,-0.023051,-0.298016,0.900384,0.068866,1
0.456517,-1.344679,0.328507,1.413970,0.691749,-0.532893,0.535637,0.990283,0.330786,1.159920,0.184034,-1.187896,0.410998,-0.039458,-0.404946,1
1.065159,-0.001557,-0.915336,0.534314,-0.740458,0.220321,0.057638,-0.287731,-0.199099,0.071044,-0.092618,-1.223161,-0.754869,0.382258,0.599893,1
0.622849,-1.061177,0.618933,-0.212310,-0.076316,0.973208,0.282851,-0.421724,-0.272296,-0.214360,-0.292511,-0.248845,-0.514349,0.096232,0.408221,1
0.518502,-0.361712,0.370152,-0.173976,0.149137,0.072467,0.150219,-0.993729,-1.248421,0.596282,1.618055,-0.221169,0.254025,-1.117599,-0.470815,1
1.657948,-0.218884,-0.110943,1.463245,0.344851,1.679399,-1.474333,-0.486005,-1.740694,1.594640,-0.610535,1.217565,0.996176,-0.310618,-0.181925,1
2.855538,-0.444645,-0.571545,-0.336353,0.333034,-0.163738,-0.362058,0.734830,1.592454,0.873046,-1.083895,0.373747,0.569766,-0.120541,0.387874,1
0.696918,0.707775,-0.109640,-0.100588,-0.606796,0.152591,0.751604,-0.057786,0.419769,-0.826240,-0.156690,-0.680870,-0.451421,0.180133,-0.135844,1
0.134713,-0.320433,-0.085092,0.822225,-0.177518,-0.333723,-0.054060,-0.861885,0.351670,-0.342641,0.559645,-0.013890,-0.009609,-0.054473,-0.201660,1
0.962766,0.237571,-1.834309,0.617184,0.561667,-0.091043,-0.133489,0.649417,-0.897863,0.400659,-0.078032,0.557806,-0.745823,0.530833,0.582275,1
-1.178642,-0.466575,-0.017337,0.100359,0.490963,0.798230,-0.493609,-0.514719,-1.231361,0.202544,0.664258,-0.877388,0.089572,0.821387,0.290566,0
-1.776497,-0.512843,0.222428,0.397300,-0.020937,0.541731,-0.374022,-1.296139,-0.327630,0.451122,-0.040974,-0.073525,0.106222,0.588502,-0.847361,0
-0.876403,-1.880236,-0.635177,0.570600,0.023632,0.795096,0.973948,-1.425741,0.054379,-0.497682,0.216633,0.853490,1.095797,0.153633,0.937383,0
-0.706268,0.758679,-1.044115,-0.997261,-1.705260,-1.332780,-0.403742,0.166785,-0.450983,0.060620,1.730521,0.163356,0.290198,1.789215,-0.307913,0
-1.936243,0.124215,-1.371928,0.430212,1.069016,-1.091110,1.236951,-0.246347,1.368966,-0.357468,1.043988,0.014560,-1.228198,-0.245457,1.100285,0
-1.351825,0.432867,-0.302722,-0.775524,1.220054,-0.223407,0.208286,-0.091287,-0.041770,-0.236388,0.057323,-0.277251,-0.131709,-0.637673,-1.355410,0
-0.761793,-0.092612,-0.028344,-0.406452,-0.165539,-0.119369,-0.676074,0.041849,0.426307,0.232707,-0.635884,1.066908,-0.735117,-0.625379,0.110277,0
-1.283243,-0.084174,0.676073,0.400631,-1.281771,0.102260,-0.942576,0.146365,0.598974,-0.851804,-0.210922,0.393685,0.965623,0.000093,0.796900,0
1.060737,-0.393012,-1.384243,0.070670,-0.418992,0.308895,0.745419,0.058825,-0.292309,-0.391627,0.585941,0.078147,-0.063003,0.093406,0.234773,0
-2.569918,0.108457,0.520145,-0.086400,1.457006,-1.129908,-0.457833,-0.479170,0.009190,0.699775,-0.824945,0.320211,0.975101,0.736178,-0.170198,0
-0.388072,-0.643073,0.696959,1.486598,-0.067636,0.007221,0.359169,1.501372,-0.482649,0.596914,-0.783862,-0.098643,1.465047,-2.688343,1.435164,0
-1.336157,-0.094306,-0.217058,0.030621,1.604552,0.389196,-0.706526,-0.185607,-1.238638,-0.058965,-0.698193,-0.545911,0.232974,0.646123,0.718668,0
-1.713151,-1.181894,-0.026986,0.283803,-0.542788,0.016371,-0.026994,0.543625,0.095041,-0.349612,-1.082500,0.183814,-1.082082,0.509528,-0.853257,0
-0.434098,-0.337360,1.138895,0.453237,0.224824,0.174555,-0.392339,-1.235191,0.087487,0.054240,-0.737647,0.144704,0.532648,-0.049016,-0.077420,0
-0.698438,-1.379420,-0.018603,-0.183399,-0.881465,-0.428110,-0.393433,0.036110,-0.979818,0.282368,0.060777,0.297110,1.292447,0.600562,-1.385575,0
-1.720639,0.323888,-1.132446,0.228338,0.547527,-0.652486,0.409511,0.073100,-0.847203,-0.840538,0.145808,0.488253,-0.241830,-0.871353,1.570705,0
-1.989344,-1.380212,0.015109,-0.663774,0.956842,0.183882,-1.035517,0.046986,-0.057081,0.533162,-0.482189,0.584268,-0.571602,-0.598951,0.593524,0
-1.952596,0.640376,0.190629,0.820864,0.394928,0.240670,-0.690326,-0.457168,-0.091261,-0.126565,-1.491400,0.072477,-1.280457,0.332440,1.010676,0
-0.095378,0.670820,0.868646,0.234717,-1.546007,-1.347724,-1.874037,0.746697,0.314033,-0.347706,0.382730,0.390701,-1.393018,-0.935462,-0.608666,0
-1.164879,-0.749707,0.865278,1.980064,-0.313609,0.626757,0.300264,0.102429,0.217549,-0.320090,1.844766,-0.937236,-0.008964,-0.147724,-0.051059,0
0.083695,1.665284,-0.152769,-1.140870,-1.095851,0.013610,0.692782,1.483837,-0.121395,1.106901,0.433831,0.113824,0.035561,-0.404944,0.743010,0
-1.430033,-0.077895,0.148046,-0.334492,1.011520,-0.857504,-0.362084,-0.623780,-0.319021,0.426970,0.900430,1.253894,0.846988,0.567719,0.333386,0
-0.793917,-0.062682,-1.490205,1.955103,-0.522220,0.211739,-0.510659,0.467141,0.937933,-0.119755,-0.755159,-0.357954,0.021719,0.023308,-0.915100,0
-0.706279,0.990870,-0.386691,0.083731,0.085798,-0.231296,0.389731,-0.719093,-0.298580,0.348711,-0.711309,-0.463771,-0.768155,-0.420677,-0.255450,0
-1.009760,-0.575593,0.636269,0.808110,-0.591504,0.290249,0.336471,-1.148957,0.004506,0.690892,-1.052563,-0.959382,-0.204775,0.553595,-0.038703,0
-0.192962,1.053646,-0.249096,0.187390,0.036971,-0.925809,-0.125573,0.098630,1.015736,0.966089,-1.248627,0.269613,-0.466133,0.426408,0.153723,0
-2.694973,0.991491,0.491366,0.436852,0.075331,-0.224140,-0.294772,-0.854053,-0.269091,0.379932,-2.198098,-0.113781,-0.479051,-0.068517,2.023350,0
-0.893140,0.551769,0.712743,0.201313,0.405190,0.710032,-0.962291,0.607298,1.143955,0.081045,-1.528089,-1.610238,0.597277,-0.342165,0.979597,0
-0.149508,1.325947,-1.431509,-0.546991,1.238747,0.324833,-0.770551,1.082003,-0.744516,0.098402,0.256340,0.915718,0.107159,0.666305,-0.288323,0
-1.299143,-0.560174,0.431469,0.150935,0.660943,0.435827,0.853313,0.766334,-0.583289,0.471793,-1.621069,0.825803,-0.438311,-0.573701,0.280786,0
-2.206288,-0.020524,-0.200966,0.370498,0.057171,-0.299233,-0.295096,-0.455838,0.291678,1.049125,0.642885,0.699110,-0.163500,-0.503949,-0.047903,0
-1.719630,-0.131031,-0.349745,1.011723,-0.161695,-1.051097,0.462230,0.597487,0.165369,-1.247272,-1.125205,0.155608,-0.954489,0.112732,-0.127014,0
-1.276943,-0.498184,1.359733,-0.152990,-0.293393,0.327394,-0.428433,-0.285825,0.798771,0.170704,1.160904,-0.675360,-0.849659,-0.895581,0.031251,0
-2.547677,0.656245,-0.091370,0.602533,0.079758,1.640426,1.408136,0.565682,-0.802824,-0.036025,-0.892302,0.166903,0.364965,-0.322819,0.030890,0
-1.534153,0.078024,-0.648199,0.123176,-0.086426,0.557006,1.060940,-0.667026,0.840373,0.511376,-1.109007,-1.027756,-0.342144,-0.986222,-0.764930,0
-0.971560,-0.422879,1.385379,0.776248,0.651185,1.013950,-0.048127,-0.509726,-0.833385,0.178703,1.000128,-0.432703,0.030701,0.618925,-0.509368,0
-1.616724,-0.314801,-1.064293,-0.612995,-0.260520,-0.165866,-1.191703,0.115889,-0.682025,-0.361135,0.542516,0.086706,0.436123,0.759294,-1.367666,0
-0.152027,0.277244,-0.308862,-0.431282,0.204204,-0.668556,-1.696879,0.138514,0.523682,0.074571,0.020870,-0.280611,0.260702,0.093798,-0.854811,0
-1.097142,0.963613,0.188464,-0.781187,1.384221,-1.402575,0.267605,0.789418,0.170908,-0.102325,-0.197149,0.473820,1.112750,1.155279,0.108810,0
-2.250993,-0.468644,-0.964986,-0.963498,-0.136215,-1.215163,0.386487,0.924108,-0.878885,0.203327,-0.719023,0.115744,-0.446631,-0.070591,0.412018,0
-1.707769,-0.057549,0.865839,0.852296,0.082050,-0.206184,0.329803,-0.610935,0.131728,-0.761019,0.567403,0.240049,1.032067,-0.139453,-0.836397,0
-1.671258,1.009663,-0.148731,-0.590021,0.293306,-1.152823,1.218091,0.643576,0.592948,0.259484,-0.932667,0.536971,-0.266731,-0.171929,-0.060854,0
-0.641470,0.818398,1.686992,1.137159,0.561888,-1.648932,0.193859,-0.954280,-0.311199,2.297426,0.156025,-1.576319,-0.057950,0.502964,0.007715,0
-1.743092,-0.344508,0.444683,-0.535471,-0.716772,-0.018905,0.150250,0.335742,-0.184102,0.365651,0.495571,-0.974942,-0.503977,-0.106869,0.598631,0
-1.198662,0.360475,-0.665950,-1.054315,0.040135,-0.503688,-0.138459,-0.215815,0.497464,0.691830,-0.649405,-0.968224,-0.962574,-0.268912,-1.448826,0
-1.405550,0.178645,0.482149,0.825081,0.280439,0.918354,0.504035,-0.892872,-0.162837,-0.682444,1.399248,0.162180,-0.363601,0.507513,0.236302,0
-0.823803,-0.352023,-0.151821,-0.554901,0.103730,-0.725264,-1.008549,-0.638987,-0.612808,-0.386908,-0.177907,0.959195,0.221768,-0.260569,-0.281778,0
-0.410087,-0.210281,0.273121,-1.060767,-0.325563,1.069188,-0.677439,0.215577,-0.168392,0.259758,-0.098075,-0.618824,0.147023,-0.108501,-1.149150,0
0.467636,0.887475,0.002995,0.353997,-0.566539,1.045879,0.207555,0.372730,-1.064446,0.065025,0.035739,-0.052305,0.005102,1.160447,-0.833681,0
-0.603437,0.184048,0.779890,-0.601975,0.611243,-0.036317,-0.129002,0.143198,0.119568,0.167280,0.498747,0.397306,0.911498,0.835857,0.005929,0
-1.583175,0.634498,0.431547,-0.069341,-0.053598,-0.219023,0.650000,0.808347,0.182881,0.193143,0.070039,-1.074730,-0.683396,-0.394169,-1.094909,0
-1.046404,-1.027563,-1.450326,0.525260,0.393137,0.367054,-0.430978,0.207476,-0.157672,-0.570247,0.555561,-0.110925,-0.102236,0.034280,1.130021,0
-1.581294,1.243977,1.542748,-0.276742,0.173558,0.905987,-0.697044,1.768589,1.299755,-0.666659,-0.136680,-1.599490,1.178576,0.535306,-0.875613,0
-1.791475,0.711368,0.263905,0.570112,0.483377,0.220006,0.320531,-2.334002,0.573631,0.526254,-0.339440,0.106657,0.047799,-0.285467,-1.030829,0
-0.884571,0.256687,0.546742,-0.707265,0.040245,0.080152,-0.497006,-0.111685,-0.174014,0.579494,-0.743491,0.728799,0.116343,0.797966,0.691369,0
-1.452432,-1.351208,0.581257,0.193314,0.244658,0.813350,-1.207481,0.023254,-0.335922,0.602662,-0.154432,0.557846,-0.077617,-1.227317,0.156566,0
-1.353474,0.674378,1.354637,-0.346376,0.467951,0.772204,1.107468,1.303195,2.669367,-1.164242,0.982882,1.542284,-0.887655,-0.747354,1.249485,0
-0.856011,-0.828903,-1.652999,0.512249,-0.474449,-1.381151,-0.284361,-0.072580,-0.086660,0.699630,0.509291,0.459791,-0.313780,0.262251,0.807069,0
-1.859365,0.001254,-1.368895,0.330305,-0.144660,-0.538538,0.082026,0.147803,-1.709022,0.706269,0.022088,-0.715486,-0.638219,0.236776,0.934245,0
-1.240770,0.853051,0.117814,-0.894629,0.211374,0.186788,1.068673,-0.972040,-1.248347,1.379673,-1.381376,-0.390351,-0.511833,-0.271376,0.489597,0
0.962832,-0.285929,-0.061310,-0.652899,-0.678127,0.209947,0.936913,0.598229,0.548118,1.133578,1.217991,0.546939,1.426969,0.024398,0.738102,0
-0.357487,0.228806,-0.259496,-0.846845,-0.636290,0.369572,-1.044328,0.087456,-0.592049,-0.460243,0.507675,-0.082752,-0.020653,-0.630593,0.708311,0
-0.374406,0.359331,0.695399,0.283187,0.463182,1.227246,1.977629,-0.139916,-0.336572,0.758715,0.541705,0.939883,0.210860,-0.418911,0.251248,0
-1.045180,-0.450784,0.564175,-0.382737,-0.691899,0.331707,-1.554228,-0.917296,-1.078816,0.327023,0.668079,-0.981820,0.616996,-0.147409,0.097514,0
-0.944462,-0.656653,-0.508468,0.654819,0.729758,1.051101,-1.314914,0.273137,-0.152945,0.215132,0.508605,0.653478,0.493725,0.611164,-0.900062,0
-1.082218,-0.580154,-0.177541,-0.843683,-0.857483,0.214757,-0.587446,-1.231185,0.338443,0.264571,0.051415,-0.106415,-0.725091,0.712135,-0.078627,0
-0.763345,0.974817,0.394327,0.024843,-0.612610,0.060095,1.201053,-0.202802,0.416015,-1.347919,-0.663971,0.578533,-0.213477,-0.159648,-0.065375,0
0.205075,0.801410,-0.344291,0.156706,-0.889768,-1.330432,-1.001563,0.760411,-0.072214,0.233428,-1.105688,-0.117482,-0.712715,0.156192,0.885116,0
-0.793002,0.571423,0.675881,-0.344246,0.452267,0.324373,0.392642,1.073438,-0.943382,-0.166884,1.091876,0.656100,0.077086,-0.143743,0.164047,0
-0.433848,0.543824,0.103818,-0.527246,-0.315197,0.434010,-0.184353,-0.157753,-1.249409,-0.611961,-0.108121,-0.496009,1.228244,0.809025,-1.063196,0
-1.552841,0.513231,-0.605002,0.211732,-0.122843,-0.117166,0.587646,0.724634,-1.027187,1.258544,-0.100708,-0.213465,-0.048793,-0.548023,0.088757,0
-0.137634,0.324372,0.871167,0.645052,-0.714046,1.536588,-0.327875,-1.629153,-0.152058,0.584364,-0.153932,-1.137886,-0.543513,-0.063998,1.359268,0
-1.658572,-0.010491,1.338300,0.004848,-0.823350,0.679518,0.797728,0.332336,0.464748,0.935487,-0.871452,-1.069588,-1.376484,2.158793,-0.934361,0
-2.556986,-0.256274,-1.493774,0.451762,-0.236708,-0.101965,-0.267686,-0.809396,1.233340,0.754752,-0.525010,0.733761,-0.132543,0.376946,-0.895464,0
-1.382293,0.856484,-1.317050,-0.870652,-1.445216,-0.250702,1.239922,-0.097192,0.753297,1.183195,-0.157315,0.105572,0.345069,-0.135288,0.044538,0
-1.285788,0.119224,0.276865,0.602214,1.133823,0.645227,-0.341260,-0.375278,0.104457,-0.598180,-1.204544,0.299943,-1.167459,0.943662,-0.332576,0
-1.258515,2.002437,0.186696,-0.072968,0.623876,-0.179817,-0.193990,-0.078951,-0.049609,-0.824425,-0.752678,1.319502,0.683720,1.189231,-0.593442,0
-1.334506,0.528094,-1.061352,-0.650944,0.207580,0.251185,0.506300,1.817829,0.541027,0.249371,2.130118,0.028654,0.493506,0.261152,1.841391,0
0.291875,-0.458129,0.342133,-0.656258,-0.666222,0.908693,0.583822,-0.293985,-1.166072,0.790715,0.940650,0.747303,0.415287,0.692428,0.087799,0
-1.225448,0.696963,1.185472,-0.070148,-0.267212,-0.909351,0.723540,-0.557621,1.088227,0.250100,1.050356,0.350039,-0.020857,0.502803,-0.295536,0
-0.948604,0.856971,-0.664423,0.299995,0.309983,-0.578669,0.357897,-0.935771,0.288085,1.047832,-1.013994,-0.815686,0.628159,1.204807,0.222823,0
-1.866495,-0.868750,-0.036572,-0.144392,-0.233279,-0.539639,-0.499024,-0.459023,0.060396,-0.778687,0.931105,0.441626,0.748159,0.314982,0.256090,0
-0.991299,-0.684836,0.509224,-0.046758,-0.402062,-0.466991,0.141759,-0.027972,-1.520854,-0.117090,0.610200,0.371781,0.490765,0.905512,-0.562157,0
-2.467670,-1.218756,0.790229,0.223422,-0.317485,0.041823,0.288486,1.177524,0.550586,1.255357,-0.095569,-0.786524,-0.150749,-0.086802,0.273171,0
-0.905278,-0.880937,0.063399,-0.548759,-0.339336,-0.493168,0.505350,0.655396,0.638481,-1.031562,-1.343106,0.120956,1.020256,-0.116803,0.769042,0
-1.258143,-0.141504,0.836884,-0.009721,1.227497,-0.228061,0.075518,-1.425477,0.801869,-0.251343,-1.460575,-0.581852,-0.497093,-0.531796,0.970489,0
-1.509808,0.860572,-0.652275,-1.176021,-0.395756,1.884429,-0.046059,1.211827,0.458704,0.911376,-0.277135,-1.473695,-0.155216,0.361492,-0.147672,0
-0.137591,-0.349149,0.770433,0.400778,-0.988355,-1.291585,-1.610468,0.455716,-0.702776,-0.050445,0.726174,-0.470158,-0.765093,-0.780817,-0.363446,0
-0.818194,0.570215,-1.782251,0.708469,-0.416111,-0.032974,-0.492764,-1.299961,-1.205853,-0.996502,-1.293363,0.066078,0.071728,0.180599,-0.264927,0
-0.708902,0.331417,0.602705,-0.541249,1.092582,0.816728,0.736116,-0.271351,0.203817,-0.680236,-0.771749,0.381885,0.539671,-0.776912,-0.136889,0
-1.803047,0.491359,-0.745159,-1.283197,1.123739,-0.953480,0.226990,-0.821970,0.992273,0.374750,-0.958185,0.466086,-0.420427,-0.752521,0.504596,0
-1.408531,-0.598662,-0.192274,-1.607291,0.038420,-0.619547,0.229276,-0.363909,-1.223681,-0.696220,-0.920896,-0.402182,-0.219467,-0.136405,-0.297455,0
-0.632340,-0.083950,0.051578,-1.072129,-0.170448,0.391357,0.825437,-0.267065,1.550262,-0.348056,0.423609,0.918530,-0.144211,-1.064833,0.170436,0
-1.070000,-0.331061,-0.158368,-0.799693,-0.517683,-0.439945,-0.779802,-0.096166,0.665736,-0.196172,0.713208,-0.224267,-0.076234,-0.642418,-1.313407,0
-0.483528,-0.471448,0.185880,-0.359701,-0.072375,-0.645491,1.324749,0.414751,-0.163556,-0.178190,0.799227,-0.729973,-0.361115,0.135506,0.125225,0
-0.585848,0.297581,0.016433,-0.684221,0.509726,0.037636,-1.065797,-0.253075,0.670652,0.571257,0.025672,-1.402798,0.188786,0.527644,0.561043,0
-0.145645,-0.058522,0.670868,-1.986818,1.503721,1.073458,0.430680,-0.428066,0.128767,1.004848,-0.676984,-1.072246,-0.079120,0.057421,0.489529,0
-1.505075,0.547315,-0.812577,-0.259943,-0.551686,-0.240814,-0.725909,1.537621,-0.211885,0.296238,-0.143038,0.519413,-0.208016,-0.572432,0.720677,0
-0.468265,-1.320366,-0.041975,-0.166826,-0.777729,0.865116,1.384751,-0.541995,-0.046377,0.647011,0.133478,1.222192,0.685806,-0.520557,1.053680,0
-1.058254,0.984197,-0.750704,0.344592,0.378436,-0.070484,0.361588,-1.051416,-1.264025,1.272246,0.171614,0.480835,0.611512,-0.083007,0.586820,0
0.659978,-0.119394,-0.653574,0.852123,0.513680,0.705081,0.611828,-0.012940,-0.380354,-0.152675,0.234927,-0.091989,0.244696,-0.066118,-0.024666,0
-1.741910,0.425165,-0.024873,-0.960798,-0.258574,0.267670,0.150285,-0.197192,0.575654,0.250646,0.344850,0.035748,-0.967306,1.025144,0.945820,0
-0.236263,-0.578193,0.447631,-0.607871,1.015270,-0.217380,-1.893924,-0.616394,-0.053329,0.198156,-0.581988,0.596511,-0.045846,0.494650,-0.133311,0
0.911520,1.773100,0.105596,0.665942,-0.285131,0.703703,-0.425892,-1.146057,0.323693,-0.497998,-0.131521,-0.645353,-0.999789,0.722321,-1.522817,0
-0.365730,-1.913738,-0.622010,1.832002,2.068107,-0.361724,0.684859,0.848713,0.229565,-0.454088,0.214656,-0.654316,0.116678,-0.223836,-0.018743,0
-0.998548,-0.580695,0.542894,-0.413084,0.173976,0.080898,0.292369,-0.236469,-0.401388,0.267925,0.388134,0.553128,-0.317289,1.991169,-0.559072,0
-1.234166,-0.058543,-0.495391,0.143159,0.011820,-0.120244,-0.953630,0.456738,0.218196,0.408571,-0.133580,-1.721479,-0.295935,0.119870,-1.000782,0
-0.734104,-0.620566,0.271537,-0.035890,1.575963,0.737568,0.419160,-0.180007,0.038669,-0.208714,0.130224,0.916547,-1.167491,0.586300,-1.223697,0
-1.237635,-0.045658,0.061710,1.311757,0.015672,0.031453,1.036012,0.565864,0.664332,-0.946267,0.516652,0.690481,0.156829,-0.692812,0.294303,0
-1.325606,-0.342734,0.321631,-0.493392,-0.580505,-0.565812,-0.512995,0.498406,0.524136,0.218409,0.142260,-0.125226,0.088691,0.875574,1.105340,0
-2.313148,0.595698,0.181952,-1.502458,0.541298,-0.914757,0.583378,-0.184836,1.203627,0.120816,0.730819,-0.653771,-0.707820,0.073210,1.063797,0
-1.522043,-0.391771,0.054537,0.014083,0.402864,0.584785,0.707239,-0.415536,1.715533,1.805667,-0.117341,0.374405,-0.272263,0.170933,1.250516,0
0.155799,0.032679,0.068091,-0.172011,0.664782,-0.066677,-1.498996,0.250274,-0.463401,-0.719377,-0.034449,0.074529,-0.064868,0.789865,0.204089,0
-1.043449,0.115257,0.521432,0.642075,0.404488,0.877500,-0.088848,1.168424,-0.655743,-0.413357,0.822732,0.764380,0.847814,-1.007998,0.105346,0
-1.555729,-0.210646,-0.120060,0.438484,0.283216,-0.857389,0.207281,-1.235769,-0.264039,0.161850,-0.844869,-1.343799,-0.474423,0.690536,0.580774,0
-0.876026,-0.725062,1.011099,-0.762255,0.824537,-0.413387,-1.031450,0.806619,0.978501,-0.212013,0.591346,-1.464231,-0.302915,-0.147038,0.169871,0
-1.609426,0.166385,0.545372,-0.260632,-0.305226,0.809723,-0.120219,0.160686,0.312820,0.564808,-1.162582,0.618501,1.445313,0.457318,0.369237,0
-2.040148,-0.666989,0.390036,-1.206879,0.294663,0.431593,-0.566046,-0.211566,-1.099442,-0.681442,-0.783256,0.101850,0.974784,0.312692,-1.039258,0
-0.480920,-0.066524,0.176707,0.205813,-0.056826,-0.867784,0.752953,1.105187,0.112040,-0.842748,-1.110450,0.824658,-0.214524,0.317707,-0.701931,0
-1.187719,-0.177166,-0.649873,0.754597,-0.568004,-1.022038,-0.039184,-0.356557,0.302618,-1.439088,-0.410379,-0.697011,1.210098,1.057745,-0.162112,0
0.039302,1.267305,0.679408,-0.710767,0.216534,-1.144927,-0.426016,-0.583184,0.224810,0.368170,0.654795,0.015383,-0.996414,0.284050,0.038546,0
-0.583179,-0.760662,-0.114962,0.568731,0.269791,-0.229612,0.077640,0.127553,-0.624295,0.230354,-1.365582,-0.691276,1.156955,0.930531,-0.045420,0
-1.014630,-0.214761,0.763992,-0.529815,0.812225,0.101933,-0.051194,-0.162526,0.175393,0.433627,0.946182,-0.990224,0.634408,0.345240,0.146520,0
-1.767291,0.008235,0.318697,-0.166007,0.578719,-0.141806,0.037356,-0.105937,0.805222,-0.112538,-0.263309,0.935474,-1.827921,0.701255,-1.789909,0
0.279528,0.119524,-1.342032,0.089545,-0.558213,0.916413,-1.148487,0.450132,0.770457,-0.497923,-0.326965,1.538096,0.203811,-0.465019,0.256141,0
