0.201563,1.500474,0.258999,0.673617,-0.340704,1.363241,1.644729,0.056702,-0.526380,-0.334802,-0.597171,0.855586,0.263257,0.376188,-1.570142,1
-0.694924,-0.184013,1.733334,1.384687,0.641430,0.444680,-1.357481,-0.380209,-1.031332,0.226169,-0.063184,0.779717,-0.002062,-0.586859,0.588986,1
1.677357,-0.282527,0.271385,0.127485,0.955755,-0.183918,-0.050156,-0.322793,-0.145214,0.293249,-0.112116,1.166590,0.519609,-1.078068,0.295445,1
1.564372,0.543833,-0.095014,-1.438666,-0.447050,-1.110307,0.958503,0.144086,-0.341475,0.159873,0.221985,0.025028,-0.208870,0.077318,1.304939,1
0.567519,-1.240584,0.870267,-1.022546,0.175150,-0.434849,0.789247,-0.127954,1.276122,-0.332324,-0.116683,-0.177370,-0.338041,-0.834740,0.934350,1
2.221267,0.260991,0.248659,0.317055,-0.121437,1.611646,-0.452919,0.193991,0.554276,0.444951,-0.242694,-0.270718,-0.748585,-0.399609,0.417791,1
1.660244,-0.255883,-0.057069,0.835452,0.115159,0.528411,0.878159,0.181594,-0.369838,-0.067761,0.040933,0.427270,0.997437,0.355427,0.107256,1
1.724066,-0.911881,-0.004610,-0.227197,-0.693005,-1.316991,-0.906428,-0.656546,0.467505,0.911932,-0.137229,0.057039,0.004743,0.007446,-0.547332,1
0.309592,-0.446095,-0.672913,0.433502,-0.785525,-1.116825,-0.279513,0.216091,-0.569087,-0.233500,0.423349,-1.189472,-2.172843,1.053730,0.361501,1
1.324792,-0.798894,0.614845,-0.171763,-0.008261,-0.193069,-1.348227,0.623545,1.354356,0.299545,-0.096422,0.316406,0.256369,-0.309780,0.650112,1
0.760401,1.444877,0.669986,0.203483,-0.782375,1.502339,-0.745388,-0.023601,0.821195,0.213610,1.401658,0.948257,-0.498009,1.609026,0.684570,1
1.862309,0.354225,0.791822,1.482443,-1.302592,-1.089799,2.094680,-1.426433,0.803504,-0.044582,1.048143,0.418552,0.482753,0.239911,0.758400,1
0.315241,-0.985898,-0.492662,-0.660859,0.806709,0.765580,-1.895978,1.043104,0.822434,0.144016,0.093609,0.642102,0.805550,-0.822593,0.243702,1
1.968367,0.236462,0.823875,0.269285,2.024353,-0.039754,-1.207861,0.566545,-0.047708,-0.745905,0.649935,0.420121,1.295981,-0.524246,0.193913,1
0.579163,0.682994,-0.773989,-0.547974,-1.082751,-1.243465,-1.094266,-0.276686,0.616872,-0.452833,-0.036602,0.255735,0.165038,0.041596,0.147424,1
0.099262,-0.059152,-0.437407,0.190348,-0.518113,-0.043354,0.902354,-1.272538,-0.533327,0.299373,0.791710,0.525470,-0.065449,-0.443940,-0.742717,1
1.422062,0.233096,1.823452,0.142345,-0.789821,-1.203919,-0.307120,0.115053,0.263866,2.139084,0.368931,-0.308247,0.782658,0.312600,0.955755,1
-0.226227,-0.938518,-0.231780,-0.000124,0.845339,0.149511,-0.239340,0.895995,-1.243726,-0.016252,-1.602101,-0.664788,1.395027,-0.340605,-0.602103,1
-0.196731,0.031982,0.456344,0.191840,0.419167,-0.385198,0.135646,-0.800454,0.143766,-0.107861,0.932037,0.290309,-1.388667,0.603392,-0.228353,1
0.204834,0.012398,-1.008841,1.494453,0.043868,1.111260,0.993828,-1.170171,0.476936,-0.130853,-0.200421,-0.833621,1.181505,0.317845,0.715717,1
2.236518,0.480356,0.860084,-0.515944,-0.222699,-0.535156,-0.555566,1.896976,-0.110721,-1.027944,-0.252368,0.048302,-0.316348,-0.626865,-1.271466,1
0.539226,0.267138,-1.533010,1.140513,0.654014,0.327048,-1.064303,-0.045182,-0.496607,-0.905458,1.742013,0.685909,0.219603,-0.678039,-0.419320,1
1.603619,-1.772063,-0.399357,-0.477689,-0.704112,-0.346211,-0.100506,1.235671,0.518204,-0.471097,-0.486944,0.071738,0.385244,-0.739701,0.126082,1
0.622314,0.378733,-0.270381,0.399465,1.410937,0.360798,0.931349,-0.624314,0.461955,-0.469020,0.157163,0.801573,0.328241,0.710568,-0.206524,1
0.372225,-0.307817,-0.350070,-0.044433,-0.470305,-0.732663,-1.009799,-0.073010,0.667501,-0.079467,-1.281369,0.775990,-0.997874,0.332566,-0.092021,1
1.250778,-0.171707,0.110614,-0.888226,0.684725,0.950472,-0.722549,0.347266,-0.411886,-0.007893,-0.302307,0.991313,0.294634,0.962767,0.928524,1
1.764523,0.153750,0.970407,0.038715,-0.214903,-0.547987,-0.000754,0.161878,1.394403,-1.121376,1.356083,0.176137,-0.344973,-0.302530,-0.081163,1
1.498856,0.055992,0.567375,0.839193,-0.327811,-0.318322,-1.674455,-0.440743,0.212421,0.786520,0.549145,-0.273185,-0.233857,0.127193,0.071420,1
1.410241,0.459991,-0.225923,-0.330620,0.210847,-0.821154,-0.428190,-0.986977,-0.443365,-0.026171,-0.040983,-0.172171,-0.239688,0.415043,-0.533726,1
2.048782,1.721254,0.181943,-0.144621,0.881408,-2.102257,-0.453910,0.534100,-0.513247,0.558414,-0.063149,-0.045101,0.194044,1.067743,-0.524183,1
0.371586,0.350345,-0.079325,0.118065,0.726427,0.422930,0.231987,0.662321,-0.218338,-0.892318,0.169505,0.555092,-0.281937,0.393626,-1.131245,1
1.936754,-0.798839,0.926440,-0.538475,0.310096,-0.463602,-0.169997,-0.720319,-0.247695,-1.193347,1.063449,1.467794,1.740739,-0.916113,-0.695409,1
1.257261,0.302823,0.128057,0.926230,-0.818647,0.966752,-0.065964,0.884211,0.749011,0.422076,0.197807,-0.564404,-0.730854,0.625696,0.780675,1
1.029603,-1.012527,0.121560,-0.745081,-0.715216,0.564861,0.029490,0.202967,0.433269,-0.282536,-0.712219,-0.707602,-1.045584,-0.244262,-0.014254,1
1.788744,0.315318,-0.005893,-0.020840,0.267930,0.773570,0.254765,-0.866119,0.358313,-0.616041,2.091203,0.399990,0.046438,1.219331,0.371435,1
0.569290,0.012070,-2.096531,-0.582810,0.153171,0.508263,0.451479,-0.930984,0.075517,0.040377,0.013877,-0.152611,0.658773,-0.107160,0.117527,1
0.828431,0.305401,-1.042034,1.382896,-0.558846,0.477545,0.147850,0.335637,0.781401,0.600846,-0.468405,-0.211050,-1.103258,-0.471632,0.878296,1
-0.481366,-2.348349,1.043055,-0.396320,0.522713,0.511741,0.998124,1.235837,-0.272517,-1.589213,0.910982,0.325526,0.378295,1.063339,0.689293,1
1.273224,-0.581460,0.813454,0.005066,0.114336,-0.536319,0.614238,0.181140,-0.720371,0.513131,-0.116871,-0.798919,0.117117,0.177767,1.044196,1
1.562306,-0.637050,-0.037214,-0.993410,0.743168,0.267364,0.525198,0.850652,-0.331919,-0.197433,0.609947,-0.257553,0.907190,-0.074918,1.033564,1
1.634624,0.076855,-1.005646,-0.089373,-0.800827,-0.020216,1.223282,0.241826,-0.862022,0.843093,-0.917776,-0.187886,2.604377,0.145673,-0.434789,1
0.825576,-0.162521,0.460226,0.761802,0.548442,-0.099436,0.986214,-0.743927,1.424376,0.637582,-0.393455,0.509083,0.722854,1.720938,1.052936,1
0.899053,-0.427904,-0.452313,-0.185549,-0.503327,-0.421489,0.784858,-0.530409,-0.184609,0.549429,-1.098974,0.684306,-0.223283,0.476187,-0.106442,1
0.645437,-0.314332,-0.011268,-0.122778,-0.054134,0.399228,-0.878898,0.329826,-0.037852,-0.356578,0.250752,-0.189422,0.782757,-1.307595,0.326996,1
2.341598,-0.070241,0.273474,0.526768,-0.974169,-0.321084,-0.014421,-0.759093,0.315705,-0.812206,0.010847,-0.218425,-0.413038,-1.824351,0.344326,1
2.163494,0.567266,-0.404109,1.292154,0.914060,-0.121711,-0.310718,1.072610,-0.001143,-0.915236,0.454303,1.234020,-0.247516,-0.476637,1.190300,1
-0.305753,-0.688207,0.357919,0.154624,-0.766651,-0.410720,0.405349,-1.547181,0.255263,-1.589828,-0.669080,0.232781,2.115354,1.097941,-0.896151,1
-0.378279,0.628426,0.940420,0.086257,-0.826953,-0.410524,0.838075,-0.087693,-1.031008,0.069747,-0.496962,0.134780,0.451453,0.615255,-0.005208,1
1.849964,0.011268,-0.540004,-0.096118,1.069904,-0.634161,0.236531,-1.706779,-1.018552,-0.150250,0.727102,-0.545930,0.964885,0.593995,0.259685,1
1.445766,0.889639,1.140538,-0.424380,-0.194597,1.116957,0.308638,0.286771,1.241667,0.745322,0.330808,-0.195399,0.572075,-0.857343,-1.315973,1
1.123378,-0.660493,0.736951,-1.101724,0.681106,-0.263725,0.972183,-0.520987,1.401162,0.289511,0.532370,0.527537,0.574594,0.172592,-0.938375,1
0.536022,-0.526200,0.186004,0.163018,-0.278454,-1.507266,0.318199,1.265001,-0.910520,0.490121,1.808468,0.463128,-1.708060,0.170415,1.032541,1
1.872343,0.188508,-1.249526,-0.508889,0.068750,-0.037656,0.759379,0.456433,-0.551266,-0.525358,-0.204678,0.481723,1.979519,-0.655545,0.475426,1
-0.304904,0.786820,0.023844,-0.045923,1.077916,-0.566245,1.283811,-0.710404,0.769416,0.400445,1.333298,-0.497799,0.448694,0.272973,0.908640,1
0.133035,0.389489,-0.169060,0.700172,-1.099442,-0.493925,-0.794980,-1.438788,-0.637641,0.673825,0.139057,-0.826095,-0.929596,0.030840,-0.586176,1
0.665974,-0.356320,1.473807,0.625585,-0.385751,-0.267231,-0.716008,0.681921,1.254658,1.288276,-0.719875,0.130686,-2.207478,-0.488708,-0.001638,1
1.958914,-0.422455,0.447881,0.336203,-0.296958,-0.756919,-0.501482,1.037427,0.728722,-0.992687,-0.866078,-1.272159,-0.432039,-0.459087,0.536554,1
1.971260,0.697589,0.297130,-0.931706,-0.724205,0.961252,-0.127661,-0.300848,0.513983,-0.049263,-0.385955,-0.771573,-0.627235,-1.353849,-0.196448,1
0.494218,0.016616,-0.392268,-0.831863,0.671300,-0.570176,-0.815150,-0.501477,-0.314512,-1.483295,0.927025,0.886929,0.249701,-1.628269,-0.301681,1
1.684281,1.596488,-0.281248,1.550163,-0.765364,-0.540882,-0.328952,-1.210104,0.065634,-1.234063,0.026340,-0.285007,1.086208,0.268716,-0.006507,1
1.152180,0.303129,-0.169079,-0.677073,0.977338,-0.647669,0.015270,-0.905036,-0.059542,0.018781,-0.692508,0.933755,-0.295293,0.405631,0.090274,1
0.848828,-0.236486,-0.301639,1.183033,-0.550186,-0.691679,0.077992,1.726857,-0.881342,0.160091,-0.980473,0.428082,0.047776,0.524529,0.694686,1
0.394072,0.449043,-0.246260,0.799880,-0.030364,0.883736,1.001956,-1.725763,-0.729031,0.700140,1.514778,0.615926,0.399884,0.297144,-0.236403,1
0.883193,0.847611,0.409736,0.484848,0.502173,-0.466682,-0.889502,-0.518833,-0.452894,0.332082,-0.142203,-1.039588,-1.172943,0.667613,-0.772631,1
1.123455,-0.816005,0.819480,-0.813421,-0.571865,-1.353657,0.282331,-0.151351,0.484589,1.563529,-0.577281,0.268614,0.453351,0.421270,1.118054,1
-0.600092,-0.373993,-0.543015,0.025117,0.140604,0.748036,-0.341514,-0.316645,0.787131,0.093359,0.658774,-0.198649,0.528835,0.333711,0.572515,1
1.259634,-1.094187,-0.007767,1.811906,0.858181,0.027582,0.222633,0.257972,0.036365,-1.324547,-0.345572,0.379970,0.189007,-0.241131,0.266334,1
0.749475,-0.596949,0.642253,0.610203,0.764227,1.029851,0.802093,-0.544057,-0.987652,0.065915,-0.253759,0.558610,-0.502327,1.059560,-0.231158,1
1.449644,0.361397,-0.150998,-0.656977,-0.124615,0.058771,0.681255,0.781416,0.269572,-0.574669,0.001386,-0.566779,0.608915,-1.666919,-0.169724,1
2.034827,-0.576852,-0.138428,0.641000,-0.400772,-0.098853,-0.696714,-0.810723,0.465541,0.131562,-0.320621,0.828269,-0.933315,1.315171,-0.084319,1
0.526665,-0.467638,-1.657196,1.501190,0.890984,-0.698501,0.419180,-0.205190,-0.063987,-1.516004,0.494515,-0.085339,-0.501229,0.412543,0.300246,1
0.446331,0.118270,0.419006,0.165341,-0.677340,0.400990,-0.642712,0.751704,0.611647,-0.804631,0.399803,-0.504894,0.059507,1.513630,-1.743268,1
2.961972,-0.192770,-0.369850,-0.053030,0.420946,0.794142,-0.010106,-1.283710,0.494585,-0.065594,-0.045098,0.290315,0.183297,-2.388255,-0.275991,1
1.301980,-0.978786,1.112060,-1.323324,0.389792,-0.485780,-0.185082,1.398282,0.525871,0.175236,0.076470,-0.856916,1.090224,0.971142,-1.607033,1
0.587862,-0.110659,-0.202901,-0.019937,-0.447693,-0.550133,0.113421,-0.183986,-1.158128,0.110529,-0.254703,0.761989,-0.407921,0.317683,0.995270,1
0.782533,0.548161,-0.756556,0.174757,0.633231,-0.503241,0.359056,0.153189,-0.328331,1.023392,-0.026056,0.225999,0.124058,0.194945,0.041972,1
-0.987470,-0.459175,-0.508777,-0.060269,0.244636,-0.505458,0.598363,0.782986,-0.354736,0.197197,-0.201561,-0.473061,0.338566,-1.381408,0.367896,1
0.707273,-0.632670,-0.773447,-0.322082,0.420295,0.530940,0.200069,0.656267,0.339071,-0.539006,0.146470,-0.578948,-0.949297,-0.033904,-0.572114,1
0.905233,-0.151049,0.047253,0.238338,0.369874,-0.712114,0.662866,1.539102,-0.708868,-0.038619,0.326841,0.881211,-0.208789,-0.433811,1.362607,1
1.958647,0.509071,-1.645183,0.428921,1.188138,-0.890590,-0.733842,-0.315590,-0.493067,-0.897940,0.478738,0.639030,-0.179020,-0.702949,0.996258,1
0.339454,0.064224,0.030039,0.090833,0.581180,-0.312130,-0.452701,0.122649,-0.212142,-0.376712,-1.685826,-0.148856,0.390134,-0.121590,-1.570619,1
0.829237,-0.818190,-0.964942,-0.766603,-1.545703,-0.101642,-0.253976,1.254809,0.201852,-1.050079,0.082208,-1.519980,-0.719393,-0.807501,-0.455865,1
0.681409,0.150779,-0.658909,0.091153,0.036460,0.602463,0.010119,0.343935,0.799366,-1.457159,-1.103942,-1.434628,-0.514045,0.350744,-0.106714,1
1.143618,-0.613206,-0.173331,-0.589936,1.647419,0.376664,-0.394982,0.553107,0.189950,0.274236,-0.285231,-0.644940,0.364037,0.488040,0.546134,1
1.241824,-0.990225,0.072777,0.149541,-0.239363,-0.913893,-0.338606,-0.047928,0.980690,-0.761671,0.865469,0.107748,-0.373682,0.450136,-0.258076,1
-0.246080,-0.580627,1.131569,-0.163644,-0.007306,0.154006,0.531920,-0.333529,0.143633,0.048070,-0.147882,-0.352319,1.059649,-0.239139,1.123577,1
1.120679,-0.119072,-1.022973,-0.939922,0.796725,0.297012,-0.328801,0.074415,-0.591220,-0.122461,0.060672,-0.112215,-0.109726,-0.405659,0.044781,1
-0.109374,-0.612997,0.462477,0.866742,0.087297,-0.587738,1.016183,-0.300568,-0.989311,-0.610063,0.218585,0.500327,-1.164517,-0.516268,0.604162,1
1.790480,0.567425,0.699686,-0.059197,-0.091782,-0.150667,0.225625,1.627709,-0.628286,-1.499914,-0.409431,0.913480,-0.307455,-0.657920,-0.323384,1
0.761454,-0.618628,-0.421631,0.324036,-0.337048,-1.046822,-0.115699,0.031666,1.029400,-1.092280,0.218273,-0.209819,-0.286404,-0.840757,0.565586,1
1.130300,0.796353,0.740430,-0.852047,1.475012,0.285025,-1.661236,-0.021034,-0.315828,0.325471,0.431567,0.195224,-1.358986,-0.040746,1.008375,1
0.761851,0.531374,-0.159648,-0.137419,-0.835758,0.262688,0.214716,-0.926934,0.735044,0.219291,-0.157886,-1.861170,-0.127838,-0.255369,-0.889590,1
-0.047917,-0.776825,-0.597003,0.081225,1.405667,0.054788,-0.209049,-0.397938,-1.641142,-0.407196,-0.117141,-0.926568,-0.347666,0.590912,0.718824,1
1.188253,-0.451858,-2.062140,0.283884,-1.360590,0.531725,-0.369571,0.770383,-0.180604,-1.604967,-0.079288,0.193254,-1.290597,-1.020475,-1.193394,1
0.292549,0.138028,0.618392,-0.662068,-0.781869,-0.345780,-1.244209,1.110583,0.019222,1.696095,0.787973,-1.143298,-0.093936,-0.228775,0.888126,1
0.216765,0.547869,0.539888,-0.228487,-0.407358,0.044067,-0.299918,-0.459021,0.473467,0.410965,0.162621,-0.719653,-0.674535,0.186677,0.109231,1
0.658802,-0.010842,0.398337,-0.259925,-0.612519,-0.532353,-0.522806,-0.150163,0.631685,-2.389865,0.498524,-0.179398,-0.370990,0.372374,0.278234,1
2.133923,0.077613,-0.433006,0.686347,0.021577,-0.834846,1.260025,0.101442,0.113339,0.220852,0.341050,0.074613,-0.855306,-1.330943,0.765174,1
0.206423,0.211415,0.540637,0.575118,-0.129015,0.817241,0.614065,-0.750055,-0.523070,-0.117296,0.168269,-0.121919,0.925952,0.707578,-1.058597,1
1.818768,0.168625,-0.164032,-0.079048,-0.506958,0.444428,1.175081,1.455649,0.310855,-0.311383,0.432556,0.316731,-0.352085,-0.254496,-0.020077,1
2.021626,0.562621,-1.866186,-0.398402,-0.134762,-0.674484,-0.519446,0.019163,1.076370,0.023177,-0.603594,0.185383,-0.106169,-1.164239,-0.128514,1
1.010630,0.452015,-1.252671,0.423062,-0.144583,1.267348,-1.864947,-1.112959,0.812694,-0.956499,-1.206539,0.663573,-0.505785,-0.341525,-0.896868,1
0.525423,0.465617,-0.301412,-0.093329,-0.626294,-1.036108,0.091948,0.282737,1.113783,-0.677342,-0.691760,0.072976,-0.470211,-0.188451,1.326912,1
1.649323,-0.171763,0.716232,-1.335315,-1.211465,0.681425,0.376482,-0.793823,0.165432,-1.024575,-0.399214,-0.373682,-0.481830,0.619701,0.085662,1
1.428639,0.627104,0.419990,1.040728,-0.168581,0.148884,-0.346388,-0.591212,0.584706,1.389200,0.369674,-0.566976,0.906012,0.356856,-1.946467,1
0.664950,-0.651246,0.609110,-0.345458,-0.445796,-0.090380,0.967090,0.871800,0.224641,0.518095,0.236088,-0.983415,0.143630,0.490095,0.850650,1
-0.258195,0.730453,-1.152943,-0.488542,-0.305740,0.401469,0.020475,-0.080943,-1.002246,0.713012,0.605151,0.904097,0.937051,-0.623326,1.007145,1
1.065147,0.395690,-0.667143,0.667780,0.264551,-0.677887,-0.934124,0.770852,-0.238028,-0.418125,-0.522861,-1.895822,0.318572,-0.147286,-1.586278,1
0.986758,1.018267,-0.950137,0.258847,0.042371,-0.437300,-0.145958,1.190257,-0.261047,-0.765057,-0.254236,-0.945928,-0.012281,-0.324771,-0.760284,1
2.170916,1.090087,0.417359,-0.322352,0.087943,-0.218323,-0.686624,0.476094,-0.532103,0.856537,-0.354866,-0.429671,0.195553,1.340745,0.015463,1
0.142434,2.047004,-0.208441,0.110245,-0.149630,-0.021752,-0.186501,-1.390319,-0.084747,-0.713614,-0.560805,0.377184,-0.386490,-0.026008,-0.082515,1
0.831987,0.010448,0.632967,-0.067335,-0.214362,-0.980222,-0.593072,-0.830216,0.562923,-0.222124,-0.234534,-0.093930,2.022395,1.391614,0.531217,1
2.528411,0.360287,0.084404,0.567784,-0.834301,-1.416520,-1.812337,0.495689,0.900328,-0.721000,-0.311406,-1.287777,-0.459368,1.049966,-0.117898,1
0.350533,1.236856,1.506450,0.220027,0.619754,-0.746251,-0.698457,-0.683128,-0.001224,-0.615792,0.420921,1.234396,0.057549,-1.792845,-0.525515,1
-0.077431,0.535280,-0.567008,-0.599126,1.782208,0.167468,-0.459823,-1.257336,0.180445,-1.008849,0.237528,1.200331,-1.295701,0.768661,0.218961,1
0.441485,-0.070307,-0.338050,0.660232,-0.414937,-0.781306,-0.693447,-0.548118,-0.464134,-0.081130,-0.764500,-0.406402,-1.337356,0.744592,0.772922,1
0.842409,-0.708814,-1.395570,-1.150679,-0.004066,-0.026515,-0.180006,-0.692572,-0.146999,0.256094,0.124574,0.398788,-0.057039,1.134821,0.235968,1
1.013474,0.583894,-1.420106,-0.096420,-0.370934,0.222820,-0.259095,-0.705389,-1.162883,0.479421,-0.226489,-0.635289,0.558053,-0.438177,-1.402572,1
0.503887,0.566380,-0.024360,0.349797,0.110334,-0.007262,0.238611,-0.329102,0.319898,0.023858,-0.337583,0.291557,0.300949,0.072663,0.069864,1
1.767641,0.050813,-0.212801,-0.904827,-0.690449,0.075556,-0.753477,-0.294800,0.288230,0.725864,-0.989163,-0.649264,-1.766968,-1.439941,1.811913,1
-0.538907,0.536593,2.044422,-0.067765,-0.104500,-0.735982,-0.722778,0.562479,0.650531,0.487563,0.826795,0.096789,0.532804,-1.273292,-0.309928,1
2.442763,-0.608370,0.126057,-0.472121,-1.060065,0.446258,1.565208,1.592098,0.955126,-0.339230,-0.723665,-0.580527,0.426861,0.456063,-0.887347,1
1.188788,0.508677,-0.633371,-0.480544,0.712527,-0.068448,-0.666219,1.165629,-0.092592,-0.600618,-0.536788,-0.437692,0.145231,0.244168,-0.247874,1
1.068770,-0.359957,-0.533490,-0.441331,1.516071,-0.811222,-0.771544,-0.063154,0.907006,0.598589,-0.158414,-0.658960,-1.325166,1.416367,-0.437373,1
-0.126348,-0.029169,0.510458,-1.101826,-0.266605,0.108149,-0.692334,-0.728958,-0.637789,0.836654,-0.461310,0.144630,0.114907,-0.029088,0.879185,1
-0.329263,0.443583,1.497467,0.221490,0.413313,-0.014806,0.434832,0.450552,-0.602400,-0.440774,0.213708,0.452708,1.159490,0.816687,0.366161,0
-0.592660,-0.232623,0.120395,-0.787527,0.830616,0.250335,0.072754,-0.406128,1.341478,-0.743329,-0.782922,0.518052,-0.572091,0.498792,0.318530,0
-1.237906,0.042588,-0.995504,2.119854,0.421806,-1.183431,-0.867349,-0.314699,1.604360,-0.021603,0.468571,0.756743,0.534088,-0.379346,0.167577,0
-1.780535,0.534788,-0.691481,0.634133,-0.729636,0.002587,-0.104175,0.769411,-0.988649,-0.510118,0.494726,-0.494717,-0.458999,0.161114,-0.800043,0
-0.882781,-1.476440,-0.563150,-0.608896,-0.953459,-0.563062,2.747909,-0.165893,0.062232,-0.751346,-0.095020,-0.947127,-0.749909,-1.769642,0.917491,0
-0.224103,0.516519,0.930598,-0.062068,0.122941,0.587887,-0.173604,-1.612081,0.984896,-0.609170,-0.461844,-0.002022,-0.649791,0.873941,1.106325,0
-1.221776,0.037734,-1.844223,-0.827272,-0.831383,0.098144,0.361016,0.408731,1.554983,-0.754848,1.133861,-0.080084,0.771366,0.584009,-0.156458,0
-1.511967,0.572825,1.425001,0.800391,0.233699,-0.190628,-1.990924,-0.318072,-0.274292,0.340102,0.488025,0.284157,0.104244,-0.823314,0.478570,0
-0.256110,-0.230682,-0.051754,1.044652,0.376007,0.237057,0.017368,-0.595796,-0.440498,0.086576,0.111867,-0.788157,0.108308,-0.153331,0.415699,0
-1.769556,0.722937,1.067535,-1.107837,-0.002927,1.127476,0.457695,-0.745198,0.898823,0.392291,2.118417,-1.095840,-0.158555,-1.214344,-0.686751,0
-0.950773,-0.631490,-0.963236,-0.930175,0.569923,-1.257750,-2.006473,-0.853760,0.752538,0.034719,-1.756582,0.752222,0.219599,1.218642,-0.862134,0
-1.754673,0.184201,1.167821,-0.400867,-0.475209,0.128084,-1.173837,0.989169,-0.177006,0.002620,-0.579141,0.682508,0.023751,-0.977361,0.389826,0
-1.624910,1.171993,0.662537,0.300825,0.125125,-0.568821,0.281589,-1.068363,-0.851447,-0.474208,0.181798,0.906937,-0.394557,-0.345272,0.075807,0
-2.264945,-0.134051,0.274139,0.479268,0.019694,-0.557320,-0.004327,-0.594923,-0.110751,0.586889,-0.502163,0.588200,-0.274970,-0.643997,1.372400,0
0.559609,0.935393,0.202668,-0.246176,-1.379093,-0.519789,0.518453,0.163431,1.102076,-1.637738,0.404430,-0.092225,-1.114326,-1.385366,-0.244593,0
-1.552211,-0.577222,0.868950,0.977576,0.379041,1.635992,-0.822554,0.449302,-0.225225,-1.180448,0.541719,-0.306186,-0.613894,0.174978,-0.459997,0
-3.173419,0.442019,0.690465,-0.040097,-0.078354,-0.507473,0.670341,-0.572455,-0.225783,0.282462,-0.634797,-0.306022,0.488407,-0.965111,0.740124,0
-0.062124,1.210175,0.725935,-1.041312,-0.256253,0.553823,-0.295784,-0.021500,0.096432,-1.047353,-0.254611,0.435418,0.227820,-0.077065,0.383520,0
-0.917801,-2.073487,-0.409127,0.819141,0.438198,0.083155,-0.111837,1.092196,1.288846,0.909906,-0.335621,-0.038632,0.115135,0.353211,-1.183390,0
-0.745688,0.248816,-0.534277,0.611785,-1.185278,0.906399,-1.798263,1.374695,-0.564896,-0.653363,1.559998,-0.494875,0.501534,0.806816,0.080739,0
-1.404145,0.781359,-0.646441,-1.556277,0.060344,-1.356727,1.215999,0.032249,0.491457,0.679917,-0.611177,-1.089806,-0.408111,-1.363421,0.657845,0
-1.506796,0.294917,-1.032445,-0.284795,-0.984991,-0.854623,-0.903035,-0.025539,0.162503,-0.788884,0.750285,-0.645900,-0.348631,0.661454,-0.830388,0
-0.197376,-0.981678,1.133381,0.637118,0.518046,-0.236590,-0.454063,0.166003,-0.344893,0.594775,0.590919,0.895070,-0.011268,0.486407,-0.845883,0
-1.756418,-0.093770,-0.588472,-0.684786,0.711688,0.327293,-1.666954,-0.071898,-0.254100,0.696892,-1.451393,-1.893683,-1.314398,0.685556,1.754057,0
-0.673674,-0.825070,0.202044,-0.005470,0.597434,1.071913,0.479167,0.560684,-0.998457,-0.607155,-0.978444,-0.482880,1.116739,0.096128,-0.241603,0
-0.205854,-0.144061,-0.296882,0.424751,-0.341784,-1.151302,0.439907,0.751468,-0.440900,0.510093,0.570117,-0.289933,0.517772,-0.416884,0.019197,0
-0.460808,0.546548,-0.887906,-0.596749,-0.139864,1.302837,-0.025285,-0.710077,0.010051,1.345466,0.802668,0.417566,0.022830,-0.549237,0.571939,0
-1.456022,0.233610,0.133562,0.794690,0.854226,-0.292850,0.964258,0.217830,0.978096,-0.598632,0.661602,1.948855,1.110670,1.181467,-1.199063,0
-1.784765,0.088081,0.526117,-0.530273,1.088752,0.583917,-0.688219,-0.226108,-1.106097,-1.027672,-1.071231,0.044089,0.123723,1.187706,0.082126,0
-2.315879,0.229639,-0.682154,0.969010,1.659937,0.075380,1.133683,0.988026,0.342166,1.329307,-0.015636,0.505185,0.424656,-1.441666,-1.222879,0
-1.029388,-0.161726,0.314954,1.384349,-1.166389,0.390216,-0.308968,0.886378,0.252134,0.592010,-0.361714,0.610046,-0.424847,0.448097,-0.088804,0
-1.924479,-0.915635,-0.180483,-0.474315,0.945716,0.432822,0.718451,-0.205201,-0.902659,-0.911136,0.554223,0.705198,-0.393924,-0.488990,0.163704,0
-0.348186,-0.784425,-0.066767,-0.540447,-0.156571,-0.058442,0.042563,0.592610,-1.153098,-1.276080,-0.374749,-0.069914,0.962578,-0.326247,0.154176,0
-1.866438,0.352313,-0.138741,0.253459,0.674650,-0.722511,-0.063581,-0.220594,0.889534,-0.043162,1.367265,0.301866,-0.474519,0.968924,-0.683165,0
-0.623993,0.743222,0.234266,0.252561,-0.501422,0.011764,1.404401,0.518514,0.517878,0.139444,-1.064885,-0.634317,-1.162496,0.517720,0.221363,0
-0.304550,-0.876385,0.192164,-0.057617,1.623406,-1.304384,0.774262,-0.834027,1.010276,1.303336,0.005220,0.421797,-0.133426,0.435212,0.255169,0
-1.385614,1.349748,0.005438,0.644696,1.365507,-0.221715,-0.314223,-0.171099,-0.214781,0.141997,-0.258167,-0.272366,0.070668,1.084804,0.538021,0
0.109896,1.188487,0.492324,0.586851,1.042286,-0.043393,-0.046819,-0.106371,-0.978314,0.591464,1.021496,-0.718263,-1.041548,-0.147041,0.391120,0
-1.993297,-0.517588,0.305990,0.695727,-2.055881,-0.667610,-0.329203,0.293174,-1.102528,-0.911331,-0.267717,-0.195128,0.595590,0.896048,1.894195,0
-1.536523,-0.822537,-0.010902,0.410807,-0.136302,-0.804420,-0.196731,0.993523,1.224158,0.747695,1.605267,-0.113312,0.179492,-0.016569,-0.294907,0
0.107931,0.267145,0.558022,-0.365664,-0.306156,0.019949,-0.990569,-1.181648,-1.622396,1.055542,-0.448000,0.779436,-0.233042,-0.145520,0.360405,0
-0.835541,0.777251,-0.061522,1.575536,2.012335,1.164163,2.047586,-0.166401,-0.140575,-0.667605,-0.624668,-0.231151,-0.278820,-0.023753,-0.686005,0
-2.078690,-0.568636,1.016517,0.641211,1.051852,0.622384,-0.344454,0.441709,-1.496797,-0.187684,-0.302886,0.700238,-0.190535,-0.821826,0.322350,0
-0.863697,0.938243,-0.192146,0.195301,-0.319176,-0.283268,-0.326276,1.011484,0.323154,0.685976,1.267629,0.409669,-0.200288,-0.839219,-0.368090,0
-1.396066,0.909734,0.590681,-0.297842,-0.670043,-0.781907,0.136695,0.603696,-1.219828,-0.037066,-0.910735,0.127851,0.186118,0.293780,-0.640836,0
-1.370690,0.137396,-0.270198,-0.148031,1.303557,0.078290,-1.486701,0.619358,-0.468466,0.528211,1.529147,-0.861725,-0.345698,1.169802,0.004642,0
-1.826150,0.743822,0.169800,0.848718,-0.050443,-0.113331,0.560370,0.147521,-0.467588,0.333537,-0.478165,0.316127,0.159172,0.195542,-0.620290,0
-0.770051,-0.166476,-0.489708,0.997306,0.884874,-0.226601,0.326108,-0.773056,0.981287,0.409686,0.856703,1.300668,-0.325870,-1.089685,0.471343,0
-2.271975,-0.685149,-0.426935,-0.153866,1.449264,-0.227065,-0.276246,-0.310076,-0.692147,0.443197,-0.065213,0.329527,0.606788,0.656113,-1.547940,0
-0.299552,-2.031935,0.615102,-0.866037,0.279346,0.867166,-0.639548,0.399247,0.575037,0.492010,-0.205647,-0.041413,-1.268697,1.072124,-0.112837,0
-1.540726,1.194063,-0.557794,0.133301,0.276638,-0.193339,-0.315192,0.480101,1.292756,-0.466776,-0.020246,0.158422,-0.493271,0.416881,-0.713171,0
-1.036826,-2.195774,1.063903,-0.428569,-0.796417,-0.272052,0.581595,-0.169656,-0.343160,0.164940,-0.081007,0.546409,-1.613731,-0.442879,0.322800,0
-0.490799,0.724493,-0.809093,-0.113898,-0.458073,-0.798881,-0.451056,-0.114908,0.880374,0.091270,-1.367937,0.468340,-1.159309,0.482453,0.755706,0
-0.856239,-0.320362,0.008894,1.113575,0.139546,1.088189,0.346837,-0.291015,-0.305834,-0.720046,0.950326,0.533509,-0.809042,1.248221,0.474277,0
0.895980,-0.573108,-0.005162,0.209040,1.346520,-1.050370,0.731909,0.732050,-0.516949,-0.544915,-0.456965,0.274279,-0.994573,-0.595893,-0.487361,0
-1.056077,-0.263984,-0.049365,-0.695366,0.028747,-0.654001,0.749758,-0.478359,0.170830,0.531083,0.418245,0.264068,-0.138266,0.804399,0.760268,0
-2.308852,-0.150002,-0.650454,-0.336561,-0.778656,0.092448,-0.343491,-0.319330,0.878116,1.396126,-0.343979,0.291763,-2.382175,-1.213654,-0.150815,0
-0.331539,1.348553,0.339800,0.472982,0.259821,-1.790192,-0.506276,0.793085,0.351372,0.287314,-0.081068,0.501580,-1.077329,0.065003,1.118592,0
-1.646725,0.898983,0.200546,-1.167191,0.775900,0.231413,-1.303629,-0.555195,0.133450,0.623730,-0.005093,-0.380896,-0.620455,-0.785213,0.223944,0
-1.783877,-0.093564,-0.877390,-0.120000,-0.034262,1.247173,0.411883,0.356247,1.058992,0.547970,0.601755,-0.562116,-0.531888,0.254385,0.873494,0
-0.413989,0.250970,-2.310422,0.509866,0.381094,-0.145685,0.738389,-0.217987,0.070540,0.633001,1.199650,-1.536314,-1.068044,0.386235,-0.378127,0
0.373033,-0.496447,-0.304340,-0.086140,0.154701,-0.087136,0.878662,-0.037158,0.573776,-0.391202,-0.603923,1.468445,-1.287884,0.303329,0.141512,0
-0.857977,0.060096,-0.352777,-0.113760,-0.692613,0.177696,-0.038847,0.107666,0.015806,0.758994,1.645146,0.701457,-1.267307,-0.660487,-0.921752,0
-0.069139,-0.213651,2.155067,0.450406,-1.541315,-0.432792,0.347795,-0.411619,-1.887128,-0.500590,0.387613,-1.240402,0.348687,-0.379653,-0.435746,0
-0.699842,-0.279048,-0.387774,-0.431395,0.717062,-0.256336,1.494104,0.490867,0.116067,-0.803427,-0.066971,0.661327,-0.226412,0.508879,0.085600,0
-0.408654,-0.841700,0.408979,2.155449,-0.449689,-0.262646,-1.731674,-0.273041,0.443567,-0.213084,0.828738,-0.252674,-0.060514,-0.007599,-0.858307,0
-0.287387,-0.273767,-0.073154,-0.260895,0.700754,-0.914625,1.310069,-1.512726,-0.070617,0.904437,0.918075,1.108989,-0.893790,0.744339,-0.471352,0
-0.625923,-0.213103,-0.454465,-0.456689,-1.664089,-0.462704,1.706040,1.115415,-0.262488,-0.611897,0.955051,0.787336,0.169532,0.068382,0.805511,0
-2.579713,-0.650420,-0.583519,-0.857665,-1.315908,-0.267534,-0.380489,-1.052272,-0.620786,-0.142874,-0.852941,0.050774,-0.753962,0.227322,-1.611171,0
-1.800466,0.176999,0.880957,0.023976,-0.388741,-0.400878,0.059982,0.457385,-0.819146,1.021641,0.294811,0.005937,0.121816,-1.026063,-0.313220,0
-0.996577,1.090483,0.328674,-0.575823,0.693071,-0.644900,0.177502,0.597254,-0.296849,0.316892,0.190262,-0.057088,-0.297749,-1.006310,0.502867,0
-1.010062,1.872950,0.747809,0.517398,-1.289722,-0.062259,-0.152135,0.881792,-0.744159,-1.064914,-0.078015,-0.700001,-0.683470,1.002096,1.219893,0
-1.953212,0.869273,0.441936,0.511049,0.021540,0.683745,-0.809186,-0.982245,1.076424,0.830767,0.124011,-1.504272,0.431431,0.982669,0.320984,0
-0.916076,-0.742617,1.057108,-0.931860,0.917099,0.840470,-0.011686,0.556613,-0.594748,0.167033,0.857667,0.525199,0.128551,-0.094850,0.393569,0
-0.712154,-0.833541,-0.984168,0.009624,0.336433,-0.002911,0.670564,-1.122274,0.085623,0.873170,-0.363398,0.279526,-0.248946,0.593860,-0.012263,0
-1.171201,0.938216,-0.527319,0.417533,0.409514,1.223502,-0.468322,-1.502164,0.329156,0.163705,0.295705,0.361486,0.627979,0.349088,-0.986227,0
-0.782350,-0.088891,-0.411021,1.541530,0.350039,0.371701,-0.501749,-0.166235,-0.199551,0.383106,-0.677330,-0.541804,1.700576,-0.015744,0.313329,0
-0.242554,0.699359,-0.828418,0.038384,-0.049321,1.397588,-0.568368,0.532394,-0.558855,-0.709385,-0.249619,-0.433383,0.979432,0.679016,-1.207447,0
-1.414335,-1.124393,0.821087,0.071608,0.369218,1.155641,0.718035,0.024744,-0.245314,-0.192989,0.724977,1.286802,0.043589,1.239383,1.663590,0
-0.736450,-1.014016,0.364462,-0.817134,0.271019,-0.443529,0.458249,1.099609,-0.930355,-0.092564,0.483876,-0.204519,-0.122703,0.049828,-0.515172,0
-0.611275,0.129561,-1.570854,-0.095330,0.928478,-1.267944,-0.191642,-0.318789,-0.286673,-0.205637,-1.096514,-0.490649,-1.013983,0.957581,-0.381612,0
-0.036361,-0.258746,-0.078604,0.446985,-0.445704,-0.421508,-1.588396,-0.483833,0.420231,-0.512724,-0.612728,-1.272578,0.771951,-0.546362,0.217428,0
-1.420540,0.983356,-0.368986,0.305817,0.724053,-0.438947,-0.317221,1.735300,-1.612382,-0.497684,1.384236,-1.825229,-0.782167,0.504933,1.000784,0
-1.024831,0.773306,0.683113,0.339414,-0.483455,-0.025939,-0.747672,0.564601,-0.350509,0.495502,-1.197881,0.266319,-1.368229,-0.715430,0.494456,0
0.511625,-0.391025,0.129745,0.055190,0.940429,0.657693,0.741211,0.002306,-0.388259,0.518828,-0.447497,-0.762923,1.249577,-0.977931,0.227789,0
-0.721231,1.551557,0.925909,-0.121309,-0.843379,0.366056,1.274761,0.719128,-0.407025,-1.478107,-0.311036,-0.668069,1.346077,-0.154209,0.726114,0
-2.300393,0.631237,-0.108629,-0.093481,-0.071081,-0.625034,-0.461638,0.458479,-0.886006,0.197438,1.284050,0.728436,-0.401569,0.954404,-0.174088,0
-1.931623,-0.254433,-0.560141,0.237013,-0.517036,-1.361238,0.854781,-0.868679,-0.506984,0.729208,-0.506546,-0.243141,-0.332826,-0.095528,0.314316,0
-0.535263,0.423510,1.611461,0.388522,0.016534,1.569382,-0.328612,-0.002460,0.797977,-0.836085,0.681810,0.921672,-0.133428,1.688654,1.851000,0
-0.996150,-0.475976,-0.766268,-0.685882,0.610360,-0.651902,0.333545,-0.396183,-0.146069,0.662054,-0.073695,0.112728,-0.429234,0.239591,0.296404,0
-1.699075,0.576655,-0.391891,0.270652,0.415235,0.498852,0.839615,1.044129,0.614725,-1.450333,1.054501,-0.176015,0.265376,0.457980,-1.407647,0
-0.755781,-0.343118,1.599797,1.125923,1.198544,-0.027602,0.846890,-0.357173,-1.146389,0.153478,-0.055211,-0.078052,-0.031399,-0.112957,-0.161052,0
-0.141975,-0.321393,0.349064,1.155948,-0.470715,-0.193839,-0.750590,-1.154824,0.029146,-0.628077,-0.197311,0.366406,0.388479,0.257145,-0.306914,0
0.123475,0.664364,0.941924,-0.153762,0.931818,-2.123434,-0.100202,-0.820966,0.538815,0.184296,-0.321369,0.447774,-0.277494,-0.692451,0.862314,0
-1.226187,1.110910,1.065234,-0.163983,0.884035,0.117795,0.266600,0.522887,-0.467824,-0.280602,-1.032041,1.356899,0.448603,-1.554268,0.755129,0
0.347273,-0.438689,0.228091,-0.235943,0.238378,-0.129451,-0.402667,-0.654164,1.701787,0.057960,-0.493514,-0.285456,-0.241457,0.148364,-1.163705,0
0.210009,-0.029796,-0.294068,0.436153,0.013018,0.036233,-0.463376,-1.006500,-1.215851,-0.223740,-0.283600,0.103358,-0.395886,1.210892,-1.311327,0
-1.062744,0.561167,0.122478,0.095814,-0.608936,0.577715,-1.521151,0.562741,-0.265940,0.346554,-0.905432,-0.511777,-0.538609,0.981547,-1.612349,0
0.203194,-0.082027,-0.857634,0.526923,-0.975426,-2.084319,1.282341,-1.230708,-0.580751,-0.739061,0.603767,1.552252,-0.844899,-1.329184,-0.160269,0
-0.946163,-0.098526,-0.530664,-1.495140,0.704571,0.050775,-1.604144,-0.974503,0.118760,0.678752,-1.226521,-0.152527,-1.757452,-0.710622,1.388923,0
0.321874,0.499386,-0.445017,0.075518,0.739196,-0.007956,0.258889,0.096991,1.066176,0.142583,-1.124603,-0.100339,-1.243941,0.551616,-0.799555,0
-1.456757,-0.392280,0.289707,1.203761,-1.028045,-0.808318,1.324265,0.419219,0.165788,-0.648929,-1.235794,-0.461063,0.274500,-1.363076,0.453065,0
-1.209559,0.630889,-0.753738,0.403108,-0.107907,-0.321643,-0.912422,1.166524,0.205487,0.218049,-0.459815,-0.708194,0.565187,0.028148,0.008596,0
-1.578089,0.015935,-0.017321,-0.191118,0.762777,0.470593,0.241192,0.198933,-0.242980,-0.002409,0.051435,0.178171,-0.574946,-1.372514,-0.382803,0
-0.977662,1.446412,-1.657516,-0.341838,0.543694,-0.764918,-0.396142,0.386720,-0.507659,0.117189,0.446002,1.296397,0.019389,-0.112265,-0.411099,0
0.595994,1.015718,0.474584,0.550343,0.773828,-1.088912,1.469423,0.671670,-1.477682,0.565181,1.926952,0.531430,-0.574885,-0.003165,-0.585272,0
-1.974892,-1.158104,-0.914376,-0.145878,0.531161,-0.211131,-1.082565,1.383899,1.713520,0.073093,0.979340,-0.785423,-0.778262,0.309501,-0.524087,0
-1.796377,0.211066,-0.944690,-0.287433,-0.557641,0.667459,0.708929,-0.834799,0.559673,0.359991,-0.366768,0.172931,-0.409174,0.454115,-1.593029,0
-0.921575,-0.106550,0.767512,0.191499,-1.441788,0.014075,-0.721708,0.584345,-0.360414,-0.448468,0.256861,0.525778,-0.051098,-0.191050,0.123573,0
-1.858311,0.358647,1.475594,2.097428,-0.804687,-0.627782,0.132190,-0.863507,1.150959,0.552582,0.394646,1.005418,0.717610,-0.072817,-0.579961,0
-2.146692,0.797411,0.064394,-0.568564,0.397885,-1.423144,-0.076335,0.213244,0.840078,0.258211,-2.314977,-0.258563,-0.728579,0.521861,-0.004676,0
-1.021574,-0.181607,-0.374377,-0.300843,-0.028492,0.237077,0.750419,0.414210,-0.210179,-0.397327,-0.857246,-0.275782,-0.622719,0.871609,-0.083096,0
-0.909031,0.574331,-0.319916,1.328200,0.974481,-0.501690,0.642502,-1.191549,-0.201286,0.054157,-0.671010,-0.987315,-0.120597,0.767892,-0.448918,0
-1.784378,1.835312,1.236413,-0.071610,0.166741,0.266444,0.585907,1.461072,-0.889889,-1.241621,-0.963348,-0.113945,1.199000,-0.869118,-0.967876,0
-2.145983,-1.154131,-0.805692,0.066020,-0.136806,-1.627288,-0.965581,-0.178146,-0.098527,0.503798,-0.348980,-0.570103,0.106664,-0.629663,-0.130585,0
-2.925542,0.816561,-0.880312,0.447968,-1.037078,0.246620,-0.133357,0.173255,-0.844184,-0.874849,-0.857903,-0.282173,-1.020794,-0.356299,-0.135208,0
-0.083306,-0.192563,-0.722280,-0.177889,0.709880,-0.096389,0.634901,0.494221,0.650970,0.764692,-0.257344,-0.013815,1.511216,0.191182,0.471600,0
-0.990781,-0.831723,-0.746699,0.021636,1.453494,1.328213,-0.575298,1.311665,-0.448330,-0.551369,-0.430311,1.660985,0.887255,-0.916209,-0.224869,0
0.739692,-0.465493,-0.473671,0.760437,0.198341,0.825162,0.704558,-0.716577,0.208519,-0.535898,-0.027478,1.570532,0.400717,0.831568,0.233158,0
-2.182964,-1.321431,-0.470641,0.948893,-0.321134,-0.954626,-0.321219,0.623519,-1.018916,-0.913554,0.787715,-0.562565,0.206862,-0.422427,0.010251,0
-0.704134,1.098395,-0.462342,-0.140975,-0.179327,-0.274364,-0.590277,0.900168,0.189904,0.179950,0.173116,-0.180610,1.103091,0.699122,-0.606737,0
-0.698005,-0.464983,-0.469396,-0.888724,0.225736,1.082130,0.343857,-0.301317,-0.093293,1.026365,1.239799,0.455434,-0.383795,-0.655047,-0.795136,0
-1.049421,-0.551026,-1.145031,0.121913,-0.977022,-0.167852,0.992139,-0.778476,-0.076517,-0.504909,0.172671,-0.718533,-0.415967,-0.126870,0.185047,0
-0.818457,0.417757,0.754677,0.188190,0.900704,0.172480,0.409310,-0.813490,0.493466,1.192957,1.166051,0.611517,0.697347,-0.446826,-0.493810,0
-0.104896,-0.084734,0.700099,-0.506869,1.346758,0.110677,-0.398684,-0.340228,0.427906,0.455950,0.058857,-0.360548,1.149506,0.095940,1.311103,0
