2.656616,0.905010,-0.478934,-0.915048,-0.028618,-0.082474,-0.657149,-0.903790,0.304225,-0.305470,-0.369426,0.256875,0.300302,0.726492,0.307438,1
1.768147,1.251485,1.285534,-0.976525,-2.228789,-0.120312,0.137709,0.457041,0.985627,-0.164609,-0.315401,0.511914,0.774652,-1.132978,0.762539,1
0.473532,0.021997,-0.761822,0.535883,1.580366,-0.413843,-0.441132,-0.243209,-0.251187,0.491325,0.074350,0.178852,0.880293,0.657738,0.225794,1
1.398423,0.905464,-0.471689,-0.493752,0.024168,0.495249,0.819745,-0.123060,-0.834528,-0.190379,-0.587430,1.560947,0.647163,-0.365639,0.889822,1
1.303777,-0.614914,1.599716,-1.536151,1.217971,-1.409374,-1.583158,-0.508818,1.842957,-0.162985,-0.070251,0.448348,0.086086,-1.019176,1.110052,1
0.040021,-0.795577,0.736070,0.027396,0.946342,0.634228,-0.008000,-0.863258,0.596099,-0.021191,1.106053,0.325340,0.205438,0.579332,-2.192377,1
1.465271,0.752387,0.963974,0.208352,0.797668,0.346824,0.329661,1.490315,-0.173409,-0.078419,0.390993,-0.087338,-0.200350,0.184763,0.924892,1
1.522721,-1.894096,-0.438375,0.068541,0.500276,-0.170007,0.214696,1.197989,-1.029357,1.734805,-0.517133,0.541044,-0.444654,-0.420239,-0.403508,1
-0.265027,-0.072607,-0.099181,1.034500,-0.628930,-0.980021,-0.616262,-2.025986,-0.934397,0.589969,0.493352,-1.281517,1.115084,0.407179,-0.366490,1
1.538463,-0.040281,-0.911068,0.248889,0.650931,-0.142338,0.231286,0.336759,-1.170640,2.354254,0.759477,0.660958,-0.580686,-0.438522,-0.447604,1
2.150614,-0.336953,-0.456200,-0.858455,-1.239073,-1.002332,1.240348,1.087511,0.068007,-0.503042,1.266457,-0.048324,1.713860,0.468208,0.014366,1
1.850702,-1.850996,-0.139588,-0.114116,0.203274,0.261583,2.273631,0.027485,-0.212024,-0.932210,1.240997,0.452685,0.282972,0.440738,-0.046364,1
0.304591,0.812410,1.524820,-0.278460,0.171231,-1.376655,0.356681,-0.573722,-0.084381,-0.793733,0.633331,-0.153279,-0.460883,-0.267993,0.248773,1
-0.195728,0.347278,0.295411,0.828032,0.393573,-0.523598,0.473718,-0.741403,-0.344724,-0.129210,0.501968,-0.333209,-0.762755,-0.465936,0.301716,1
0.908828,-0.715461,-0.136726,-0.273548,-0.131021,-0.664535,-0.145319,0.111987,1.303362,0.149264,-0.147034,0.098008,0.592628,0.629943,-0.615014,1
0.087007,-0.853067,0.780900,0.240935,0.239934,-0.901157,1.554065,-0.493570,0.595387,-0.201587,0.310387,-0.104834,0.923606,0.153242,0.307875,1
1.648893,-0.289164,1.510366,0.162131,-1.284890,-0.200864,-0.545143,-0.361571,0.909495,-0.087076,-0.244548,1.056045,0.074960,-0.167529,1.114098,1
1.178498,0.432128,0.589826,-0.428476,0.390501,-0.433577,0.648894,-0.045783,-0.305536,0.292909,0.087233,-0.880395,0.071509,-0.209180,-0.541620,1
1.781554,0.553872,0.120867,-1.186225,0.008588,0.871072,0.285685,2.062347,0.533206,0.573375,0.030147,0.089075,0.078358,-0.718848,-1.026917,1
-0.039388,0.742604,0.547231,-1.013465,0.337055,-0.333352,1.063822,-1.684623,0.217584,-0.510221,-0.284915,-1.105352,-0.948589,-0.747585,-1.179663,1
0.437135,-0.775447,-0.251434,-1.452929,-0.716863,0.713252,0.032213,0.772615,-0.966442,0.675777,-0.073772,0.518825,0.494042,-0.860396,1.378466,1
1.510768,0.517454,-0.327271,1.021547,-0.935650,0.462371,0.551808,-0.484666,0.487206,0.992068,0.215737,-0.357270,1.195690,0.610252,-0.771549,1
0.992754,1.546180,0.039025,-0.261357,-0.755884,-0.300303,0.157187,-0.349680,0.300222,-0.112328,-1.127642,-0.578868,-0.814111,0.881299,0.029421,1
1.403881,-0.786642,-1.083969,1.916863,-0.522961,0.630033,0.337547,-0.080710,-0.616078,0.149705,-0.779104,-0.077169,0.277518,-1.504205,-1.429930,1
1.892050,0.110573,0.096028,1.262659,0.659765,0.296103,-0.455695,-0.068414,-0.922167,-1.157573,-0.701194,-0.062168,-0.028472,0.558334,1.226732,1
0.521205,-0.823044,-0.135406,-0.221019,0.095822,-0.051610,-0.620483,0.868809,-0.679374,-1.349215,-0.616624,0.319389,-0.720073,-1.129016,0.880441,1
1.865562,0.688210,1.232510,-1.300286,-0.242280,-0.053602,-1.149156,0.206615,0.301275,-0.480844,-0.322177,-0.225840,0.756653,0.839407,0.316247,1
2.255039,-0.104684,-0.578701,-0.301480,-0.996861,0.407626,0.297279,-1.292214,-0.470661,0.368068,-0.429236,-1.747629,-0.922451,1.050488,-1.074445,1
1.046287,0.623241,-0.837144,-0.048194,0.859428,-0.190143,-0.944869,0.797152,-0.659645,0.538054,-0.273128,0.130505,-0.109608,-0.510048,0.243750,1
1.720273,0.774200,0.305914,-0.440754,0.515049,-0.222520,0.086992,-0.534720,-1.513272,0.199794,-0.257428,-0.188722,0.222393,0.380532,-0.209698,1
2.296408,0.873129,-0.282559,-0.535000,-0.941346,-0.450189,-0.341621,0.990418,0.211914,-1.735929,-0.310985,0.503234,0.837078,-1.058502,0.669981,1
1.267696,-0.053059,-0.613719,0.444090,0.966970,0.248968,-0.076372,1.029094,0.175763,-0.247641,1.098758,0.996327,0.090636,0.697503,-1.251682,1
1.838574,0.027609,-0.044634,-0.548188,0.337422,-0.582220,-1.178246,-0.015861,-0.837409,0.671151,0.095354,-0.304797,0.192749,0.314228,0.047312,1
0.993573,0.015118,0.791543,0.970085,0.553753,0.423829,0.268069,1.028337,0.028063,1.458751,-0.892048,-1.591061,0.386710,-0.392587,-0.238201,1
0.175378,0.770995,0.038595,-0.106019,1.004286,-0.969633,0.591162,0.190643,0.854346,0.283274,0.939251,-0.690160,1.773704,-0.510165,1.033887,1
0.076483,0.980408,0.122360,-1.710589,0.928452,-0.195042,-0.779249,-0.901678,-0.071244,-0.119378,-0.925068,0.204769,-0.761611,0.650895,-1.113531,1
1.295197,-0.118192,-0.525031,0.076074,-0.130401,-1.357386,1.112872,-0.626872,-1.478722,0.244833,-0.631806,-0.486993,-0.918479,0.009029,0.351011,1
0.807518,0.069398,-0.655489,-0.507578,0.296682,-0.242374,0.990996,0.298318,0.801466,-0.006869,-0.541000,-1.616117,0.809279,-1.094309,0.702864,1
-0.561300,-0.803350,0.270413,0.561900,1.371588,0.991029,-0.351607,-0.461717,1.371210,0.135974,1.170497,0.026705,-0.455046,-0.055601,0.117540,1
0.681161,0.360707,-0.909465,-0.082525,-0.309352,-1.351172,-0.060627,0.173157,-0.362805,0.281353,-0.477365,-0.725970,-0.625658,-0.077468,-0.725347,1
-0.439247,-0.033082,-1.024662,0.193931,0.653249,1.289726,-1.365152,-0.241820,-0.446599,-0.861324,-0.564511,-0.863121,-0.549237,-0.801697,-0.245301,1
0.727332,0.739928,-1.182661,-0.838099,0.330416,-0.058700,0.581850,-0.915939,-0.476141,-0.996031,-0.663280,-1.329755,1.950985,0.277874,-0.245443,1
0.552037,0.382020,0.638932,0.393011,-0.264183,0.295666,0.370464,0.181631,0.518991,0.360676,1.122163,0.056872,0.022651,0.414777,0.805260,1
1.994145,0.243209,-0.431044,-0.436201,-0.560205,-0.460891,-0.258203,-0.425753,1.092618,-0.101840,-0.676079,0.353053,0.224543,0.142596,1.165006,1
0.992110,-0.783662,-1.116095,-0.627174,0.059854,1.031928,0.518960,0.127221,0.069442,0.438989,-0.710440,0.208067,-1.574610,-0.823113,-1.357627,1
1.675603,-1.115461,0.101116,-0.981369,-1.207074,-0.235296,-1.633121,-0.750178,-0.701912,-1.555383,-0.300536,-0.109829,-0.139670,-0.095261,-0.348843,1
1.408286,-0.012300,-0.464289,0.683350,1.327744,0.961666,0.482427,-0.743175,-2.167405,0.075535,0.769164,0.294095,-0.967840,0.683484,-0.406034,1
0.190753,-0.475459,1.630977,0.537813,0.532116,0.231001,-0.752724,0.135092,-0.810753,1.094949,1.032606,-0.115158,-0.199381,-0.355667,0.438170,1
0.846292,0.881256,-1.084044,-0.290514,0.710967,0.429156,0.480024,-1.548428,0.564180,1.140465,0.045897,1.342164,0.011642,-0.145533,-0.764526,1
1.525238,-1.731725,-0.176125,0.153795,-0.549736,-0.643202,1.188915,-0.674732,0.840200,-1.604792,1.273302,-0.858068,0.305789,-1.120576,-0.167848,1
1.493937,-0.546200,0.335008,0.982459,-0.098945,1.070761,-0.902243,0.906935,0.882879,-0.697362,-0.487146,0.177102,0.717477,-0.394561,-0.501799,1
1.638253,0.120209,-0.055945,0.260565,0.036239,-1.071523,1.101712,1.489806,-0.374521,0.355600,0.861346,-0.988494,0.019787,-0.956920,-0.851754,1
1.178091,-1.548222,-1.019933,-0.586787,0.257554,-0.997258,-1.214867,-0.161704,0.566795,1.018217,-0.275518,0.008849,0.614440,0.321712,-1.345252,1
1.070396,-0.469463,1.383870,0.166385,-1.414195,-1.059582,0.818717,0.358872,-0.647406,0.111077,0.227852,-0.510268,0.872920,-0.256339,0.457777,1
1.169519,0.353469,0.113647,0.717255,-0.444243,0.012318,-0.113961,-0.375439,-0.234662,0.312288,0.105868,-0.353482,0.106702,0.082154,0.306417,1
-0.127848,1.323837,0.834017,0.829128,-0.017881,0.223677,-0.391770,0.309311,-0.382959,2.116914,1.041152,0.983422,0.490649,0.175044,0.810975,1
1.592526,1.683797,0.147899,1.160921,0.732432,-1.045679,-0.465743,0.137919,-0.989999,-0.761830,0.762814,1.560835,0.727607,-0.576713,-0.069116,1
0.556227,0.296515,0.654257,0.842348,0.101368,-0.612886,0.714138,-1.313338,0.355471,0.453232,0.206639,0.596612,0.592535,-0.215013,0.649459,1
0.482542,1.396348,0.466515,0.671415,-0.184751,-0.046438,1.086596,-0.859793,-0.704342,-0.061593,-0.598022,0.983590,0.736472,-0.275555,1.706862,1
1.285815,0.958802,0.265130,-0.956695,0.374622,0.480960,-0.297527,-0.661948,-0.267078,-0.421111,1.584419,0.514008,-1.124732,-0.536359,1.294356,1
1.899567,-0.614857,0.162599,-0.356180,-1.974980,-0.365397,0.838105,-0.444416,-0.937743,-0.342107,0.593585,0.520116,1.001941,0.123774,0.300960,1
0.090721,0.194097,1.194022,-1.097938,-0.344659,-0.166595,-1.499524,0.141363,-0.177772,0.900334,0.452043,0.062677,0.635736,0.787174,-0.428183,1
1.308123,-0.795568,-0.662188,-1.136954,0.032436,0.412064,0.368888,0.285496,0.985351,-2.182677,0.910958,-1.036928,-0.465955,-0.120595,-0.416237,1
0.930816,0.532376,-0.967208,-1.163866,0.619653,1.018852,0.338987,-1.079247,-0.946942,0.918690,-0.032832,0.963261,0.345738,-0.660294,0.159930,1
1.970706,0.235684,-0.098989,1.438047,-0.487792,-0.458041,-0.051475,1.128302,1.230107,0.213967,0.168314,0.838240,-0.650480,-0.137347,-0.162497,1
0.932761,-0.336823,1.211933,0.481064,0.029942,-1.215862,-0.406492,0.330853,-0.829974,0.571395,0.904070,0.170322,0.829132,1.032445,-0.829883,1
2.037355,0.756141,0.859896,-0.192471,-0.467796,-0.475693,1.176528,1.461778,-1.009902,-0.966169,-0.589924,0.483187,-0.121279,-1.288697,0.254362,1
2.265905,-0.240057,-0.287221,0.195455,0.338456,-1.585435,0.379950,-0.404486,1.583241,-0.190283,0.214282,1.060725,0.875781,-1.214339,-0.953122,1
0.931287,-0.904278,0.764922,1.125279,-1.552672,-0.992585,1.572893,-0.443068,0.766150,-1.089387,1.068907,0.771275,0.692554,0.405747,-0.954206,1
1.793331,-0.327999,0.977085,0.865595,2.027654,0.689225,0.167994,0.038602,-1.512532,0.226204,0.279314,-1.134543,0.064647,-1.409142,-0.505549,1
0.907657,-0.171968,1.096673,0.462250,-0.013399,-0.669692,-0.697934,1.106347,-0.690215,-1.711302,1.681037,1.496172,-1.355597,0.716811,0.319616,1
2.512200,-0.583788,-0.530055,0.533040,0.389604,0.580718,-0.453951,0.013879,0.294797,1.354383,-0.512896,1.676952,-0.112125,-0.728823,-0.842321,1
0.531497,-1.911398,-0.602638,-0.578558,-0.676150,-0.319645,-0.105442,-0.619375,1.512888,0.353673,0.795311,1.119762,0.994464,-0.163557,-1.210151,1
1.412407,0.570666,0.181919,-0.478275,0.674451,1.112483,0.761377,1.169737,0.038026,0.064651,1.388804,0.017838,-0.586718,0.464265,0.285809,1
1.535344,0.506645,1.802174,0.059839,-0.288640,0.056949,0.177966,-1.328451,0.631797,0.503317,-1.229376,0.794891,0.600146,-0.059206,0.183440,1
0.394388,1.134611,1.215515,0.565874,-1.169966,0.416515,0.860652,0.983223,1.212562,0.100619,-1.003602,0.737756,0.123527,1.437768,0.532261,1
1.726417,-0.204051,-0.006621,0.808695,-0.111321,-1.024950,0.493220,0.068450,1.709099,-1.125638,-1.675674,0.511734,-0.370131,0.355969,0.553662,1
0.753295,-1.148152,1.038471,-0.019039,-0.553069,0.026389,0.241014,-0.148644,0.494213,-0.325824,-0.770759,0.950745,-0.219715,-0.189591,0.000340,1
1.032750,-0.102162,-0.167122,-0.047161,1.905612,-1.127897,-1.858950,0.026072,0.107481,0.031123,1.498307,-1.045848,-1.200640,0.255546,1.186352,1
1.275560,-0.002581,-1.319077,0.154735,0.127990,1.315041,0.055457,-0.397920,-0.128704,-0.241718,-1.006341,0.236617,-0.045787,0.020769,0.460883,1
0.469797,0.476634,1.464820,0.557669,-0.377776,-1.030831,0.970192,0.885078,0.237646,1.047021,-0.680919,-0.047717,-0.373372,0.720477,0.682886,1
0.153387,-0.410560,-0.269848,0.511676,-1.000941,-1.619910,2.081201,0.712628,0.115490,-0.224427,0.682192,1.168468,-0.583029,-1.037227,0.678588,1
0.961561,0.670086,-0.207739,-0.363138,-0.393886,0.219589,-0.056553,0.552964,-0.916608,0.890194,0.178916,-1.480329,-0.443381,1.302022,-0.487931,1
1.597719,0.952604,-0.691632,0.811152,-0.843167,0.472591,-0.513040,-0.389127,0.394308,0.700443,-0.206367,1.182518,-1.513613,1.167093,-0.319515,1
1.483585,-0.413722,-0.405692,0.785616,1.516926,0.135697,0.141946,0.316695,-0.454449,-0.292561,-0.618289,0.587581,0.462079,0.209376,-1.001198,1
0.778336,0.653411,-0.373141,-0.758590,-0.253659,0.182429,-0.417307,0.167719,0.243790,0.274298,-0.466492,-0.064837,0.601090,0.351274,-0.908397,1
0.262906,-0.096300,1.704969,0.158499,0.605598,0.554014,1.217555,0.020718,-0.816473,-0.570359,1.240823,-1.468505,-0.755325,0.570612,-0.454746,1
0.184591,0.119418,-0.083513,0.258432,-1.418263,0.187691,-0.080060,-2.063700,-0.526001,0.036777,-0.337599,0.983109,0.502735,-1.108916,-0.327644,1
0.374593,0.185380,0.709080,-0.811689,0.195303,-0.292821,1.195263,-0.779089,0.038225,0.759315,0.323458,-0.098136,0.729019,-1.878010,-0.907171,1
0.959205,0.292573,-0.099936,0.929004,0.646739,0.240308,1.010199,-0.101782,0.768353,-0.999478,-0.421966,0.544642,1.079088,0.476324,-0.325921,1
1.946144,-0.309682,-0.615984,-0.909081,-0.076868,1.296154,0.013814,1.009747,-0.782733,-2.084484,0.383358,0.541411,-1.437757,1.188386,-0.349902,1
0.651932,0.504115,0.803037,-0.116210,-1.103244,1.702774,0.080801,0.385183,0.562581,-0.529088,0.085968,-0.466576,0.090672,-0.565856,-0.554210,1
1.315241,1.477191,0.370131,0.599001,0.528330,-0.964894,0.251248,1.449404,1.447773,-0.616163,0.003683,0.041603,-0.674248,-0.777861,-0.619572,1
-0.615021,-0.486757,-0.693874,1.472594,-0.076652,0.821644,-0.524614,-0.299918,-0.701417,-0.615354,-0.536451,0.402370,-0.670969,-0.668712,-0.566560,1
1.691369,-1.415133,0.282489,-1.002334,0.700110,1.363467,0.065828,-0.363547,0.719041,0.824200,-0.390165,0.064333,-0.797293,1.207693,-0.289139,1
0.804090,2.127917,-0.181483,0.217291,1.034706,-0.844281,-0.732586,0.041110,-1.119672,-1.145266,0.324490,0.550248,-0.698295,-1.058448,-0.074090,1
0.223595,0.743397,-0.089480,0.948931,0.200738,-0.306751,0.359976,-1.338082,-1.076555,0.184158,-1.347005,-0.762869,0.042441,-0.989267,1.025790,1
2.835461,-0.056449,0.190826,-0.275927,0.157932,0.131892,-0.683920,-1.374176,-0.799532,0.227639,-0.552634,-0.948189,-0.219296,-1.530841,-0.343865,1
1.487271,-0.621690,0.710494,0.402550,-1.235688,0.708720,-0.588243,-0.988986,0.599541,0.656537,0.554002,-0.925895,-0.095685,0.534762,-0.228343,1
0.949986,0.994899,0.020316,1.037481,0.628374,0.763403,-0.198536,0.126835,-0.065986,0.395967,0.795268,-0.774001,-0.538434,-0.349257,-1.199097,1
-0.648881,0.363539,0.819733,-1.634776,0.748015,1.570729,0.028156,0.090928,0.096772,-0.078794,-1.190086,0.517635,-1.617095,-0.164232,0.703883,1
0.670405,0.398251,0.754756,-1.275342,0.289999,0.271099,0.223489,0.438684,-0.581785,-0.064009,1.469358,-0.801220,0.541169,0.072839,0.407652,1
2.607807,0.763305,-0.597789,0.285058,0.164953,0.227325,0.072844,-0.567156,0.300559,-0.652671,1.034253,0.804454,0.617991,0.444736,0.234894,1
0.091414,0.671990,1.165591,0.034476,0.399393,-0.335166,-1.795737,-0.133211,1.026895,-1.188342,0.515788,0.695245,0.248989,0.817519,-0.187217,1
1.001478,0.574727,0.206854,-0.575070,0.069242,-0.567889,0.289861,0.393223,0.255151,0.300071,-0.376373,0.266629,-0.707473,-0.091658,-0.185030,1
1.648531,0.108096,0.234226,0.740203,0.205302,-0.252540,0.819297,1.002770,0.168115,-0.586344,0.178597,-1.192056,-0.345109,-0.121589,-0.033619,1
0.034419,-0.187029,0.129273,0.826153,0.594022,-0.110518,-0.216220,1.145763,0.829557,-0.256281,0.744208,0.031319,-0.297920,0.478011,1.103983,1
-0.145345,-0.859735,-0.272235,0.275970,-0.874884,-0.070045,0.856076,-1.118066,0.337600,-0.653366,-0.370884,-0.894572,-0.449481,-1.385974,-1.464635,1
0.560561,-0.179890,0.909635,0.455356,0.545339,-0.098388,0.632259,0.066162,-0.433223,-0.746118,-0.413588,-0.502605,0.070276,0.170565,0.170323,1
-0.065787,1.049082,-0.488633,0.594265,0.178539,1.295963,-0.548158,-0.151289,0.734094,0.181292,-0.698570,-1.510914,-1.559334,-0.127007,0.860268,1
2.119694,-0.335931,0.552506,-0.808180,0.558421,1.367007,-1.667358,-0.917846,0.352068,-1.029186,-0.693705,-0.348220,-0.480697,0.090633,1.902718,1
2.509709,0.003193,0.665205,-0.650238,-1.420573,-0.326888,0.339118,0.101836,-0.284906,-0.635578,-1.467543,-0.357344,-0.402412,-0.204003,-0.155378,1
0.291952,-0.281906,0.369975,0.010774,0.509152,1.255766,-0.554865,-0.093371,-0.827465,-0.074004,-0.137115,-1.859444,0.012542,-0.603557,0.996233,1
1.975310,-0.150033,1.134570,-0.273216,0.548199,0.357964,-1.023359,-0.419329,1.833799,-1.586147,-0.285208,-0.119967,1.182665,0.790887,0.291445,1
0.087943,1.061885,0.138234,-0.715429,-0.020107,0.204463,0.786323,1.105180,0.095664,0.383600,0.270893,0.132265,0.326587,0.795624,-0.088502,1
0.399881,-0.170880,-0.486591,0.349426,-0.017254,0.183275,-0.725002,0.916430,0.542213,-0.136399,0.124307,0.228065,0.301155,1.113879,0.800101,1
1.181190,-0.236276,-1.301750,-0.198367,0.275570,-0.075106,1.137910,-0.984542,1.574236,0.156982,1.412226,-0.465131,0.784488,-0.238791,-0.695201,1
1.813051,0.077869,-1.371947,-0.189395,0.781254,-0.178859,-1.138784,0.082728,0.213316,0.907624,1.021709,-0.365777,-0.238006,0.979728,1.387425,1
1.250998,1.233037,0.743806,-0.068179,-0.434663,-0.179970,-1.089011,-0.784588,-0.141026,-0.474452,-2.034405,0.935733,-1.174717,0.677566,0.461182,1
0.576244,0.487432,-1.451424,-0.515180,0.529382,-0.133980,-0.103224,0.583786,0.202102,0.351564,0.357802,-1.134676,-1.441987,-0.581833,0.714064,1
2.333751,-0.107890,-0.803711,0.178486,-1.106023,1.361285,0.664848,-1.138096,-0.242193,-0.043588,-2.008710,-0.242743,-0.889045,0.478548,-0.966586,1
1.408291,-0.772464,-0.005934,0.297296,0.045504,-0.371116,0.355907,0.433698,-0.126810,0.165066,-0.602524,0.035515,0.253679,1.116554,-0.360708,1
0.404608,-1.353126,-0.274977,-0.428160,0.089115,0.898808,0.874316,0.061944,0.068140,1.241050,0.387048,-0.682689,-0.632960,0.431931,-0.199273,1
1.540174,-0.812065,0.238710,-1.003312,1.276027,0.082968,-0.700492,-1.550065,1.750950,-0.696090,0.437164,0.074957,-0.268395,-0.143526,0.659023,1
1.650391,-1.141262,0.676206,0.310905,-1.238205,0.686491,-0.409981,-1.812621,0.217804,0.247757,0.671676,0.295806,0.485901,-0.114569,-0.286558,1
-0.253598,-0.336826,0.052149,1.474470,0.351572,0.661765,-0.427608,-0.134185,-1.389045,0.678455,0.654326,-0.237077,-0.736498,0.074032,-0.684569,0
-1.426967,0.337531,-1.349191,-1.056643,0.771260,-0.344534,-1.117302,-0.980382,1.041615,-0.912795,-0.524169,0.367387,-0.113060,-0.417786,-0.630305,0
-1.803045,-0.491472,-0.088135,-0.062385,0.402521,0.729556,0.002625,0.444255,1.115790,-0.624339,-0.235687,1.525076,-0.396389,0.591181,0.190416,0
-0.794280,0.809454,0.316386,0.473181,0.352211,0.771985,-0.033549,-0.078760,0.375573,-1.124154,-0.678864,-1.500724,-0.338704,-1.003155,-1.879042,0
-0.351489,-0.915203,-0.911198,0.041268,-0.374007,0.780273,-0.288067,-0.199443,-1.378012,-0.605167,-0.397732,0.604217,0.349907,-0.393607,0.690955,0
-1.912416,-0.087595,-1.152260,-0.740765,0.783438,-0.693258,-1.132288,0.931114,0.488310,-0.187715,0.344263,0.506815,0.759889,-0.072468,-0.741223,0
-0.615394,0.049411,1.040998,-0.330170,-0.651814,-0.222940,-1.127298,-0.147943,-1.008907,1.333183,-0.813556,1.740583,0.355676,1.141109,-1.581289,0
-0.695612,0.948440,-0.596152,0.206739,1.468281,-0.518605,-0.632821,-0.300527,0.067957,1.970711,0.030107,1.210505,-1.631436,-0.018007,0.295719,0
-1.570386,0.329212,1.477610,-0.257699,0.869594,-0.012027,-0.513160,-0.219656,-1.152569,-0.354304,0.080729,-1.055834,0.527378,0.749527,1.773225,0
-1.356081,0.634417,0.234298,-0.474419,0.765433,0.240644,-0.049401,0.427775,0.782361,0.168584,0.028819,1.420435,-0.003814,0.356991,1.737095,0
-0.835515,-0.007107,0.112946,0.455301,0.658861,1.204911,1.052148,0.934602,1.132618,0.045445,-1.031878,-0.155224,0.264192,0.989046,0.130719,0
-1.315703,-0.991802,0.536125,-0.653175,-0.310361,-0.841695,-0.231240,-0.447645,-1.026702,-0.283233,-0.222652,0.542331,0.106814,-1.744560,0.320158,0
-1.120149,0.109673,0.242374,-1.463732,0.529100,-0.136514,-0.705858,0.029966,-0.959725,-0.171383,-0.023159,1.440701,-1.330603,0.153788,-0.088276,0
-1.829887,0.399507,0.111893,0.796083,1.124155,0.703053,0.354491,-0.573941,-0.271593,0.179338,0.497840,0.828350,0.120176,0.144358,0.613380,0
0.277311,0.115211,0.994706,-0.485588,-1.562614,-1.630833,0.371862,-0.865275,-0.660558,0.915940,-0.643047,0.372790,-1.055239,0.072524,0.154072,0
-2.544413,0.482647,0.576371,-1.021191,0.223969,-0.169829,-0.547654,0.666410,0.463996,-0.385976,-0.560906,-1.248550,1.336936,0.608350,-1.256386,0
-1.935949,0.342192,0.760605,-1.279315,-0.513445,-0.080081,1.585287,-0.786611,-0.124809,0.239493,-0.183063,0.107106,0.876975,0.247352,0.647205,0
-2.080820,-0.172192,-0.230202,-0.807870,-0.975594,-0.720189,-0.321280,-0.621148,0.137522,-0.594492,-0.379971,0.162122,-0.314270,0.358621,0.263174,0
-1.392770,0.302699,0.558307,-0.308751,-0.710577,-0.146830,-0.226643,-0.041174,-1.251462,0.206680,0.306727,-0.872721,0.812534,-0.420212,0.052532,0
-1.346520,0.334246,-0.561953,0.273699,-0.823172,0.091792,0.480821,-0.566310,-0.311845,0.316307,0.217596,0.048670,1.199208,1.140509,0.461458,0
-0.448594,0.115897,-1.084893,-0.589540,-0.196611,-0.333919,0.329832,-0.347682,0.076814,-0.252144,2.079804,-0.663058,-1.103310,-0.116663,0.078172,0
0.001840,0.964627,-0.390804,-0.970036,0.519936,-0.465443,0.598126,0.901016,0.607461,0.272599,-0.025271,0.514451,-1.971907,0.055336,1.575321,0
-0.935595,-0.030379,1.143475,0.371591,-0.035343,-2.378834,-0.830474,0.300785,0.449771,0.097804,-0.102416,1.179499,1.140154,-1.168422,-1.133123,0
-0.304455,-1.081143,0.052007,-0.487606,-0.825046,0.359584,-0.497171,0.367996,1.444757,-0.039292,0.468758,0.840621,-0.960715,-0.526627,0.501781,0
-1.815611,-0.068074,0.031132,0.063384,0.562258,1.071649,-0.059464,-0.351666,0.119214,-0.173072,0.508118,0.918417,0.608208,0.055692,0.194137,0
-1.126002,0.155244,0.626203,-1.419770,-1.435931,-1.136408,0.148322,-1.344112,-0.678751,-0.174892,0.633054,-0.115409,-0.753406,0.525709,-0.045045,0
-0.617635,1.064361,-0.842416,-0.739505,0.766078,-0.754418,0.841169,0.844337,-0.061744,1.142901,-0.270204,0.206468,-0.337170,-0.503016,-1.033548,0
-1.283595,0.092505,-0.420613,0.104199,-0.963578,-0.829840,-1.152589,1.041467,-1.158300,0.169403,-0.396512,0.678976,1.279810,0.270141,0.672139,0
-1.037148,-0.574307,-1.056138,0.968765,-0.739224,1.558216,0.451829,0.187160,0.299258,-0.226047,0.766223,-0.786725,-0.222333,-0.245611,-1.285055,0
-0.508573,-0.034244,-0.681614,-0.604677,0.595765,0.299981,-0.357254,-0.404314,0.124873,-0.505076,-0.836820,1.386688,-0.043411,0.327982,-0.216281,0
-0.766288,0.621175,1.110191,-0.124461,0.448713,0.105389,1.024526,-1.521728,1.503081,-1.275089,-0.883251,-0.026375,-1.244236,-0.062728,0.715933,0
-0.974283,-0.838632,-0.264966,0.119647,1.011501,0.656401,-0.202067,0.542134,0.509309,0.649149,-0.497127,-0.810564,0.330833,-0.658587,-1.338287,0
-1.240222,1.174508,-0.880486,0.997317,1.014328,-0.915638,1.095536,-0.483637,0.326726,-0.510674,-1.155857,0.656730,0.995708,-0.036314,0.169308,0
-1.456204,-0.296768,-0.841831,-0.077683,-0.491133,-1.679213,-0.862569,-0.114298,0.049956,0.847237,0.372457,-0.179939,-1.224348,-1.060117,0.309314,0
-1.483247,0.380819,-1.001501,-0.289420,0.969470,-0.233437,-0.371601,-0.202537,-0.115566,1.140575,-2.236506,1.266626,0.920609,-0.736407,-1.557784,0
-1.314689,0.968849,0.052716,-0.654372,-0.665673,0.860647,0.488283,1.202055,-0.869152,0.512087,0.173105,-1.220446,-0.433065,0.191896,0.843703,0
-0.626437,-0.071847,0.454101,-0.238377,0.411425,-0.069690,0.001459,1.268345,0.618299,1.919784,0.670646,-1.191291,-1.220232,-0.037687,-0.497043,0
-1.348160,0.136153,-0.134493,-0.569144,0.891455,-1.271639,0.265349,0.394346,-0.288050,0.155573,-1.027904,0.371125,0.321962,0.711826,-0.473328,0
-1.648515,0.170970,1.128278,-0.514844,0.907105,0.305182,-0.252656,-0.373804,0.541772,0.795958,0.516574,-0.891237,1.183893,-0.074011,0.166068,0
-1.574796,0.032354,0.668453,-0.121662,0.045739,0.958603,-0.515852,-0.756547,0.570876,-0.922615,0.012697,-0.675266,1.267367,0.119095,0.219600,0
-0.463558,-1.088726,-0.033482,1.026584,0.046018,-0.314716,0.349854,0.207084,-0.528769,0.636730,-1.021082,0.547637,0.373689,0.505635,-0.989929,0
-1.046708,0.702893,0.216422,0.644722,-0.138331,0.270872,1.905308,-1.413257,-1.443302,0.803828,0.123578,-0.056460,0.309820,0.150551,-1.197325,0
-1.386751,0.431682,-0.160362,-0.622087,-0.321783,0.656932,0.851078,-1.402984,0.116943,-0.590345,0.831275,-0.361662,0.820077,-0.291167,-0.198208,0
-0.436083,-1.147986,0.397250,0.195820,-0.508695,-1.627465,0.737245,-0.084592,0.233798,0.550725,-0.239408,0.406404,-0.175272,-0.756617,0.247575,0
-1.292590,-0.161442,-0.276329,-1.350071,-0.544329,-1.174646,0.477726,0.414398,0.056651,0.281739,-0.774687,1.054427,-0.943996,-0.442238,-0.090289,0
0.008942,-0.009077,0.786620,0.225896,0.544625,-0.830321,-0.378658,0.530143,-0.425820,0.957917,1.383755,-0.202921,0.594756,0.771731,-0.498379,0
-0.904503,-1.033353,-0.481004,0.519971,-0.305347,1.147864,0.786451,0.770885,0.753525,0.728158,0.274312,-0.016623,0.481354,-0.618505,-0.510566,0
-1.012699,0.233956,-0.029788,0.395431,0.471160,-0.739823,0.738533,-1.172685,0.958252,-0.361008,-0.512318,0.191044,-0.809087,-0.361359,0.980439,0
-2.641986,0.435588,-0.192716,0.145151,-1.732416,0.750183,-0.297468,0.739418,-0.288233,-0.579422,0.141701,1.740484,0.203255,-0.570988,0.361042,0
-1.368985,0.161190,0.141388,0.366954,0.181779,-1.129542,-0.291344,-0.365245,-0.715758,0.614410,0.263615,-0.479071,0.863048,-0.218181,1.772840,0
-1.232304,0.414092,-0.153040,0.338009,-0.704591,-0.791027,-1.046834,-0.229751,0.126152,0.209797,-0.263508,-0.327342,-1.259213,0.107223,-0.780005,0
-0.692334,0.398182,1.006701,-0.014186,-1.661932,-0.759808,0.100431,0.089744,-0.020916,-0.174100,0.617844,-0.667763,0.532834,-0.050112,-0.856302,0
-2.008419,1.080017,0.605405,-1.192695,0.331734,-0.397869,-0.548455,-0.855668,-1.659043,-0.007664,-0.033128,1.818727,-0.965425,0.381177,-0.185113,0
-0.479919,-0.633075,-0.430791,0.895918,-0.049073,0.442205,0.891026,0.346170,0.776341,-0.224557,0.372653,0.423193,0.129696,1.591807,-0.435576,0
-1.378076,0.982642,-0.397327,-0.322326,0.686021,-0.084524,0.173204,-1.345285,1.155634,-0.607103,-0.281348,0.045713,0.279106,0.853507,0.640996,0
0.035702,0.551270,-0.264860,0.074991,-1.592619,-0.111058,-0.205369,0.441766,-0.456954,0.137490,0.249479,-0.586224,0.010106,0.219887,0.318643,0
-0.471386,0.931458,0.036568,-0.735357,0.007476,-0.379216,-0.994682,-0.361914,-1.649314,-0.535472,-0.473059,1.109123,1.503280,-0.582865,-0.037888,0
-1.154444,-0.549421,0.021703,0.106139,0.457539,1.073535,-0.644000,-0.598174,0.538610,0.326768,0.979321,-0.040437,-1.173287,-0.737597,0.319366,0
-1.794676,0.182428,-2.203343,-0.011103,0.533278,0.303427,-0.201744,-1.009910,0.173694,-0.417586,0.429886,-0.715224,-1.777704,0.554794,0.839501,0
-0.731236,1.111290,0.342432,-0.102310,1.170797,-1.359006,0.339335,0.498644,-0.343342,-1.015495,1.583643,0.727918,0.837903,-0.121521,0.217660,0
-0.708021,-0.093305,0.785432,0.370891,0.222864,0.044759,-0.392814,0.820316,-1.461157,-2.171024,-1.028335,0.565696,0.830338,0.561909,-0.081565,0
-0.555638,0.341387,-0.897367,0.936665,-0.959446,0.067022,0.090679,-0.126395,0.356116,-0.495254,-0.566154,0.619224,0.908380,0.237481,1.118543,0
-1.391868,1.006402,0.298900,-0.716813,1.789894,0.511550,1.309537,0.488284,-0.646503,0.124424,0.375104,0.160961,0.753279,0.175680,0.144106,0
-1.526249,-0.979942,-0.302964,-0.076864,1.282274,1.655118,-0.510740,0.464767,0.556080,0.127009,-0.586404,0.245156,-0.610163,0.954481,0.503826,0
-0.316371,0.390860,-1.058147,-0.929310,-0.619132,-0.557221,-0.070407,0.866326,0.805600,-0.648706,-0.130578,0.813495,0.315987,0.318437,-0.656364,0
-1.093680,-0.469536,0.338655,0.418032,0.237682,0.281544,0.374940,-1.200133,0.012680,-0.189642,0.475148,-0.554808,0.200925,-0.821550,-0.438773,0
-1.692180,-1.293652,0.391261,0.666385,0.319119,-0.958478,-0.376609,0.464541,-0.680382,-1.165071,0.350981,0.074572,-0.041660,-0.433325,-2.095146,0
-2.131751,0.632989,-1.531904,-0.672418,0.441538,0.907264,-1.833131,-0.341089,0.156715,-0.571906,0.756951,-1.143367,0.230882,-1.201046,0.453991,0
-0.476797,0.936281,0.064779,0.333868,0.226969,-0.587324,0.063208,0.632856,1.112908,1.129389,0.958806,-0.830561,0.410222,-0.920660,-0.082544,0
-1.235316,0.751229,0.417004,0.978872,-0.458350,-0.081073,-0.302025,-1.474084,-0.201475,1.173367,-0.497838,0.691781,-0.199258,0.476844,-0.214416,0
-0.948419,-0.310166,-0.087889,0.571205,0.556191,0.661902,0.370098,-0.298628,-0.508583,-0.006707,-0.278316,-0.769133,0.094494,0.713280,-0.071692,0
-1.732888,-1.066413,0.324491,-0.674669,-0.352958,0.803286,-0.423783,-0.271021,0.730911,-0.350519,0.127371,-0.564000,0.408473,0.660336,0.102035,0
-0.516925,0.168786,-0.083549,0.561413,1.517012,0.406271,0.641209,1.889953,-0.698609,-0.807450,-0.353384,-0.554387,1.441807,-0.283634,0.057991,0
-1.344760,-0.527757,1.402277,0.740000,-0.489010,-0.824904,-1.032649,1.005132,0.380656,-1.099685,-0.549045,0.532522,-0.167432,0.990860,0.143054,0
-1.603320,0.030804,-0.521607,0.549581,0.470668,0.562187,-1.148249,1.046834,-0.862308,-0.648002,-1.030515,0.158029,0.550745,-0.369021,1.791967,0
0.217543,-0.387402,0.715547,0.069538,0.989888,-0.264316,-0.748293,0.355826,-1.527936,0.077395,0.263732,-0.441201,-0.268132,-0.038363,0.393900,0
-2.120175,0.775019,-0.255462,-0.387432,-0.705107,0.857077,-0.280868,-0.431573,-1.409309,1.077341,-1.214790,0.962953,-1.571188,-1.427454,0.067470,0
-1.628513,0.163969,0.407156,-0.546843,-0.120185,-0.325771,-0.193436,0.455079,0.280433,0.200467,-0.330840,-0.460617,-0.440714,-0.014542,0.729330,0
-1.396074,-0.758481,1.376403,-1.404786,0.712471,1.977195,-1.149182,-0.010186,-0.394400,0.317039,0.261600,-0.365458,0.392026,0.514557,0.330575,0
-0.671915,0.577786,-1.156240,1.294543,-0.139470,0.064600,0.830321,0.010663,-0.708621,-0.220515,-0.604137,0.360179,0.163148,0.132973,1.903687,0
-1.174326,-0.794335,0.805805,-0.829503,-1.743619,0.549275,0.275651,-1.221622,-0.830503,0.729240,-0.457517,-1.823067,0.102245,0.548737,0.444567,0
-0.378343,0.266001,0.855358,0.277286,0.333481,-0.445175,0.113208,-0.035091,-0.447352,0.116297,0.775468,0.230675,-0.971283,-1.670407,-0.054711,0
-1.619097,0.181763,-0.637631,1.346161,1.344988,0.059443,0.301437,1.219510,0.533160,-1.325452,0.561979,-0.133461,-0.902918,-0.289411,-0.432116,0
-1.324619,-0.792081,0.249637,-0.345343,0.264106,-0.285656,-0.006333,0.799963,0.747303,1.323030,0.204375,0.055079,0.424971,-0.803210,-0.562659,0
-0.578788,-0.089587,-0.014109,0.703994,0.279366,0.443594,-0.319264,1.462405,-0.310454,0.732737,1.384302,-0.225672,0.348720,-0.351095,-0.618401,0
-2.374920,0.114450,-1.223648,-0.143838,-0.489980,-1.177454,0.366246,0.433849,-1.491146,0.521690,-0.321200,0.404287,0.420172,0.055780,0.059092,0
-2.318324,0.001312,-0.497407,-0.538572,0.172028,-0.962016,0.558254,0.746710,0.250271,0.303995,-0.044544,-0.338826,0.601722,1.011507,-0.373078,0
-1.436231,-0.658262,0.156443,0.220513,-0.775996,-0.142211,0.409644,1.172741,0.571704,-1.364185,-1.210186,0.045699,0.613564,0.142799,0.427947,0
-0.091486,0.668746,0.021112,-0.418516,-0.026055,0.036190,-0.279410,0.187917,0.519843,0.944632,0.281432,-0.174121,0.144662,-1.923430,0.673791,0
-0.387633,-0.757862,-1.076289,0.614480,-0.487520,-0.116833,-0.679183,0.880914,-1.207953,-0.992030,-0.730909,0.266166,0.093867,0.075667,0.170166,0
-0.963497,-1.176619,-0.729023,-1.419783,-0.786036,0.298816,0.745293,-0.302178,-0.951593,0.034899,0.512555,-0.134036,1.082157,0.494329,0.310736,0
-0.732354,0.046094,-0.423955,-0.471777,-0.099045,-1.374279,-0.894337,-1.494139,1.890161,0.877813,0.150449,0.554319,0.879604,0.001167,-0.147027,0
-0.429093,0.504772,-0.105744,-0.702080,-0.331049,-0.780928,1.088419,1.362619,0.589526,-0.053856,-0.664819,0.086608,-0.476122,0.577810,-1.835810,0
-1.823155,-1.298315,0.295249,-0.370945,-0.941438,-1.015972,-0.173401,0.406206,-0.551400,0.911996,0.132648,-1.377358,0.589929,0.258383,0.008471,0
-0.342496,0.746070,0.050502,0.925184,-0.213561,0.407683,-1.606843,0.347267,0.246616,-1.645636,-0.354715,-1.623708,0.092474,0.316875,0.271420,0
0.240587,-0.354601,0.270298,-0.908563,0.519687,0.684508,-0.143178,0.428772,0.139116,-0.327918,1.403846,0.242133,0.957333,0.345984,0.274470,0
-1.429867,0.377768,1.178530,-1.305687,-1.975553,0.212701,-0.460508,-0.025876,0.342974,0.464200,-0.463984,-0.688740,-0.322914,0.262261,1.663522,0
-1.937846,0.161560,0.840867,0.036309,0.302022,-0.781172,-0.563655,0.294990,-0.608425,0.180598,0.865622,-0.029327,0.425946,-0.864353,-0.054770,0
-1.273313,-0.995318,0.489429,-1.142021,-1.243439,-0.995002,0.364553,0.170200,-0.349950,1.829894,-0.727063,0.850543,-1.834263,0.107292,-0.045030,0
-0.875579,-0.325948,0.793944,-0.077044,0.872227,-0.228111,0.648633,-0.306196,-0.517095,-0.031682,-0.121806,0.390636,1.196784,0.030195,0.044265,0
-1.623806,-0.974488,0.352146,-0.520641,-0.140590,0.139840,-0.622283,-0.066697,1.018678,0.501522,-1.213963,0.089071,-0.578746,-0.470016,0.329503,0
-0.536274,-0.454731,-0.347333,0.094368,-0.579372,1.039485,-0.759596,0.369783,1.411257,0.532927,-0.721851,0.448906,1.570271,1.510151,0.850129,0
0.312903,-0.972860,-0.062058,-0.587504,1.191928,0.262251,-0.292040,-2.312020,-1.399647,-0.465742,-0.753739,-1.120815,0.697283,0.367249,0.914473,0
-1.146478,0.457379,-2.172012,0.232778,-0.019981,0.531340,-0.519219,-0.336880,1.383784,-0.021994,-0.395400,-0.249684,0.561028,-0.388684,-0.706521,0
-2.006643,0.262315,0.673619,-0.265774,0.453067,0.476915,-1.424819,-0.333112,0.636072,0.380418,0.724318,-0.452514,-0.246598,-1.183551,-0.155279,0
-0.650350,-0.005539,0.392033,0.956365,0.078397,-0.080950,0.943957,0.055670,-0.030926,1.138296,-1.225680,-1.026703,0.246958,0.352492,0.115908,0
-0.972673,-0.309674,-0.624424,-1.248794,0.295697,0.561409,-0.445348,0.748289,-1.022289,-0.009140,-0.031415,0.650004,-0.675146,-1.641200,-0.195701,0
-0.292163,1.984232,-1.088580,-0.449180,-0.654561,-0.565725,0.670777,0.179747,0.024720,1.240532,-0.751477,0.307739,0.528167,1.134504,1.492045,0
-1.688844,0.703712,-0.963315,-0.422833,0.909028,1.814544,-0.611811,0.201811,-0.356069,0.322526,-0.833230,0.459105,0.735437,-0.049184,0.065052,0
-1.010926,0.383781,-0.600936,0.290476,-0.775816,-0.813288,0.653448,1.815617,0.090855,-0.033176,0.203560,0.564783,0.126613,-0.045228,0.993122,0
-0.818738,-0.500674,0.522682,-0.426353,0.365096,0.766194,-0.932323,0.305870,-1.198964,-0.305140,-0.460975,0.657695,-0.112579,0.394799,-0.137453,0
-0.326472,-1.915464,0.648288,-0.248085,-0.665885,-0.190279,-1.131454,-0.795430,-0.117631,-0.406528,-1.441377,0.910035,-0.326554,0.389282,0.404276,0
-1.868851,-1.817345,0.637701,-0.782695,-0.253165,-0.286896,-0.163414,0.018134,-1.002168,1.777685,-0.483536,0.401262,-0.895696,-0.298925,1.043378,0
-1.003839,-2.035692,-1.025489,-0.131892,-0.202447,0.088253,-0.858649,-0.787299,-0.103144,0.275683,0.551026,0.423117,1.408037,-0.760913,0.409477,0
-0.575538,-1.080587,0.537462,0.195343,0.626686,0.272451,0.298805,-0.086220,0.479677,1.366804,-0.332765,-0.230456,0.778970,1.217969,-0.818069,0
-0.398345,-1.324188,0.062222,-0.566110,0.119536,-0.757895,-1.363973,1.465725,-1.075229,0.632357,0.870054,0.086249,1.157748,0.573582,0.728067,0
-0.880315,-0.177070,2.006949,-0.422943,0.249717,1.285200,0.254629,0.742193,0.593287,-0.164675,-0.365940,0.354413,0.536280,0.584261,-1.458176,0
0.127143,-0.507182,-0.442018,0.007647,-0.860666,-1.505365,-0.861575,0.331077,-0.963996,0.437158,0.076122,-0.184285,-0.324009,1.587018,-0.828492,0
-0.134459,-0.358631,-0.022116,-0.564686,0.284104,-0.576686,0.719241,-0.305359,0.360107,0.028421,-1.307579,0.437935,-0.357369,-0.393325,0.520024,0
-1.546671,-0.716142,0.120353,-0.271049,0.503127,0.208552,0.032836,0.587246,-0.988922,-0.145101,-0.142169,-1.037121,-0.534203,0.473309,-0.230470,0
-1.202237,0.347946,-1.358308,-0.579722,1.273433,1.451205,0.356546,-0.228126,0.931799,1.109918,0.593284,-1.274713,-0.950148,0.056163,0.378883,0
-0.235174,1.054493,1.925718,-1.029833,0.208410,-0.456892,0.612075,1.221199,-0.257205,-0.742960,0.473090,0.503037,-0.997180,-1.061795,-0.178480,0
-0.424837,0.575969,-0.763298,1.459181,-0.835196,-1.493755,-1.448159,1.803689,-0.974674,-0.393613,-0.958984,-0.443174,-0.640459,1.663590,0.728487,0
-0.354106,-1.270700,-0.254473,0.250692,0.221162,-1.259015,-2.219916,-1.682041,0.187266,0.097513,-0.629618,-0.522452,-1.280649,-0.580399,-1.327004,0
-1.373735,-0.369856,1.232864,-0.266280,-0.073700,0.600943,-0.644650,0.804201,0.150697,-0.265553,0.449870,-0.106102,0.162924,0.066364,-0.453098,0
