0.531820,-1.011799,-0.153353,0.750043,-0.518235,0.879611,0.484818,0.283327,0.459466,-0.027040,0.681242,-0.151492,-0.236390,0.375100,0.233934,1
1.688337,0.371998,1.491112,-0.777327,0.438452,-0.014144,0.811731,0.790713,0.802245,-1.548858,1.250910,-1.234978,2.089116,0.481748,0.290623,1
0.690391,-0.025285,-0.113053,0.121999,-0.525564,0.344808,1.937346,-1.959278,0.711535,-0.507007,-0.597601,-0.476494,0.989616,0.952806,-1.299696,1
0.605416,-0.558398,0.271435,1.174699,-0.803547,0.323293,0.094688,-0.238876,-1.417538,-1.341140,0.042922,1.041465,0.378571,-1.393864,-1.004413,1
2.645051,-0.124598,0.310674,-0.004874,0.556046,0.174398,0.341510,-0.456777,-1.748237,-0.892995,0.311560,0.836258,0.855106,0.359060,-1.433676,1
1.141415,-0.713542,-0.273893,-0.247994,0.145916,-0.221723,-0.337003,0.616540,-0.726193,-0.240689,-0.302390,0.713870,-0.626902,0.437995,0.008402,1
2.603981,-1.457493,0.612279,-1.366193,-0.158979,-0.570039,0.647189,0.692321,-0.260904,0.866426,0.446377,-0.794258,-0.801386,-0.080223,0.816303,1
2.124997,0.374332,-0.421312,1.335679,0.451943,1.148811,-0.301611,-0.576652,-0.544791,-1.138654,0.831625,-0.352610,-1.677058,0.785767,1.297002,1
0.567819,-0.167772,-0.644370,-0.169537,1.533080,-0.856152,0.836112,-0.250729,-1.095045,1.206500,0.832980,0.330004,-0.191145,0.180350,-0.035250,1
2.201755,-0.386974,0.220457,0.745118,0.645885,-0.142264,-0.168023,-1.351359,0.109039,-1.131203,0.220231,-0.917547,0.118376,0.284967,0.515238,1
0.442176,0.408340,0.568162,0.121173,-0.364101,0.039002,-0.629862,0.155096,0.922424,0.487350,0.532498,-0.830875,0.038441,-0.731591,1.106269,1
0.797477,0.222389,0.898376,-0.973446,-1.676341,0.407319,-0.593239,-1.825788,0.014968,-0.077843,1.379131,-0.323478,-0.247437,0.638583,1.239203,1
-0.518503,1.374592,-0.870073,-0.331137,1.186579,-0.484104,0.762177,0.433257,0.964208,0.550072,0.279269,-0.407543,-0.386796,0.276643,-1.200250,1
1.729219,0.539910,-0.326956,-0.632828,-0.366853,-1.332964,0.957050,-0.213403,0.593125,0.535760,1.268199,-0.593165,0.464096,0.161641,-0.164700,1
0.761203,-0.426733,-0.605491,0.612749,0.171622,-0.218459,-0.096664,-1.178422,0.114832,-0.521397,-0.513265,0.498564,0.374829,-0.250964,-0.485292,1
0.264943,-0.020205,-0.023624,0.675071,-1.011974,-0.665443,0.634885,0.409289,0.425787,-1.582504,0.634968,-0.894393,-0.524632,-0.199366,0.832756,1
2.019965,-0.609509,-0.250476,-0.395319,0.423801,0.658403,-0.741410,0.735474,-0.917587,0.438808,-0.095608,-1.595535,0.977157,-0.838836,0.780826,1
1.004164,0.484161,0.636532,0.536137,-0.606542,-0.485047,-0.952399,-0.304467,-0.474087,1.250671,0.004816,-0.306314,0.846552,0.943877,-0.621416,1
-0.047598,1.277578,-0.607129,-0.891125,-1.522677,1.150214,-0.343258,0.268274,1.841345,-0.919186,-1.089443,-0.108726,0.234746,-0.587393,0.505727,1
1.531159,0.036638,0.546699,-0.164280,-0.391943,-1.020282,-0.858884,1.136982,0.419756,0.590980,-0.258398,-0.544618,0.529372,-0.895090,1.008918,1
0.440659,0.157370,1.024336,-0.500259,-0.249519,1.496369,-0.286172,1.182069,-1.540438,-0.286956,-0.192983,-1.000940,0.303760,-0.944075,-0.445412,1
1.737717,1.396377,0.928778,-0.099100,-0.128971,-0.021625,0.704198,0.402403,-0.602083,-0.587190,-1.382919,0.158787,-1.395177,0.911572,-0.704769,1
1.828051,-0.956293,1.059049,-0.223267,1.309574,-0.383395,-0.838105,0.147761,-1.246696,-0.147485,-0.129939,0.350014,1.001110,-0.747317,-1.393241,1
0.343854,-0.934272,-0.397872,-0.805254,0.891358,0.681824,0.839298,-1.369570,-0.948811,0.759161,0.488635,-0.828967,0.619965,-1.122790,1.148343,1
0.973537,0.640603,0.031779,-0.939439,0.373059,-0.540088,0.730307,-0.030860,0.683839,1.399277,-0.550588,0.130663,0.558728,-0.493882,-1.433659,1
1.297557,-0.482835,1.204481,1.464500,0.339306,0.092376,-1.483704,1.334104,-0.022463,-0.639617,0.460130,0.162609,0.238554,-0.725739,-0.919245,1
1.703109,-0.118150,-0.610204,-0.754501,0.543991,-1.199771,0.809192,0.367838,-0.251053,0.940811,0.468927,1.027699,-0.521014,0.102488,1.039843,1
0.463396,-0.102715,0.836240,-0.011276,-0.442888,0.333490,-0.253919,-0.568771,-0.544312,-0.697916,-1.065135,0.046412,-0.160532,0.000137,0.477320,1
1.455847,-0.057723,0.599225,0.052087,-0.568188,0.225016,-0.642397,1.746429,1.730891,0.732734,0.102329,0.449227,1.114463,0.773223,0.706834,1
1.495970,0.278294,0.854502,0.150657,0.167736,-0.134354,-0.325149,-0.334599,-1.124321,-0.962838,0.407374,-0.453613,0.017040,0.835888,-0.449175,1
0.582506,1.780756,-0.221130,-0.020004,-1.677287,-1.555700,0.424714,-0.054794,-0.713374,0.302380,0.515744,0.490798,0.160512,-1.056728,1.079682,1
2.578783,-0.543553,-0.758497,-0.385670,-0.482713,1.033042,-1.364749,-0.354336,0.796395,0.979654,0.959660,1.025211,0.464383,-0.470007,-0.762154,1
0.019730,0.864245,0.513546,-0.035989,0.008122,-0.213578,-1.027756,0.284533,1.105910,-0.731857,-0.080360,-0.921349,-0.269585,0.616871,-0.566562,1
0.680927,0.048287,0.357725,0.300780,0.480580,-1.230753,-0.914660,0.356098,-0.924227,-0.390246,0.111705,0.193385,-0.083206,0.715250,0.915948,1
0.616976,-1.387569,-0.223376,0.562427,-0.677620,-0.449707,0.293776,-0.436357,0.998336,-0.168685,-0.914882,-0.646461,0.788490,-0.657012,0.832473,1
2.016845,1.222247,0.851490,-0.742809,-0.661563,-0.528536,-0.707661,-0.959748,-1.263667,-0.310870,1.049685,0.859458,0.537929,0.326213,-1.337382,1
-0.072571,-0.724564,0.984128,-1.124065,0.124752,-1.228856,-1.841846,-0.013976,1.079997,-1.193562,0.691011,0.718694,-0.255314,-0.845233,0.552940,1
0.979505,-0.355982,0.236406,0.580612,0.875259,0.082071,0.158176,-0.379000,-0.278759,0.070187,-0.246218,0.312656,-0.160219,-1.418393,0.814721,1
2.253512,0.148990,-0.257401,-0.524376,-0.202358,0.441945,1.331064,-0.253174,0.435254,0.517893,0.426912,0.172239,0.236762,0.141052,0.682563,1
1.317004,-0.463054,0.132572,-1.228315,-0.924282,0.065138,1.492574,0.596983,-0.511907,0.141961,0.477430,-0.221248,0.900142,0.578262,0.583642,1
1.350789,0.357578,0.015431,-0.138320,1.193982,0.491438,-0.243159,0.963304,0.784576,0.648265,0.193761,0.423184,-0.890516,-0.624335,-0.180688,1
0.953343,-0.281140,-1.624353,0.926525,0.243004,-0.182803,-0.491581,-0.106194,0.276342,-0.427772,-0.266179,0.101983,-1.098430,-1.272920,0.478347,1
1.108140,-0.927396,0.847040,0.120253,1.179355,-0.615951,1.077882,0.195689,0.593490,-1.157948,1.538179,1.178924,-1.738845,-0.579891,-0.231530,1
0.556736,0.873388,-0.044209,1.073595,-1.132615,-0.247961,-0.020638,-1.422934,-0.435378,0.152717,-0.417370,0.639381,-0.380391,-1.060365,1.436403,1
1.565361,1.110641,-0.776997,0.352002,0.562253,0.076396,-0.448461,-0.066158,0.731113,-1.342050,0.066092,-0.047395,0.704770,0.394470,0.148721,1
2.034185,-0.127324,-0.481789,0.863886,-1.033102,0.074471,0.068474,1.512357,0.084613,-0.034886,0.026095,0.216470,-0.449220,0.975496,-0.708568,1
1.610764,-1.215489,-0.024544,0.932463,0.026578,-0.050500,0.352391,0.572868,-0.006644,0.483647,-1.258444,0.184921,-0.432015,0.468432,0.367239,1
0.972791,-0.187449,1.148523,0.611219,0.200745,-1.464145,0.633514,-0.746035,1.500652,-1.870054,-0.070925,0.528496,0.461384,-0.457231,0.431993,1
1.748254,-0.039643,1.311266,-0.601019,0.461255,0.286092,0.292972,0.627114,-0.191990,-1.275084,-0.519064,0.464511,0.355339,1.185534,-1.218486,1
1.709811,0.848362,0.596000,-0.361177,-0.029601,-0.302990,-1.502415,-1.267612,-0.850556,-0.071795,0.019548,1.231401,-0.423590,1.020962,-0.175084,1
1.871179,-0.179489,1.197086,0.465193,-0.385604,0.326504,1.087776,-0.667549,-0.038251,0.994465,0.337924,1.208234,0.659356,-0.318603,0.361752,1
1.588900,-0.623448,-0.489962,0.954064,0.288873,-0.539880,-1.465007,-1.014241,0.900434,-0.547217,0.142675,0.263457,-1.064354,-0.866575,0.209021,1
-0.235858,0.090099,-0.177002,-0.449906,1.623660,-0.158691,-0.321203,0.648409,-0.464887,-0.113703,0.295201,0.302648,0.834778,-0.335693,-0.097509,1
1.015052,1.496448,0.166429,-0.049854,0.265528,0.042123,-1.592870,-0.330191,0.861272,-0.370133,-0.684997,0.559960,-0.011547,-0.271874,-0.411174,1
0.819571,0.123400,0.445839,-0.307590,-0.678825,0.098481,-0.875966,0.262856,-1.348862,-0.328686,0.557364,0.947442,-0.404586,0.508739,-0.418922,1
1.289873,-0.718750,0.957716,-0.746978,1.380964,-0.635668,-0.311966,-0.087797,-0.335984,0.176188,0.771733,0.247319,0.743999,0.363954,0.004229,1
-0.949805,-0.222860,-0.586290,0.556388,0.589704,0.620934,0.290541,-0.108996,-0.142612,-0.432545,0.152817,-0.956653,0.039294,-0.806517,0.136913,1
0.707379,-1.254555,-0.881552,0.003507,-1.098874,-0.131471,0.001351,0.081073,-0.242581,-0.006507,0.308900,-0.468034,1.371011,0.353156,0.239906,1
0.429813,0.823108,1.796015,-1.388007,-0.569250,1.095704,-0.888823,-0.042059,-0.177764,-0.924591,-0.440095,0.131738,0.667616,0.031191,0.376565,1
-0.301384,0.679554,0.731352,0.455503,-0.061337,-0.773787,0.535723,-0.350208,0.928150,-0.190708,-0.577459,-1.658962,-0.425997,0.670986,-0.001042,1
-0.498929,-1.745531,-0.004182,1.296704,-0.084956,-1.290748,0.368888,-0.577200,1.383358,1.560103,-0.090751,0.692158,0.510530,-0.199875,-0.386317,1
0.311657,0.280136,-0.202088,0.443678,-1.599852,0.076907,-0.639039,0.001621,-1.615830,0.566608,0.104277,-0.096352,-0.649681,-0.485080,-0.422843,1
-0.358764,0.304460,-0.333943,1.186121,-0.385021,-0.357703,-1.595486,-1.482516,-1.477258,0.970840,-0.513489,-1.033593,-0.241830,0.385881,0.296818,1
0.144095,0.423836,-1.133570,0.989630,0.738504,1.216055,-1.402332,-1.039780,-0.382958,-0.678549,-0.415048,-0.346313,0.289514,0.336305,-0.137949,1
0.940347,-0.944759,1.091402,-0.460642,0.535720,0.592969,0.187954,-1.139930,0.559980,-0.340694,1.216805,0.007635,-0.033518,0.017430,-0.131474,1
0.182748,0.276881,-0.582250,-0.494434,0.819314,-0.095704,-0.466096,-0.414153,0.790812,0.817500,-0.457723,0.032969,-0.185711,0.373868,-0.130848,1
1.558408,1.870819,0.117038,-1.335227,-0.522393,-0.103330,0.566524,0.485379,1.600795,0.907298,-0.347645,-1.412882,-0.406079,0.030755,0.453096,1
0.776796,-0.706815,0.618515,-0.761316,-1.003205,-0.265621,-0.477808,-0.455357,1.113570,0.386719,-0.710398,-0.070926,-0.733396,-0.921599,-0.517913,1
0.413399,0.409750,-0.326149,0.456170,-1.121034,0.010624,-0.751915,0.028541,-0.359527,-0.518296,-0.813633,-0.695020,0.496695,-0.558174,0.163984,1
1.365228,0.272094,0.184304,0.198439,0.173683,0.042554,-0.110794,-0.695711,-1.070766,0.476847,1.392451,-0.217007,0.880339,0.958176,-0.395875,1
0.641061,-0.792514,-0.663704,0.858300,0.817713,-0.639455,0.084570,0.527234,-1.091066,0.016996,-0.702920,-0.108630,0.596394,-1.222311,0.054694,1
1.001181,0.254647,-1.054590,-1.176074,1.467122,0.855852,0.519925,0.682797,0.926173,0.272315,0.220061,0.689257,-0.304835,-1.334089,0.350550,1
1.638873,-0.648820,0.489972,0.218417,-1.199186,0.226822,-0.442810,-0.406957,0.790339,1.011885,0.420151,-0.792121,0.340219,0.464406,0.624279,1
1.169487,-0.342087,0.060531,-0.183569,0.521704,-0.005848,0.388804,-0.185657,-1.375427,0.633946,0.679731,-0.034082,-0.981823,0.014773,-0.206856,1
0.812967,-0.641507,0.481567,0.209420,0.199953,-0.263821,-0.103724,0.197788,0.473859,0.951095,1.515560,-0.599356,-0.338632,-0.912243,-0.650511,1
1.911542,2.493535,0.404306,0.092213,0.577689,-0.193368,-1.391685,0.008121,-0.925197,0.555944,1.459944,0.682193,-0.205494,1.564704,0.176123,1
0.742065,0.595895,0.058435,-1.124044,-0.421108,0.536747,-0.675725,0.131748,0.887798,-0.357232,1.569752,0.218799,0.385540,-0.273426,0.665050,1
1.736559,-0.204621,0.280211,-0.416987,-0.120432,0.005169,0.805202,2.121119,-0.433132,0.149439,0.004840,1.113106,0.597778,-0.415965,-1.160263,1
0.641317,0.965721,0.742888,-0.171903,-1.302374,-0.063525,0.047328,-0.080537,-1.442656,-0.466739,0.162717,1.106565,-0.284421,-0.194399,-0.328260,1
2.179097,0.607715,0.822377,0.563694,0.835764,0.277680,-0.458133,0.841185,-0.884819,-0.210918,-0.431896,0.207116,0.691067,-0.057267,-1.265645,1
0.694992,1.160202,-1.107006,-0.235422,0.480105,0.346123,0.202806,-0.441556,-0.176255,0.569200,0.239373,0.269405,1.145587,0.192989,-0.349075,1
0.670412,0.397986,0.088289,-0.012888,-1.480976,0.383055,0.322371,0.413038,-0.005287,-0.010161,-0.624344,0.487738,-1.059134,-0.126806,-0.025490,1
0.844364,-0.059623,0.689872,-0.161057,0.126695,0.190163,0.219347,-1.461498,-1.196668,-0.592589,-0.674101,1.130131,0.003481,0.187159,0.268577,1
0.135148,-0.177908,0.720917,-0.740969,1.346816,-1.617880,0.673516,0.509266,-0.551646,0.893640,-0.024437,0.644395,-1.479510,-0.025694,1.124913,1
1.045665,-0.089148,-0.669417,1.879411,0.301629,-0.296468,-0.825872,-0.120919,0.024468,-0.426321,0.983644,0.651034,-1.601586,-0.464299,1.015987,1
0.003972,0.776995,-3.059769,-1.289340,-0.014692,0.177602,0.423390,-0.213040,-0.278011,0.810431,0.066323,0.797940,-0.586760,-0.913763,0.257176,1
-0.253778,-0.313141,1.460505,0.254275,-0.019204,1.510319,0.424976,-0.336967,-1.463454,1.307369,-0.259208,-0.266156,-0.544820,0.196422,0.284737,1
0.746813,-0.057889,-1.176599,0.692199,0.813556,0.531637,-0.470638,-0.359425,-0.898165,-1.192286,0.254912,0.900122,0.398711,0.453365,-0.036272,1
0.663279,-0.617385,-0.369329,-0.579474,0.323124,0.458345,-0.286023,0.304004,0.856995,-0.394686,-0.402265,0.387576,-0.619365,0.637684,1.011913,1
0.217708,-0.588063,-0.813008,-0.131555,0.261456,0.900646,1.272730,-0.394915,1.754504,0.771869,0.140326,-0.013027,-0.073454,-0.639345,0.637996,1
2.268754,-0.292120,0.229774,0.032711,-0.181349,0.524354,-0.755574,0.266719,-0.954407,0.936776,-0.163484,-0.454736,-0.051650,0.493314,0.284641,1
1.542348,-0.704012,0.361595,-0.618953,0.184813,0.285279,0.262611,0.560937,-1.202591,-0.849000,0.684661,0.999824,-0.050952,-0.394630,0.669950,1
0.261007,0.740765,-0.344091,0.184752,-0.124345,-0.059955,-0.661457,-0.634533,1.086301,-0.180350,0.913149,0.543972,0.098167,0.968316,-0.097249,1
-0.091299,-0.008747,-1.269924,1.208431,-1.079078,0.103097,-0.034716,-0.656073,1.687562,-1.739695,1.232532,-0.550751,-0.212245,0.154161,-1.137132,1
1.716577,1.681083,0.854696,-0.491376,-0.457991,-0.079656,-0.257654,-1.066027,-0.106451,-1.072466,-1.031062,-0.380481,-0.352515,0.924325,0.449683,1
1.517083,-0.124903,1.117652,-0.134644,-0.251219,-0.423465,0.688091,0.067309,-1.058869,0.918219,0.194810,0.036287,-0.087894,-0.770699,-0.957628,1
3.186268,-0.512020,-0.600567,1.172724,0.349621,-0.934349,-0.174548,-0.253170,-0.328153,-0.272217,0.964237,0.007383,-0.751722,0.135326,0.273167,1
1.715858,-0.163977,-0.838988,0.468517,0.993142,0.037889,-0.355565,-0.402152,-1.167538,1.255341,-0.386955,0.484409,0.264383,-0.034312,0.498198,1
2.496029,-1.250779,1.015375,0.438262,-0.155825,-0.167594,0.959692,1.142619,-0.355190,0.052113,-0.170200,-0.881488,1.650430,-0.479230,0.405315,1
-0.201261,-0.086160,0.050629,-0.301535,-0.059954,-0.844423,0.538570,0.255351,-0.676378,-0.222431,0.325953,0.826921,-0.170672,-0.367871,1.069217,1
2.336944,-0.766901,-0.052866,0.325301,0.121321,-0.979493,2.065952,0.570117,-0.548243,0.045168,0.021011,0.217823,0.140123,-0.614964,1.132687,1
-0.212693,-0.107137,0.021026,1.208561,0.550990,0.546630,1.429758,0.496969,0.576721,-0.425130,0.954871,1.331817,-0.102456,1.197374,-0.870226,1
-1.065572,0.399905,0.140851,0.144632,0.993120,-1.272377,0.820403,-0.668808,0.979000,0.788766,0.156719,0.135901,-0.364708,1.356953,0.204234,1
0.951925,-0.210399,-0.125854,0.096092,-0.507937,0.472135,-0.274632,0.294399,-0.952435,-1.637971,1.655961,-0.791300,0.657057,0.939752,-0.435333,1
1.529677,-1.027561,1.182919,-0.023493,-0.021569,-1.065888,-0.603287,0.014974,-0.653724,-1.664896,-0.281992,0.181175,-0.310312,0.308553,-0.495770,1
0.508611,-0.563646,-0.134106,1.102542,-0.583750,-0.723976,0.136987,-0.151075,0.136811,0.032283,-0.609330,-0.128299,-0.580577,0.828331,0.263876,1
0.015620,0.177516,-0.152477,0.259329,0.402987,1.269744,0.256173,-0.042397,0.418837,0.752429,-0.734487,-0.750141,-0.817879,0.804802,0.769828,1
1.048780,0.829693,-0.613548,0.139348,-0.074560,-0.509139,0.215642,-0.754393,0.436976,-1.020282,0.408830,-1.337926,0.492797,0.278455,0.728303,1
1.317551,-1.622296,0.447872,0.872326,-0.970573,0.491661,-0.355216,-0.499554,0.066059,-0.740131,-0.128944,0.486070,0.830810,-0.325138,-1.189638,1
1.368719,0.127119,0.865707,-1.514452,0.106492,0.586298,1.289016,0.425781,-0.270695,-0.563467,-0.957572,-0.642757,0.965069,-1.207991,0.856575,1
0.031995,-0.109614,0.103839,-0.303395,0.441341,0.851771,0.180409,-1.026040,1.114508,1.272634,-0.139258,0.861490,0.468041,-0.605714,-0.454480,1
-0.065794,-1.089532,-1.067876,-0.168936,-0.831857,-1.387368,-0.607554,0.661829,0.572059,-0.313135,0.628183,-0.180766,-0.192087,-1.014947,-0.285874,1
0.253725,0.052793,1.629301,0.204124,-0.399524,-0.207931,0.296744,-0.484076,-0.091556,0.836263,0.820134,-1.476563,0.237473,-0.255841,1.307857,1
1.300263,-0.195960,-0.000305,1.006896,-0.051935,-1.331787,-0.147844,0.881770,0.772994,-0.154034,0.563094,-0.801226,-0.852681,-0.313316,-2.185947,1
0.257848,-1.387853,-0.049974,-0.060986,-0.350624,-0.943172,0.424761,1.086244,1.374527,0.999300,-0.393187,0.144837,-0.648604,-0.431014,0.314764,1
0.558209,-0.303242,0.441218,-0.766137,0.499238,1.052711,0.015044,0.324549,0.443782,0.236679,1.078630,-0.569811,-0.652005,0.493173,-0.174694,1
1.242461,0.265309,-1.233817,0.343519,1.285447,0.387318,1.045397,0.297389,1.033541,-0.147285,0.330369,0.399266,0.545177,-0.971723,0.274461,1
2.208360,-0.231039,0.544120,-0.172841,-0.589253,0.285504,0.097226,-0.202276,-0.294194,0.500598,-1.031302,-0.356608,-0.296201,-0.593750,0.613039,1
0.799429,1.013864,0.246273,-0.554579,-0.927210,-1.009507,0.930719,-0.074093,0.496263,-0.514326,-0.167222,-0.325480,-0.815885,-0.555280,1.259214,1
0.217854,0.617336,0.578142,1.400932,-0.770314,-0.715591,0.193667,0.313195,1.265183,0.880813,-0.137669,-0.496672,0.257496,0.727826,0.108621,1
-0.001847,-0.769062,-0.631506,0.368541,0.298937,-0.180565,0.524839,0.225730,-0.771202,-0.619145,0.393583,-0.344973,-0.562368,-1.079928,1.690980,1
0.795788,-0.865722,-0.569198,-0.269454,-0.074522,0.313872,-0.550162,-0.557302,-0.148189,0.684077,0.275637,-0.464575,-0.415328,-0.439359,0.471404,1
1.190685,1.430988,-0.727528,-1.147274,-0.566382,-0.410389,0.620737,0.547507,-0.229950,0.721168,-1.361079,0.456450,1.053552,-1.566770,0.594744,1
0.646426,0.527324,0.705925,0.487637,0.002973,0.156210,-1.363482,-0.469614,-0.144818,1.022118,0.653726,0.239259,0.407434,1.116990,0.041690,1
0.781128,0.669815,0.278610,-1.413080,-0.662060,-0.570361,0.612894,-0.702842,0.603346,-0.584322,-0.318895,-0.240190,0.880309,-0.217513,-0.075392,1
-1.072216,-0.024488,-0.431278,1.046142,0.380147,0.035094,1.020171,0.507347,0.633792,-0.021917,0.302439,0.580914,1.498374,-0.755818,-1.119532,0
-1.661258,0.266196,-1.511528,-0.892013,-0.174129,-0.697030,0.192296,-0.007076,0.684380,-0.822919,0.466219,0.082414,0.587496,-0.330328,-0.852052,0
-2.493351,0.403115,-0.082993,-0.303597,-0.069142,-0.428961,-0.558577,0.667784,-0.774484,-0.382692,-0.501735,-0.317564,0.350911,0.217270,-0.764500,0
-0.521722,-0.079844,0.879896,0.268768,1.157874,0.452300,-0.248843,-0.281388,0.832509,0.301511,-1.884933,0.377565,-0.306033,-0.088868,-0.344793,0
-0.289227,-0.184897,1.157380,0.025091,0.483772,0.284963,-1.030630,0.570816,0.534255,0.564762,-0.439517,1.122390,0.559076,1.554721,0.825575,0
-1.272945,0.862172,0.119435,0.596018,-0.222444,1.222862,-0.285300,-0.934508,-0.466229,-1.158103,0.351912,0.744056,-1.273552,0.501671,0.593193,0
-1.116343,-1.011656,0.473871,0.255035,-0.208284,0.510088,-0.046706,0.630064,1.313814,0.771895,1.185128,0.158781,0.456973,0.896266,0.595949,0
-1.496176,-0.637816,-0.609471,-1.106784,-0.757291,-0.714515,-2.481334,1.093297,-0.325576,0.196826,-0.600119,0.107658,-1.088634,0.456794,-0.097253,0
-2.476131,-0.179793,0.610363,0.899362,-0.930943,0.844290,0.435487,1.091222,0.752192,0.753065,-1.095030,-0.106265,-0.574709,-0.606006,0.711860,0
-2.150173,0.626948,0.477345,0.072320,0.641076,0.720409,0.586476,0.570769,-0.524068,0.754361,0.101452,-0.597964,0.039103,-0.645240,-1.234616,0
-1.057679,1.647395,-0.486303,-1.077726,-0.109911,-0.867997,0.969815,0.660367,-1.309737,1.504100,1.015882,-1.649635,0.362508,-1.178328,-0.113918,0
-1.614290,-1.200194,0.882802,0.382508,-0.057924,-1.551725,0.551158,-0.495310,0.615235,-1.889465,0.686447,1.302192,-0.082125,0.023911,0.042838,0
-1.245545,-0.465863,-0.872930,0.050059,0.168430,0.303601,0.957109,-1.038228,0.269934,0.775856,-1.232424,0.095877,-1.694170,-0.151796,-1.018171,0
-0.487944,-0.811173,1.156198,-0.449339,0.752005,0.601806,1.125052,-0.594096,1.438428,-0.624267,1.010780,0.506348,-0.290704,0.207855,-0.009042,0
-3.189743,-0.222719,-1.397220,-0.145613,-0.521542,0.459164,0.723628,-0.540433,-0.319311,0.463486,0.431589,-1.004823,-0.139893,0.283055,-0.270106,0
-0.199329,1.884397,-0.345358,-0.051391,0.714064,-0.806488,-0.002389,-0.689962,0.734777,-0.023290,0.056383,-0.672620,0.546923,0.212241,0.112000,0
-0.415418,0.889760,-0.428638,0.405539,-0.409687,1.256333,-0.569546,0.247066,0.351725,-0.556549,0.558696,-0.306881,-0.018994,-0.434818,1.011021,0
-1.221237,-0.140015,-0.086568,-0.380168,-0.382640,-1.306031,-0.004654,-0.072330,0.533186,0.088719,-0.189319,-0.005012,-1.103366,0.784635,-0.161110,0
-1.055246,-1.188762,1.392012,-0.623102,-0.568687,-1.671088,-0.508838,-0.314443,-0.016769,0.172435,0.728297,0.527886,-0.259589,-0.175102,-0.056940,0
-1.129708,-0.566467,0.612555,0.730065,0.121279,0.803407,1.330511,1.514770,1.606907,-0.710010,0.471545,0.259637,0.830360,-0.161874,-0.016501,0
-1.657993,0.409081,0.101394,-1.020015,-0.561471,-0.108148,0.150250,0.125563,-0.219669,1.051649,1.150651,-0.959352,-0.405735,-0.289214,0.665346,0
-1.517432,-0.179368,-0.369906,-0.052939,-0.373180,-0.420300,-0.169857,-1.008471,-0.543104,0.070105,0.237071,-1.160466,0.179662,-0.575049,-1.710641,0
-0.800874,0.622812,0.281997,0.811948,0.201175,0.745617,0.165483,-0.953231,0.142543,0.078944,0.990269,-0.124330,-1.386257,-0.046877,1.062533,0
-0.838913,0.152065,1.281313,-0.251750,1.058381,-1.357201,-0.072611,1.209077,1.574926,-0.443127,-1.187031,1.075533,-0.854111,-0.641106,0.131526,0
-0.782939,0.253823,-0.077650,-1.449651,-0.339767,0.264972,-1.115937,-0.808851,-0.778785,0.442255,0.286894,-0.238323,0.514974,-0.374312,-0.204842,0
-1.321404,-0.590094,0.189774,0.282409,1.199242,1.324546,0.296973,-0.090120,-1.056202,0.608846,0.315614,-0.802394,0.109608,0.370687,0.219907,0
-1.986381,-1.247622,1.135384,0.768661,0.661792,-0.692503,-0.469887,-0.074320,0.774491,-0.054646,-0.053378,0.896738,-0.602765,1.406197,-0.669664,0
-0.400030,0.486807,0.742281,1.105558,-1.446141,-0.218374,0.609538,1.517552,0.181241,-0.551346,0.419718,-0.836576,-0.728185,-0.485245,0.727646,0
-1.149861,0.041507,0.885793,0.300168,-0.432283,0.170851,-0.748161,0.417568,-0.912700,-1.141013,-0.724192,0.689516,-0.554348,-0.416998,-0.319538,0
-0.435280,1.424996,-1.238569,0.885555,0.464302,0.088540,-0.250351,-0.334723,-1.478283,-0.029732,-0.191442,-0.283118,0.140737,-0.176960,0.529442,0
0.250585,-1.080519,0.580389,0.278190,0.022961,-0.697044,-0.178047,-0.410343,-1.132007,-0.375304,0.287440,0.492423,-0.177627,1.210303,0.694973,0
0.056491,0.093954,1.973054,-0.029561,0.896973,0.245500,0.155957,-0.616542,-0.564049,0.875183,0.781112,0.615535,-1.585634,0.337682,-1.364347,0
-0.427642,1.006105,0.822856,-0.563083,0.087917,0.472430,-1.074916,-0.142035,0.291545,0.410789,0.848066,-0.416102,1.055470,-0.772906,-0.583110,0
-1.664445,-0.989425,0.321852,-0.203979,0.657028,1.609207,-0.546509,-0.039607,0.844831,-0.154827,-0.849404,1.019645,-0.301795,1.143632,-0.774834,0
-0.720147,0.433208,-0.443832,-0.221400,0.588908,0.693683,0.853765,-0.401095,1.515956,0.148539,-0.710632,-0.795664,-0.292424,0.611311,-0.521791,0
-1.464626,0.585940,0.391149,-0.605404,-0.017284,-0.242416,0.267792,-0.212673,0.995218,-0.773739,-0.908864,-0.024300,0.047704,-0.416316,-0.457186,0
-0.058189,0.011598,-1.760043,-0.876314,-1.148445,-0.289517,-0.550950,-0.376534,0.102752,-0.824090,1.354297,-0.631687,0.192511,0.009913,-1.360524,0
-0.929881,1.327073,-1.088328,-1.019536,1.134442,-0.193699,0.358349,-0.617688,-0.644026,0.044582,-1.217953,0.369841,-0.414191,-0.065378,-1.122169,0
0.054174,0.202138,-0.400211,0.528663,-0.732970,0.428252,-0.278612,-0.729570,-0.826733,1.944708,-1.222776,-0.463975,1.023793,0.547125,-0.600765,0
-0.234179,-1.570599,-0.069715,1.016246,-0.541241,-0.540404,-0.218600,-1.025029,0.687123,0.346878,1.637853,-0.424528,-2.379014,0.968946,0.050300,0
0.264925,0.184853,-0.807035,-0.874421,0.194351,-1.497936,-0.361115,-0.032639,-1.258423,-1.245631,1.199452,-0.433636,-0.406904,-1.100147,-0.486706,0
-0.162362,0.694617,1.442151,0.496291,-0.541327,1.061719,0.745374,0.460096,-0.085510,0.225719,-0.354175,0.930559,-0.629912,-0.214799,-0.171910,0
0.400001,-1.045154,-0.374476,0.684624,0.079303,-0.367924,0.061565,0.001092,-0.571743,-0.829402,-1.121162,-0.325999,0.785234,-1.232895,-0.050181,0
-0.988467,-0.169894,-0.821122,-0.629203,-0.111591,1.051037,0.464269,0.756147,0.512808,-0.642599,-0.459727,-0.283839,-0.251176,-0.088966,1.121662,0
-1.930573,0.080905,-1.886125,-0.392457,-1.456701,0.371508,0.066536,-1.038619,0.629845,0.577448,-0.145555,-1.033883,1.475582,0.844346,-0.478967,0
0.128680,-0.679808,-0.551941,-0.541582,-0.260845,0.497847,-1.386685,-0.258363,-1.044849,-0.365924,-0.840294,0.539160,1.002902,1.044711,0.413021,0
-1.835790,0.617833,-1.180497,-0.216368,-1.864446,-0.156644,-0.063746,-0.113490,0.607968,0.133588,-0.746970,0.371987,-1.351836,-0.962507,-0.499890,0
-0.267326,-0.504528,0.004318,0.299681,-1.024478,-0.646817,-1.065415,1.785712,-0.276480,1.079795,-0.567825,0.959270,0.641995,-0.157303,0.276734,0
-1.635468,0.250759,-0.629886,-0.968974,-0.700838,0.798610,-0.540093,-0.869778,-0.666883,0.580531,-0.610013,-0.637161,0.087806,-0.725576,0.453326,0
-0.142109,0.202632,0.060523,-1.167587,0.800579,0.449422,-0.073583,1.342541,0.444489,-0.793371,0.099625,0.495081,-0.535789,0.970482,-0.604157,0
-1.509113,0.205266,0.214403,0.345510,0.058764,1.059147,-0.418647,1.348959,-1.174083,0.181931,1.130048,0.060148,0.540000,1.072552,0.671951,0
-0.875485,-0.922624,0.939706,-0.654021,2.515098,-0.155974,0.728888,-0.350240,-0.014103,-0.744683,-0.056507,-0.891183,-0.095193,0.853681,0.100727,0
-1.115827,0.458201,0.304492,0.070578,-0.829546,1.289130,0.298255,0.199549,-0.275235,1.854228,-0.409684,-1.182000,-0.693081,-0.700232,-0.802414,0
-1.695599,-1.592710,-0.231981,-1.016444,0.264112,0.186204,-1.209322,-0.810266,-0.218292,1.549080,-0.009993,-0.549672,-0.273689,-0.624306,1.544086,0
-1.493583,0.196944,-0.001061,-1.419769,0.105177,0.429002,-0.595198,0.121754,-0.098491,-0.476162,-0.497350,0.189765,0.290487,-0.088937,0.784084,0
-0.318256,-0.367308,0.379580,0.079842,0.593377,-0.495311,-0.466626,1.200793,-0.928442,0.558239,-1.003915,0.959807,0.126538,0.096383,-0.152447,0
-0.943914,0.494908,0.177168,0.527279,0.073191,-0.212891,-0.689495,-0.791179,0.425691,0.092090,-0.559247,0.966995,0.985319,-1.541215,-1.645256,0
-0.502765,0.860827,0.637238,0.884481,-0.126012,0.479592,-0.634496,-1.201382,0.162759,-0.475068,0.814275,1.612639,1.039993,-1.297901,-1.301322,0
-1.747492,-1.317876,-0.103255,-0.773801,-0.594747,-0.367600,0.417414,0.272058,0.492083,-0.201755,0.764790,0.224099,0.222680,0.435724,-0.057432,0
-1.796480,0.069909,0.609119,1.737634,-0.210923,0.308529,0.685268,0.248019,1.228932,0.447515,-0.329904,-0.609765,-0.078966,-0.220726,1.226514,0
-0.879038,0.230236,-0.104739,0.720897,-0.321734,0.838976,-0.308892,-0.257993,0.407651,-0.757512,-0.130665,-1.086267,-0.566786,1.577565,-0.270261,0
-1.430347,0.655736,-0.020295,-0.771722,0.502717,0.673196,-0.116446,0.273497,-1.027908,0.365577,0.668338,0.183199,-0.833597,-0.337411,1.045687,0
-1.298623,-0.069782,-0.378680,-0.502759,0.347260,1.932319,-0.749499,-0.248925,0.800392,0.364801,-0.632554,0.908445,0.904230,0.116349,-0.515898,0
-0.442637,0.200763,0.226779,-0.762070,0.088724,0.230759,1.087336,-1.637084,-1.214827,-2.011099,0.328342,-0.258717,0.090461,0.471138,0.375664,0
-1.826427,-1.164048,0.669185,-1.136669,0.728905,0.911479,0.577011,-0.411925,-0.003109,-0.733048,1.344049,-0.988934,0.976752,-0.227921,-0.977082,0
0.763219,-1.175701,0.426668,-1.366180,0.375952,0.572541,1.168778,-0.428536,-0.056324,-0.206840,-0.240094,0.153033,0.662533,-0.706061,0.043952,0
-1.403409,-0.231421,0.638225,0.726813,-0.911214,-0.556824,0.092657,0.524051,-0.354087,-0.485465,-0.275521,-0.016308,0.337093,0.061264,-0.431949,0
-0.269103,0.390543,0.004683,0.384424,-1.009374,-1.241206,0.259558,-0.206119,-0.227508,-0.581125,-0.450077,-0.228650,1.214187,-0.579553,-0.646929,0
-1.330195,0.933409,-0.117785,-0.744788,0.195506,-0.860066,1.732162,0.631793,0.340288,0.745697,-0.271630,-0.111494,0.059098,0.508061,0.598978,0
-0.289071,-0.771778,-0.115366,-0.056414,-0.127250,0.212901,-0.834462,-0.631675,-0.332276,-1.207508,-0.241108,-0.356141,-0.025304,-1.230935,0.263138,0
-1.854922,-0.441762,-0.310352,0.574032,0.884525,-0.732255,-1.132028,-0.879035,-0.061273,1.276740,-0.255474,-0.497331,0.239600,-0.213727,0.149305,0
-0.544941,-0.719665,-0.575116,-0.962209,-0.213903,0.289533,0.159116,-0.456553,1.527691,0.336873,0.057732,-1.521724,0.447764,0.431357,0.500183,0
-1.163501,-0.309549,-0.088033,-1.970048,-0.282824,0.250486,0.407276,-1.396954,-1.270854,0.462188,0.877601,-0.560128,2.099831,0.254201,0.489767,0
-1.025311,0.435337,0.291952,0.210381,-0.112798,-0.623322,0.561316,0.516849,0.436426,-0.889944,-0.263484,-0.537243,0.567347,-0.452891,0.261434,0
-0.599384,-1.516680,-1.373280,0.159182,-1.638167,0.558334,1.144886,-1.841593,-1.431132,-0.598551,-0.354501,-0.722547,0.436510,1.984519,0.220845,0
-0.625585,-0.400267,0.692288,0.712915,0.530307,-1.377527,0.814962,-0.504006,-0.550430,0.578408,0.541974,-0.871033,0.932707,1.485732,0.387903,0
-1.864955,0.621196,-0.456114,0.673399,-0.265590,-0.147191,-0.353863,0.698869,-0.773030,0.566471,-0.201115,0.474731,-1.450826,-1.570805,-0.671503,0
-1.267297,0.618318,-0.192141,-0.540120,0.568989,0.831993,-1.028134,0.246586,0.420631,-0.536817,0.014374,-0.865268,-2.161325,0.771479,0.345949,0
0.037704,-0.417593,-0.331504,-1.002663,0.815785,-0.250252,0.101589,-0.143153,0.300227,0.108155,-0.514076,-0.998331,0.154935,1.507342,-1.788869,0
-1.221698,1.649084,-0.063816,-0.469213,-1.347167,-0.042491,-0.024321,-1.559394,-0.378929,0.816598,-0.515088,-0.626677,-1.123165,0.055811,-1.257997,0
-0.608542,0.659368,1.845266,-0.887019,-0.255858,0.043419,-0.653098,0.642378,-1.030818,0.107894,-0.329428,0.137910,-0.048739,0.148402,0.392648,0
-0.041984,1.161470,-0.024079,0.367795,-0.175136,-1.126458,-0.003940,0.938135,-0.003541,0.076108,0.514992,0.532710,0.794114,-0.172163,-0.969139,0
-2.459274,-0.879037,0.728857,0.753624,0.905660,0.936167,-0.229300,-0.087986,0.610362,-0.488891,0.221898,0.164797,-0.866712,-0.474781,0.673018,0
-0.243133,-0.163862,-0.472900,0.758793,-0.172794,-0.316850,0.261253,0.158538,0.519772,-0.103672,0.375448,0.217963,-0.291678,-0.221618,-1.483987,0
-1.565169,0.372594,-0.142270,0.477385,-0.709601,-0.963467,-0.592603,-0.051114,0.528374,1.101169,-1.261473,-0.080873,0.292444,0.006516,1.005167,0
-1.180725,-0.335975,1.635532,0.490072,-0.309024,0.268889,-0.687943,-0.998296,-1.462445,1.054452,0.462288,0.168192,-0.898867,0.891393,-0.143442,0
-0.876760,0.051324,-0.000948,0.604692,-0.264319,0.922550,0.216901,-0.193299,1.398338,1.552656,0.504048,0.131211,1.247248,1.367102,0.259487,0
-1.101103,0.842759,0.570833,-0.508948,1.241615,-0.652131,-1.192930,0.375239,-0.400144,-0.803406,-0.328212,0.163471,1.337042,0.493005,-0.130599,0
-0.842166,2.067551,0.255133,0.649865,0.283659,1.663241,-0.319673,-1.247869,0.436216,-0.231927,0.054427,0.983758,-0.338890,-0.409607,0.065711,0
-0.575549,-0.678192,-0.688397,0.051288,0.196800,1.537525,0.221799,0.411473,0.476863,0.584613,0.343256,0.717183,-0.580384,-0.714951,0.162403,0
-0.541683,-0.214526,-0.518106,0.882910,-0.272524,0.260680,-0.728542,0.204113,-0.825125,-0.059437,-0.692355,-1.188381,1.594252,-0.314560,0.050528,0
-0.750116,-0.023133,-0.861737,0.285236,0.514400,0.181824,0.786403,-1.214336,0.297736,-1.217231,0.639419,-1.148640,-0.541903,0.128370,-0.527348,0
-1.374291,-0.607983,-0.331412,1.130964,-0.121409,-0.921741,-0.894156,-0.760765,0.115803,-0.930574,0.356848,-0.281777,-1.181173,-0.904135,-0.564462,0
-0.938199,0.893968,0.736990,0.836316,-1.147899,0.160887,-0.437749,0.410238,0.545650,-0.119586,-0.049166,-0.295919,-0.711906,1.209631,0.537812,0
-1.009701,0.048206,-0.937613,-1.079806,0.143430,-0.006171,-0.361285,-0.579153,0.310452,0.215267,-0.703151,-1.129296,0.826353,1.851255,1.038507,0
-1.278422,0.134828,0.382975,-0.899215,-0.084594,0.246542,-0.687907,0.023315,1.156305,0.965157,-0.322430,1.048788,1.145440,-0.306206,-0.814557,0
-1.058128,0.305135,-0.854643,-0.609996,-0.295795,0.221017,-0.118616,0.155417,-0.435403,0.022462,1.166552,-0.300701,-1.065750,0.320402,0.343446,0
-1.384794,0.632354,-1.544621,1.346376,0.022856,-1.169809,0.005658,-0.096070,-0.193343,-1.181140,1.006853,0.067639,1.111810,0.355302,0.926147,0
-0.652962,-0.803487,0.125457,1.261436,-0.015280,0.130267,-1.969152,0.209801,-0.499584,-0.539187,-0.343072,-0.377584,-0.518027,-0.459601,0.731533,0
0.216553,0.463590,0.257531,0.222656,-1.365670,-0.592203,-0.755800,-1.053836,0.197372,-0.629156,-0.573040,-1.388352,0.031379,-0.113130,-0.428909,0
-0.466563,-1.106808,-0.420662,-0.453794,0.409745,-0.260042,-1.104539,-0.043825,0.475990,-0.490967,-0.135451,-0.934047,0.601531,-0.311616,-0.133817,0
-0.307992,-0.452876,0.409302,-0.324818,-0.920738,-0.166381,-0.078732,-0.880211,0.661515,0.442110,-0.118154,1.339218,-0.769557,-0.225543,-0.119573,0
0.246431,-0.907175,-0.035762,-0.951112,-0.247662,-0.341032,0.613235,0.674196,1.183603,-0.830038,0.016242,-0.775569,0.536599,-0.259670,0.173661,0
-0.236272,-1.576218,0.378416,0.182680,0.494579,0.065292,-0.645487,-0.059907,0.222039,1.303893,0.460936,0.994656,1.153694,0.219995,0.141560,0
-1.437351,-0.697657,-0.754855,-0.123040,-0.313004,0.801448,-0.246413,-0.196063,-0.172537,-1.824359,-0.407948,0.483693,-0.552128,-1.487627,-0.551963,0
-0.514970,-0.839303,-0.098132,-0.581376,-0.211274,0.024245,-0.080315,0.555459,0.460159,1.514186,0.791903,1.005476,0.195924,-0.206120,-0.688864,0
-1.124648,-0.527438,-0.294363,-0.403003,-0.216653,-0.278552,0.356852,0.149306,0.186748,-0.717070,-0.101287,-1.562985,0.332587,2.539416,0.533546,0
-0.839865,-1.155809,-1.478542,0.321785,-0.038859,-0.984479,0.223813,1.085201,-0.316718,-0.333999,-0.305826,-0.085360,0.104327,-0.554311,1.257495,0
-0.519342,0.046647,0.578122,0.969505,0.119111,-0.687762,0.053110,-0.950073,-0.184315,-2.077005,0.079051,0.630814,0.625159,-0.039234,-0.257530,0
-0.497265,-0.031652,1.268637,0.571565,-0.924934,0.842976,0.863808,-0.649556,0.895431,-1.012424,-1.082220,1.385317,-0.717759,-1.049259,-1.124494,0
-1.981295,-0.049546,0.201741,-0.892943,-0.120903,0.827604,-0.134709,0.422140,-0.511214,1.172070,0.484332,0.022531,-0.525473,-0.695173,-0.393520,0
-1.380132,-0.288525,0.283288,-0.036053,-0.247615,0.645966,0.294136,0.964756,-0.175476,1.688013,-0.497099,-1.036665,-0.362939,0.509873,-0.984211,0
-0.358900,0.130609,-0.188323,-0.154411,-0.195281,0.020432,1.459966,1.184377,0.265587,0.800125,0.242307,-0.581769,0.181134,0.357798,0.460549,0
0.349910,0.767265,-0.212924,0.126786,-0.369687,0.283443,-0.561120,-0.178265,-0.626268,-0.291455,-0.332850,0.348920,-0.590599,-0.678348,-1.125092,0
-1.782978,0.480287,0.744843,-0.620407,0.611100,0.585231,0.283215,0.285069,-0.044226,-0.674476,-0.302849,0.881596,-0.477624,-0.233043,0.555412,0
-0.729154,-1.016510,0.383259,-0.012993,0.350064,-0.358828,0.664585,-0.541995,-0.591998,1.168260,0.404884,-0.196914,0.238213,-0.726556,-0.983346,0
-0.209542,0.261927,0.462852,-0.519317,0.524770,0.622656,-0.027039,-1.132681,-0.766281,0.960509,1.687839,0.198244,-0.221455,-0.058218,0.596095,0
-0.621727,0.188338,-0.418507,1.716591,-1.920502,-0.231816,0.636961,0.073117,-0.339616,-0.127693,0.594548,-1.550194,-0.158830,-0.056137,0.340288,0
-1.418191,0.034600,-0.161267,-1.273859,0.013277,-1.891301,-1.144096,-0.110467,-0.563056,-0.082364,0.970669,-1.182481,0.051519,-0.148441,-0.918647,0
-1.182224,0.584488,0.434268,0.531903,-0.088338,1.264585,-0.282231,-0.126605,0.301991,-0.290819,-0.984618,0.433224,0.505443,-0.144662,-1.235535,0
-0.966405,-0.620043,0.169274,1.276813,-0.263656,0.019388,-0.558384,-0.771357,0.283648,-0.939669,0.849702,1.016975,1.008367,-0.764904,-0.105295,0
-1.238552,-0.302315,0.191952,0.209625,-0.649921,-2.053091,-0.167982,0.218705,1.608438,1.618587,0.625066,0.123590,-0.170044,0.376008,0.462333,0
-0.750315,-0.092012,0.319951,-1.427917,-0.852262,0.462238,1.460667,0.086755,-0.625072,0.054153,0.349015,0.449051,-0.835295,0.470218,0.342008,0
-1.748855,0.432850,-0.539573,-1.403448,0.502602,1.174219,0.356524,-0.151019,0.533987,-1.421253,-0.026269,0.100912,-0.315743,-0.448716,-2.055193,0
-0.535141,-0.008499,-0.066707,-0.685609,-0.645848,-0.585482,0.270933,0.443213,-0.678220,-0.579752,0.085457,0.383732,0.286661,1.274681,0.174843,0
