1.313606,0.259884,1
1.842022,2.560688,1
0.649980,1.511474,1
2.618915,0.013947,1
1.267517,0.840587,1
2.545752,2.891221,1
-0.745080,2.185036,1
-1.302191,1.234663,1
0.937232,-1.096502,1
2.344667,1.421923,1
1.404503,-0.503200,1
-0.564437,1.636005,1
1.326970,1.128726,1
0.212620,-0.009876,1
-0.176666,0.129127,1
2.315336,1.298845,1
1.233336,2.244074,1
0.901896,-1.373200,1
1.471499,-1.609505,1
-0.366218,0.843960,1
1.227854,-0.227294,1
1.636454,-0.370227,1
2.924966,1.919387,1
0.695444,0.537778,1
1.908994,1.100515,1
-1.317135,-0.051334,1
1.104199,-0.560864,1
-0.700799,0.923023,1
3.408989,1.945755,1
0.982440,0.241406,1
0.075421,0.800674,1
1.259982,1.413832,1
0.541348,0.767548,1
0.672625,3.166914,1
0.663550,0.379881,1
0.755065,-0.211608,1
0.471941,-0.017557,1
1.433883,1.540286,1
0.617210,1.799700,1
0.819185,2.312839,1
-0.705927,2.088671,1
-0.412748,0.825387,1
0.739545,-0.491116,1
0.872248,0.482120,1
1.141261,2.365326,1
0.727972,1.817151,1
-0.526976,0.381316,1
3.734074,0.387772,1
0.884463,2.104519,1
0.480347,1.623857,1
2.374851,1.449716,1
1.186444,1.007736,1
1.496069,0.264004,1
2.489033,2.512108,1
-0.546892,0.914842,1
0.887612,1.029345,1
0.021230,1.109201,1
3.274919,1.572823,1
2.075859,1.553255,1
1.485519,-0.777343,1
1.308238,2.161504,1
1.754141,1.303215,1
-0.475289,1.532158,1
2.158548,-0.783751,1
1.452181,0.886673,1
2.605079,1.005466,1
1.770906,0.373899,1
2.166395,2.699374,1
2.391214,0.504734,1
2.639337,2.780030,1
1.712403,-1.074671,1
0.244942,1.228887,1
1.020721,1.288048,1
0.201266,-1.168330,1
3.846066,-0.456399,1
0.046319,1.084179,1
1.142084,0.663373,1
-0.565133,0.457154,1
1.699245,1.713338,1
2.083344,2.515809,1
1.098605,1.728333,1
1.362325,1.960396,1
-0.422421,0.770391,1
-0.212073,0.857196,1
1.476580,-1.184167,1
-0.401339,1.392553,1
1.445883,1.428306,1
1.727454,2.165076,1
0.076588,0.328059,1
1.454164,2.123340,1
1.504635,0.147720,1
2.736945,3.037194,1
3.349548,-0.138519,1
-0.588342,0.694808,1
-0.298395,0.820796,1
0.458055,2.854790,1
0.210406,0.041064,1
1.697658,1.080554,1
-0.773887,0.008199,1
0.772786,1.569376,1
-0.004170,0.187760,1
0.168103,1.796167,1
1.120321,0.836289,1
0.316500,-0.072886,1
1.273284,2.204930,1
1.107559,-2.496558,1
1.981287,0.394439,1
2.390551,-1.039750,1
-0.375981,1.274568,1
-0.027661,1.554399,1
1.103551,0.587747,1
-0.051255,0.338113,1
2.082923,1.884290,1
2.412905,0.982183,1
2.728380,1.381021,1
1.110305,0.912173,1
-0.093558,2.424936,1
1.094190,0.235132,1
1.330150,0.012672,1
1.255580,-0.435369,1
3.111055,0.036481,1
1.590608,1.763635,1
0.016202,3.019175,1
0.396126,1.189232,1
1.880259,0.324716,1
0.667377,2.118055,1
3.668200,-0.905996,1
0.665953,-1.237308,1
1.174932,2.693412,1
0.617437,-0.111502,1
0.868524,1.310764,1
3.052880,1.803623,1
-0.640049,0.475414,1
0.576139,0.462891,1
-0.705045,-0.338911,1
1.580276,2.222271,1
1.293315,2.400913,1
-0.008523,1.543355,1
-0.273368,1.258366,1
2.424101,0.275113,1
-0.419894,1.380765,1
1.942783,-0.452316,1
0.446758,1.862761,1
1.220233,0.583048,1
0.594258,0.904079,1
1.285434,0.561836,1
2.210817,2.113542,1
2.882414,1.194982,1
0.769635,0.706148,1
-0.939147,2.147549,1
-0.529774,2.544032,1
1.398455,1.547698,1
-0.077723,2.462024,1
1.830974,1.830625,1
-0.137969,-0.227997,1
1.072252,0.979228,1
2.334872,1.333230,1
1.539382,-0.098438,1
1.000474,1.441328,1
1.349848,-0.012653,1
2.599153,0.534337,1
2.492354,0.184435,1
0.987878,0.164828,1
1.368106,-0.038058,1
-0.029675,2.588841,1
1.081690,1.122442,1
-0.182405,0.612894,1
2.635891,0.693594,1
1.570867,0.092513,1
-2.055965,0.943156,1
1.842182,1.353219,1
-1.670642,1.504171,1
1.209735,0.749265,1
1.908903,1.854841,1
1.863202,0.112183,1
1.067816,0.954530,1
-1.127551,-0.305386,1
-0.316555,0.253230,1
0.004294,1.888695,1
1.670623,-0.173892,1
2.645726,-0.023841,1
0.113638,2.643972,1
1.826988,0.582026,1
1.905044,2.842810,1
0.741688,0.020523,1
1.252459,0.256625,1
0.047115,0.688884,1
1.242174,0.868150,1
-0.536830,0.913471,1
0.984574,0.153262,1
1.051519,2.572136,1
-0.190101,1.367752,1
1.129734,0.237420,1
0.719983,2.052571,1
-0.440662,1.502079,1
-0.647997,0.488053,1
2.081129,-1.212723,1
0.104395,-0.136779,1
0.075290,0.919294,1
1.998095,0.398899,1
0.818057,1.465677,1
0.108728,1.642826,1
-0.593235,-0.731818,1
2.832018,2.147808,1
2.043992,0.995088,1
1.188466,1.098135,1
0.694074,1.105483,1
0.507132,0.143972,1
0.246475,0.262459,1
0.864718,-0.416115,1
-0.398678,0.519853,1
0.800081,0.928270,1
2.115480,1.414225,1
1.410797,1.466898,1
-0.117108,0.840920,1
0.786348,0.309431,1
0.979095,0.281291,1
3.107139,1.030886,1
1.281448,0.184299,1
-0.629530,1.160975,1
-0.247112,-0.361238,1
1.351395,1.699667,1
1.411185,0.647997,1
1.187415,2.686709,1
2.528826,0.768766,1
0.768232,-0.188989,1
1.547890,0.421257,1
0.062699,3.889240,1
0.571449,1.071267,1
0.233434,0.282576,1
1.438338,0.399343,1
1.534668,0.088375,1
0.742378,1.492571,1
2.431497,2.157030,1
1.266652,1.126751,1
0.260633,2.813820,1
2.419393,1.797366,1
2.522399,-0.420514,1
-0.669770,2.011023,1
1.453089,2.310922,1
2.282885,0.381069,1
1.687109,2.440199,1
0.448112,-0.163543,1
-0.207052,-0.712240,1
-1.312725,0.379727,1
0.994273,1.655702,1
1.208919,-0.394789,1
1.484876,0.283136,1
1.950285,0.056917,1
0.906496,2.433532,1
1.917919,0.502913,1
0.050478,2.161654,1
0.575126,2.077890,1
0.837753,1.849533,1
-0.420393,0.098742,1
-0.600907,1.121814,1
0.894033,-0.092689,1
0.425890,0.708678,1
-0.041983,3.268341,1
2.552334,0.329274,1
1.093507,-2.553602,1
0.383086,0.177226,1
-0.311491,-1.106514,1
1.304786,2.603690,1
-2.430794,-0.985722,1
1.670048,1.856987,1
-0.384708,0.720650,1
2.825856,0.274149,1
-0.035806,2.132205,1
-0.733205,0.022731,1
2.888741,-0.438331,1
0.395586,0.925520,1
1.357655,-0.831604,1
0.758773,2.142602,1
-0.486192,1.606586,1
-0.626244,1.558787,1
1.809444,1.632309,1
-1.146700,0.404787,1
-0.804054,1.355324,1
0.194893,1.032611,1
-0.971552,0.823485,1
-0.352988,1.797673,1
1.412579,-0.469328,1
0.620592,1.969831,1
0.904472,2.197016,1
0.210121,2.849902,1
1.008460,1.752087,1
1.783404,-0.322052,1
0.381232,1.776749,1
0.439089,-1.342506,1
-0.436346,1.546852,1
1.636597,2.694762,1
1.685724,1.439617,1
2.064326,0.595335,1
1.888925,1.208917,1
0.922248,-1.064280,1
0.673090,2.177034,1
0.558556,1.273560,1
0.608119,0.590003,1
1.512785,1.100311,1
-0.827721,1.699034,1
0.847327,0.317938,1
0.638693,2.668162,1
1.071704,0.519458,1
1.525959,1.161504,1
0.707635,-0.142132,1
0.093618,1.082076,1
1.779883,1.455103,1
0.069485,1.506228,1
1.200220,1.145269,1
0.433068,1.417715,1
0.072015,0.156042,1
-0.233644,2.488193,1
0.827719,-0.149366,1
0.651760,-0.649010,1
0.882277,0.989509,1
1.209610,1.574670,1
1.241466,2.325862,1
2.190611,1.359714,1
-0.284990,1.031713,1
-0.018211,0.375742,1
1.498239,-0.500559,1
1.121370,3.035872,1
0.929574,1.055933,1
0.474114,1.384322,1
1.666545,0.497512,1
-0.082253,0.950533,1
0.034149,1.326657,1
-0.014638,1.142469,1
0.957881,-0.636841,1
1.911004,-0.335089,1
1.662043,1.172660,1
2.249147,-1.889718,1
-1.507049,3.430404,1
0.879056,1.201777,1
0.305342,2.039571,1
0.614707,-1.229502,1
2.641339,0.464821,1
2.443468,-0.235352,1
0.969815,0.884133,1
-1.429226,0.687470,1
-0.838773,1.841481,1
0.566301,0.572440,1
0.711782,1.163539,1
1.388872,3.190683,1
0.639633,2.072448,1
3.084015,-1.541944,1
4.226051,-0.473210,1
1.638109,2.036586,1
1.273865,0.215765,1
0.131940,0.251390,1
0.167723,1.115953,1
1.095489,0.769626,1
2.096008,0.708143,1
1.433741,2.334279,1
0.987113,2.833803,1
-1.043222,3.042060,1
-0.248640,1.154090,1
-0.549344,2.439935,1
2.167929,2.136070,1
2.102402,1.292052,1
2.043463,2.495162,1
-0.575410,1.136335,1
0.525391,-0.276899,1
-0.811239,-0.025197,1
0.554404,0.909461,1
2.527682,-1.114817,1
-1.286943,2.235920,1
-1.011251,0.760600,1
0.246286,1.646017,1
0.902832,0.994350,1
1.150285,1.646348,1
1.123420,1.050659,1
0.094084,0.286493,1
2.223858,-0.500882,1
1.522804,-0.563318,1
1.364547,1.036244,1
1.972029,0.760850,1
2.051347,1.301811,1
0.350905,2.374949,1
2.227207,0.353884,1
1.958389,-0.442220,1
0.941229,2.639034,1
-0.562663,0.563871,1
-1.422690,1.481373,1
-0.515683,2.997724,1
1.310282,-0.220469,1
-0.506596,0.418886,1
2.769905,2.127545,1
0.974033,1.449570,1
1.884781,1.246248,1
0.982834,-0.393939,1
0.690091,-0.071064,1
1.444066,2.422744,1
0.846585,-1.095318,1
1.187479,3.417264,1
1.322186,3.122227,1
-1.749099,0.172231,1
1.770232,2.370006,1
-0.908432,-0.304283,1
0.172765,1.098625,1
1.595039,0.462932,1
2.563941,0.835137,1
1.648070,1.181336,1
0.370516,-0.702585,1
0.064717,0.819473,1
1.447019,2.606704,1
-0.239308,-0.593089,1
1.109091,2.058169,1
2.164787,1.334947,1
2.164591,3.450574,1
2.876455,1.646615,1
0.690387,0.969514,1
1.572698,2.264290,1
2.297053,0.788671,1
1.344848,-1.146778,1
2.215334,1.907413,1
1.939692,0.130724,1
1.110072,0.874661,1
1.376442,-0.489636,1
1.235735,1.678196,1
0.556870,1.205697,1
0.059906,3.339097,1
1.746851,0.478235,1
1.119054,-0.312119,1
1.278759,1.187114,1
2.043421,0.569865,1
1.121210,1.470292,1
2.837347,1.214559,1
1.636527,-0.168321,1
0.243219,0.334280,1
0.441173,3.714148,1
1.874560,1.249911,1
1.435991,2.605450,1
0.801388,0.445800,1
-0.725048,2.439250,1
-0.041571,0.634524,1
1.467793,0.435253,1
1.139440,0.112684,1
0.176908,1.551466,1
0.852681,2.641647,1
-0.499189,1.908279,1
1.000690,1.108905,1
1.342095,0.577581,1
0.901150,1.240853,1
0.336262,2.263786,1
0.886231,1.825331,1
2.548706,2.207798,1
1.191924,1.176081,1
-1.342948,-0.157960,1
-0.326109,1.827933,1
0.059455,1.721897,1
1.289749,-0.844658,1
1.364447,0.395875,1
0.809234,1.940134,1
-0.317031,0.228051,1
1.492930,-0.167913,1
0.494014,0.442890,1
0.791165,0.194842,1
0.544713,0.411630,1
1.998858,1.010810,1
0.949518,1.493563,1
1.586034,0.771171,1
1.773981,1.758360,1
-0.339491,0.694143,1
0.374021,2.116146,1
-1.480239,1.273849,1
1.536578,0.695079,1
0.106434,1.160103,1
0.239635,0.837601,1
1.878670,1.156877,1
-0.492890,1.626591,1
2.831352,1.080572,1
1.141978,0.224245,1
0.979881,1.964061,1
0.814493,0.654241,1
3.778003,0.139968,1
-1.538408,-0.666617,1
2.139313,-0.048753,1
0.844547,2.289578,1
0.613855,1.630369,1
2.671558,-1.611281,1
1.942200,-0.300503,1
-0.055401,1.879154,1
1.169019,-0.120490,1
-1.160686,2.052672,1
1.279355,0.364970,1
2.387227,2.883999,1
3.465318,-1.825914,1
0.136073,0.113927,1
-0.159334,-0.897911,1
1.748272,0.699107,1
3.038686,1.790803,1
2.676267,2.999598,1
2.026984,2.157837,1
0.426872,1.785625,1
1.053998,1.914609,1
1.282361,0.039690,1
1.745188,0.578179,1
1.399902,-0.434263,1
-0.726680,-0.698967,0
0.137578,-0.845053,0
-1.086864,-0.768823,0
-0.068799,-2.136781,0
-0.481915,-0.944728,0
-1.318316,-0.194606,0
1.069736,-0.676474,0
-1.911845,-0.812083,0
-2.125763,-2.583719,0
-3.384614,0.495368,0
0.318049,-0.583840,0
-0.161697,-1.473361,0
0.286572,-1.392489,0
-1.792921,-0.983073,0
-0.486344,-1.587534,0
-0.204000,-0.047537,0
-0.020429,-1.363397,0
-2.343183,-2.113390,0
-0.684486,-1.393445,0
-0.166800,-2.405394,0
-1.042075,-1.991054,0
-1.038172,-1.977883,0
-0.378008,-1.343937,0
-0.558647,-0.366700,0
-0.325489,-0.655354,0
-1.596334,-0.392206,0
0.402774,0.413651,0
-0.631831,-1.320822,0
0.364911,0.311647,0
-1.051556,-1.032402,0
-0.552403,-1.528857,0
0.519085,-3.312684,0
-1.979421,0.069746,0
-1.755713,-0.335015,0
-1.598491,-0.521041,0
-1.450076,-2.165150,0
-0.226622,-2.250965,0
-2.508631,0.207069,0
-0.153164,-0.536513,0
-2.039385,-0.712648,0
-1.448116,-0.590106,0
-3.642220,-0.885380,0
-0.843717,-0.165597,0
-1.860408,-1.616517,0
-1.030451,0.685126,0
-0.449537,-1.274611,0
-2.313935,-0.290862,0
0.801326,-0.791127,0
-0.246730,-0.798228,0
-0.234679,0.352951,0
-2.764652,-0.711323,0
-1.278569,-2.342473,0
-0.573595,-2.428323,0
-1.375349,-0.085399,0
-1.971235,-2.211949,0
-0.251296,-0.175797,0
-1.111944,-1.208278,0
-2.131936,0.231323,0
-2.170101,-2.413105,0
-2.331174,-1.385664,0
-4.034404,-1.888857,0
-2.912636,-2.878764,0
-1.508142,-1.423652,0
0.666849,-0.138026,0
-0.691428,0.140287,0
-4.165425,-1.211517,0
-3.028587,-1.082859,0
-2.140310,-1.655822,0
-1.907606,-1.678496,0
-0.423238,-0.996459,0
-0.837184,-1.626089,0
-1.150306,-0.670451,0
-0.068388,0.623241,0
-1.797461,-0.880748,0
-0.468214,-2.085958,0
-1.431287,-0.300096,0
-1.212687,-0.933831,0
-1.906765,-0.211333,0
-1.864844,-0.898935,0
-0.750284,0.603915,0
-2.578890,0.180025,0
-1.329560,-0.318798,0
-1.188047,-3.183737,0
-1.275177,-1.118999,0
0.216531,1.531234,0
-1.406414,-2.565572,0
-1.475415,0.411403,0
-0.098024,-0.560356,0
-0.464341,-0.615274,0
-0.538027,-1.768752,0
-2.206871,0.445088,0
-0.583580,-0.456193,0
-2.493259,-0.503637,0
-1.500689,-1.140057,0
-2.089131,0.107917,0
-1.531425,-0.032065,0
-1.122532,-1.302439,0
-0.380550,-0.483873,0
-0.626187,-1.557818,0
-1.019956,-1.275673,0
-1.333673,-0.320557,0
-0.732638,-1.721712,0
0.423396,-2.554869,0
-0.285038,-1.325879,0
-0.991816,-1.024461,0
-0.471265,-0.361741,0
0.020883,0.487412,0
0.298859,-0.153420,0
-0.973004,0.581208,0
-1.911183,-2.463962,0
-1.413567,-2.261039,0
-0.318480,-2.945792,0
-1.455031,0.286020,0
-0.307662,-1.953538,0
0.406129,0.151783,0
-2.067154,-1.561504,0
-0.261712,-2.081753,0
-0.550150,-1.224452,0
-1.123419,-1.301824,0
-0.646677,-1.213394,0
-1.840034,-1.324045,0
-0.428132,1.843563,0
-1.339806,0.155857,0
-0.995494,0.236864,0
-2.443141,0.060945,0
-1.763316,-1.253798,0
-1.696627,-1.769530,0
-1.178905,1.098977,0
-2.028203,-0.434698,0
-0.621546,-2.196606,0
-1.659420,-1.381063,0
-3.800265,-0.723268,0
-1.020208,-0.098021,0
0.202433,-0.181043,0
-1.722738,-1.219717,0
-0.878828,-2.172338,0
-1.929796,-2.239221,0
-1.114980,-1.382804,0
-2.029892,-0.692829,0
-1.183611,-1.969915,0
0.592892,-2.769430,0
-1.637839,-1.744224,0
-1.328207,-0.936454,0
-1.862956,-0.437521,0
0.070586,-0.059552,0
-1.948308,-1.751747,0
1.221075,-3.865815,0
-1.151717,-0.161370,0
-0.721166,-1.392114,0
-2.248784,-1.298428,0
-1.875703,-0.177667,0
-1.309376,1.661455,0
-0.055648,-1.436397,0
-0.793066,-1.229882,0
-1.262291,-0.371676,0
-1.467263,-3.476504,0
0.578067,-0.423180,0
-0.250380,-0.423677,0
-1.266129,0.672427,0
-1.013512,-0.944774,0
-0.893096,-3.086625,0
-0.276314,-0.760645,0
1.049016,-2.045647,0
-2.194184,-1.031408,0
-1.754118,-2.466377,0
-1.340296,-1.451552,0
-0.392797,-2.786329,0
-1.251774,-2.415238,0
-1.039802,-1.929816,0
-0.981550,-1.780034,0
-0.178790,-1.547254,0
-2.068014,-0.611346,0
0.060536,-1.664529,0
-1.867936,-1.044434,0
-0.126855,-0.957420,0
-0.777960,-0.631100,0
-2.590298,-1.127915,0
0.786566,-1.266050,0
-0.355903,-0.103638,0
0.034656,-1.524365,0
-0.446056,-0.078326,0
1.127582,-1.117136,0
-1.124270,-2.487449,0
-0.997848,-0.249967,0
-0.251835,0.786193,0
-1.222032,-1.391964,0
-1.567218,-0.728533,0
-0.559797,0.145776,0
-0.882632,-3.334819,0
-1.518805,-2.484377,0
-2.513370,-0.130929,0
-0.887311,0.518052,0
-1.449557,-4.031407,0
0.636601,-2.338813,0
-0.572142,1.853121,0
-0.357586,-2.696598,0
-2.586498,0.407653,0
-3.206298,-0.502460,0
-2.352182,0.840489,0
-1.332875,0.709738,0
1.103264,-0.325304,0
-1.249244,0.582148,0
-2.439282,0.433219,0
0.136362,-2.282133,0
-1.514159,-1.126348,0
-1.242159,-0.449441,0
0.035943,-1.358356,0
-2.860465,-1.127162,0
0.139206,-0.599192,0
-1.239135,-1.362507,0
-2.272819,-0.758716,0
-2.166829,-3.132405,0
-0.817469,-1.596157,0
-2.784252,-2.346370,0
-1.388909,-1.702017,0
-0.835504,-1.005456,0
-0.234517,-0.533902,0
-1.230428,0.621445,0
-1.094516,-0.407196,0
0.868504,-1.749597,0
-1.182282,-1.281981,0
-3.383235,0.398893,0
-0.622163,-0.411959,0
-0.871217,-2.294192,0
-2.992823,1.000507,0
-1.095765,-0.625263,0
1.195966,-1.799393,0
-2.308668,-2.777583,0
-0.506425,0.499054,0
-0.049571,-2.511962,0
-0.416720,-3.174094,0
0.136180,-0.084170,0
-1.254316,-0.577181,0
-1.925021,0.482586,0
-0.844382,-1.503916,0
-1.309073,-1.840768,0
-1.063329,-0.799713,0
-1.154467,-3.160060,0
-0.437100,-2.692045,0
-2.011062,-3.293480,0
-2.811450,0.585007,0
-1.204310,-2.045397,0
-1.868571,-2.296596,0
-1.294636,-0.878975,0
-0.698342,-1.655701,0
-2.539654,-1.776359,0
-0.061603,-1.597840,0
-2.160961,2.159664,0
-0.994026,-0.458795,0
-0.345877,-1.050894,0
-0.769807,-3.548040,0
-1.598485,-3.270834,0
-2.602401,1.880146,0
-1.039089,-1.232876,0
-1.457262,-0.210042,0
0.609423,-0.919079,0
-0.106787,0.639165,0
-2.203345,-1.263105,0
-0.529482,0.514162,0
-2.784784,1.012191,0
0.551881,-1.755075,0
-0.253201,-3.185333,0
1.074011,-0.813818,0
-1.365102,0.392151,0
-0.317656,-1.407330,0
-1.086941,-0.206803,0
-0.714145,0.319042,0
-0.953824,-1.044359,0
0.098026,-1.415288,0
-0.396059,-1.502378,0
0.194829,-1.401134,0
-3.638649,-1.192635,0
-0.516134,-2.309304,0
-1.665171,1.080882,0
-0.052856,-0.313255,0
0.776796,-2.618709,0
0.003067,-1.668523,0
-0.301200,0.168437,0
-1.738949,-0.048620,0
-0.724542,-1.067151,0
-0.262390,-2.402835,0
-1.497373,-1.548606,0
-0.554234,-1.756794,0
-1.887999,-1.786191,0
-2.267379,0.867386,0
-1.572411,-1.682669,0
0.491596,-0.539599,0
-2.019917,-1.357181,0
-0.507407,-0.843329,0
-1.052713,-1.783720,0
-0.912829,-1.125328,0
-2.654547,-0.599585,0
-0.701926,0.315769,0
2.376882,-1.969186,0
-1.761101,-0.658943,0
-1.872269,-0.239366,0
-0.160459,-0.506456,0
-1.897451,-0.054177,0
-0.470393,-2.658543,0
-1.246696,-0.159684,0
-0.750414,0.554800,0
-0.427705,-0.893679,0
-1.911105,0.995187,0
-1.526315,1.213027,0
-1.155677,-1.170069,0
-2.095689,-1.830431,0
-0.090786,-1.485451,0
-0.209012,0.198861,0
-0.899443,-0.325216,0
-1.741788,-1.912210,0
-0.853260,-3.110029,0
-2.118896,-2.630002,0
0.053178,-1.499384,0
-0.931177,-1.715326,0
-1.456984,-1.512730,0
-1.914724,-1.488796,0
-1.435255,-0.723071,0
-0.591653,0.734635,0
-0.482907,-1.555550,0
0.770958,0.146762,0
-1.462490,0.458428,0
0.107348,0.860001,0
-1.203935,-2.227203,0
-2.138484,-0.175026,0
-0.918404,-2.096481,0
-1.627214,-2.555504,0
-0.032021,-1.911031,0
-0.391321,-1.895095,0
-1.086504,-1.988861,0
-1.119881,-1.504007,0
0.221696,0.010212,0
-0.202446,-1.061276,0
0.354666,0.561666,0
-2.009892,1.209642,0
-1.479175,-1.493119,0
-2.692008,-0.679641,0
0.527339,1.500858,0
-1.294438,-1.873426,0
-0.961309,-0.551716,0
-3.554682,0.571289,0
-2.186989,-0.488244,0
-2.129209,-1.441529,0
-1.622870,-0.776585,0
-2.290480,0.981979,0
-1.430273,-1.646321,0
1.144233,-0.806705,0
1.266230,-0.927411,0
-0.891140,-0.016319,0
-1.841789,0.940277,0
-1.221572,-1.338756,0
-0.784446,-0.677929,0
-3.855010,-1.483831,0
-1.424559,-0.407518,0
-2.885206,-0.800892,0
-2.803062,-1.808702,0
-2.056422,0.278852,0
0.378780,-0.693849,0
-1.258047,0.004796,0
-1.615260,0.638953,0
-1.932988,-0.062891,0
-1.691700,-0.292454,0
-1.414048,0.901881,0
-3.354806,-0.351467,0
-0.989520,-1.480121,0
-0.742654,0.328415,0
-0.555654,-1.364507,0
-1.119380,0.081394,0
-1.324718,0.392273,0
-2.543109,-0.478592,0
-0.285694,-0.683059,0
-1.654739,-0.834585,0
-0.664681,-0.251626,0
-0.304219,-0.643569,0
1.183602,-1.977475,0
-0.889400,-0.629375,0
-1.179653,-1.287739,0
-1.146028,0.484401,0
-1.915954,0.518421,0
-0.042559,0.147571,0
-0.603518,-2.287245,0
-0.090260,-2.318033,0
-2.031281,-0.019446,0
-1.575442,-0.567886,0
-0.725126,0.948635,0
-1.241980,-1.562225,0
-2.320720,-2.456244,0
1.100239,-1.564539,0
-0.020597,0.597277,0
0.962904,-0.721140,0
-1.027535,-1.642265,0
-0.752810,0.421013,0
-1.029833,-0.691439,0
-2.159824,-2.111688,0
-1.712846,-3.460653,0
-0.522518,-1.094276,0
-0.919560,-0.687700,0
-1.457932,-2.517560,0
1.543153,-0.440680,0
-2.194464,-1.592225,0
-1.899951,-1.481232,0
-0.972664,-1.063630,0
0.836794,-0.259704,0
-0.522650,-1.343472,0
0.181278,-0.122255,0
-0.523385,-2.589259,0
-0.502143,-0.164236,0
-0.559288,-0.637580,0
-1.060486,-0.046074,0
0.081272,-1.985476,0
-1.164096,-2.154176,0
-1.313104,-0.515123,0
-1.464419,0.415193,0
-1.289499,-0.467864,0
-0.699039,0.994703,0
-1.229362,0.907577,0
-1.054264,1.008526,0
-1.516587,-2.261411,0
0.300753,-2.941731,0
-0.318283,-1.343241,0
-1.893083,-3.096492,0
-2.246246,-2.368842,0
0.421917,-1.605448,0
-0.998002,-1.461946,0
-0.769590,-1.827462,0
-0.343815,-0.970153,0
-2.031257,-1.484239,0
-2.957010,-1.557964,0
-0.278129,-0.216641,0
0.590289,0.736668,0
1.177231,0.284283,0
-1.132200,-0.469001,0
-0.753433,0.232402,0
0.547311,0.559986,0
-0.723048,-1.010599,0
-1.696571,0.477324,0
-1.114265,-0.315367,0
-3.773692,-0.217132,0
-0.733919,-1.380636,0
-0.307752,-1.404931,0
0.168722,0.175467,0
-2.689377,-2.152095,0
-1.937179,-1.872015,0
-2.757061,0.113119,0
-1.648717,-0.958920,0
-1.183650,-0.059204,0
0.368543,-1.170981,0
-0.258135,-1.258359,0
-3.065824,0.674620,0
-0.649745,-2.425717,0
-1.454565,-1.825043,0
1.106914,-1.220083,0
-1.934102,-1.984243,0
-1.021689,-1.541012,0
-1.166756,0.033939,0
-1.703618,-0.422144,0
-1.066925,-0.251224,0
-1.609096,-2.277980,0
-1.587675,-0.242572,0
0.020399,-1.050805,0
-1.253032,2.335229,0
-1.179769,0.149144,0
-0.753841,-1.050519,0
-1.086064,-1.178621,0
-0.369156,-1.212235,0
-1.812254,-0.106407,0
-0.925622,-2.531915,0
-1.791179,-0.613225,0
0.667321,-1.515421,0
-0.383303,-1.272071,0
-1.764462,-1.530741,0
-0.468304,-0.337276,0
0.351273,-2.266569,0
-1.508327,0.318966,0
-1.542617,-1.909997,0
-0.590392,-0.578425,0
0.181390,-1.517445,0
-3.694395,-0.996588,0
-0.634286,-1.415900,0
0.291511,-1.379925,0
-1.761651,-2.069372,0
-1.400044,-1.664774,0
-1.382571,-1.571435,0
-1.004615,-1.993560,0
-0.869628,-3.710412,0
-0.757251,-1.302286,0
-1.965939,-1.375095,0
-1.520559,-3.043971,0
-0.521773,0.754356,0
0.330624,-0.140455,0
-1.235064,-1.186141,0
-2.646716,-1.853709,0
-0.714268,-3.950143,0
-1.805850,-2.147106,0
-1.769214,-1.025194,0
-1.432769,-0.312241,0
-1.624755,0.803594,0
-1.841647,-2.145456,0
-0.446154,-0.373529,0
-0.471014,-2.143099,0
-0.015041,-0.845521,0
