1.025484,2.192789,-0.922545,3.562651,-4.963856,1
1.183079,-2.364615,-1.290419,1.067861,1.553631,1
3.255191,-4.302316,-1.781224,-4.222374,2.246341,1
0.672759,-0.584834,0.049650,-1.458633,-3.033378,1
-4.303826,-1.298080,2.477961,1.854251,-1.889471,1
-1.078883,0.330551,-3.281322,-0.039915,0.718917,1
0.965654,1.253852,0.102880,-1.542176,1.241863,1
0.086786,0.593392,0.679360,4.108290,-5.289785,1
3.571724,3.512520,-3.500361,4.814333,-0.784198,1
-1.843304,1.734204,-1.606381,-5.349003,-0.869764,1
2.929416,-3.767447,1.065432,1.170760,-2.090949,1
1.025794,0.191541,-0.959615,-3.618107,-3.025615,1
2.862092,3.222580,0.061102,-1.883909,1.377140,1
4.397271,-1.283360,-0.598818,4.794277,0.940522,1
1.130924,1.896998,-0.093587,-1.228634,0.591661,1
0.084947,-0.045101,-3.447228,1.338763,-0.727322,1
0.169888,1.328675,-3.994140,-2.655350,0.811049,1
0.468403,3.597929,-1.903198,6.807583,-3.667891,1
0.776140,3.284380,-2.707579,0.236983,0.691909,1
-1.529822,0.929609,-3.056145,2.587933,-0.446471,1
0.645971,-0.410726,-1.226281,-2.489606,0.948209,1
-3.217484,-2.966785,1.255755,-0.942096,5.544558,1
-0.761815,1.838996,-3.958456,-0.723574,4.730846,1
2.109126,4.916660,3.482019,-2.320650,2.387984,1
0.061987,-3.882721,-0.694992,-5.292098,-5.048232,1
1.947582,0.565956,2.707726,-3.120025,-1.486088,1
4.718988,2.960139,2.212191,-0.234689,-0.807978,1
-1.641069,2.358418,4.632984,1.043942,-0.625128,1
0.931175,3.531902,1.908967,3.255283,-0.429879,1
-3.735397,-2.327794,-1.357105,3.699160,0.399989,1
1.679770,0.157966,4.341694,1.532149,2.457643,1
0.716865,-2.209951,-2.347894,4.343088,1.831841,1
-2.436978,-4.220618,-1.612729,-0.576314,-3.674127,1
-0.278214,-0.705894,-1.096387,4.844049,-0.332252,1
-0.133866,2.104780,1.522682,2.360641,-2.151134,1
2.297670,-2.381592,5.825243,-1.633127,-0.450656,1
5.027458,-3.909720,2.407326,2.202649,-0.828052,1
0.482085,1.203804,-3.212401,-1.883464,-0.285233,1
-2.441009,-3.492503,-2.542785,3.531204,1.611948,1
0.872305,-1.326445,-0.584047,0.632679,-1.156499,1
-0.816900,0.384151,-1.066975,-1.471116,-2.564093,1
-0.269819,-3.378037,-2.650011,-0.828108,2.935637,1
3.408274,2.132438,0.933602,0.939324,3.284311,1
1.478725,4.143459,-0.626123,1.585349,3.214601,1
4.222156,-0.577881,3.743061,5.041506,-2.827581,1
1.144361,2.695720,-1.248505,-0.750323,3.854031,1
0.893436,1.018931,0.238956,-0.530532,-3.403717,1
1.742062,-0.220963,3.286942,-0.348598,-3.192568,1
-1.216174,-0.416954,-3.000287,2.059616,-3.323019,1
-3.850835,-7.121230,-1.303498,0.232347,0.377289,1
-0.266794,1.443497,2.035950,-0.872079,-2.824036,1
2.729815,-1.154331,0.680222,-3.817257,0.076427,1
1.695496,0.219470,0.432055,0.550858,1.267939,1
-0.379924,-0.058410,-1.093223,-4.375374,0.862964,1
0.734410,2.368593,-1.077353,-2.478577,1.715006,1
-3.986843,-0.090110,-0.586461,-0.699506,-2.231525,1
2.534894,-0.565141,-3.265706,-2.365981,0.323093,1
0.895132,0.779526,0.150336,4.713211,1.087051,1
-1.623677,-1.016256,4.046835,2.632867,-2.219750,1
-1.456196,3.793947,3.839186,5.630096,-0.564931,1
-1.411211,0.293365,1.289235,1.074350,1.278787,1
1.770311,4.674219,-3.485580,-0.522774,3.164998,1
-0.300219,4.052015,2.833085,-3.806721,0.290601,1
3.656897,-0.636766,0.760696,-4.629436,0.733498,1
-0.894877,-1.461806,1.188008,-3.985842,-0.135262,1
1.411466,-1.738430,2.222628,1.157554,-6.504066,1
2.757622,-1.923624,1.940677,-2.148423,0.457482,1
1.902835,3.437668,0.891915,-1.782235,-3.932442,1
4.300713,3.177291,-1.768572,-1.423601,0.090286,1
3.419432,-2.989027,-3.292201,2.362755,-3.995122,1
2.971590,-1.382828,-1.058184,1.453906,3.654245,1
-0.001578,2.180327,6.572048,-2.084176,1.470971,1
2.539911,0.403304,0.724695,-1.032245,-1.937401,1
4.276525,0.243107,0.495097,-0.223483,-1.057257,1
1.201302,-1.586258,0.781828,-1.676575,3.205406,1
1.030437,-1.434027,0.186685,-0.978507,1.050517,1
3.211989,-2.069128,-2.113331,-3.766142,1.718843,1
3.486218,-1.277658,-3.524813,2.906123,1.955279,1
-1.017437,2.013227,1.117450,1.902430,0.748955,1
4.596930,-0.512650,-2.306437,-0.929450,-0.264226,1
-1.811518,-4.146405,2.553089,0.101566,1.445456,1
-0.339162,-2.211419,0.810788,2.344357,-0.100604,1
-0.173826,1.887600,-1.557904,1.311195,2.332887,1
5.139444,-1.140692,-2.411153,-2.059699,-2.613771,1
0.047585,-1.739418,-1.921790,-3.151361,-3.628389,1
6.449875,4.114752,-1.200753,0.213499,-2.619837,1
1.550360,-2.591852,1.217504,0.974101,2.601578,1
0.887167,-3.280828,0.420587,0.460302,-1.956656,1
-0.449678,2.702014,-4.134122,3.442599,-3.493638,1
-2.489560,-0.390897,1.861283,-1.242806,0.627536,1
-2.035550,-0.402007,-2.960155,0.402080,-1.730341,1
1.851692,1.287608,-0.611645,1.284803,0.139609,1
-0.211004,3.915987,0.438629,-1.390766,1.544306,1
-1.143175,-0.728971,2.076851,2.103226,-2.225574,1
4.002124,4.159115,0.498467,-4.026823,-1.593687,1
4.564177,3.586369,-3.323793,-0.761977,-2.311835,1
5.345621,0.589140,-0.615971,-4.638840,-3.094092,1
3.743120,0.733047,-0.922771,-3.611889,5.291771,1
1.595183,-0.889341,-5.594398,-0.222980,-2.211429,1
6.123510,2.878947,-0.642127,1.402580,-1.741295,1
3.285047,-1.385005,0.001423,-4.663633,1.564762,1
2.971828,-0.424741,-3.099065,1.549801,2.886990,1
1.905490,-2.831856,-1.328650,3.703686,-2.927469,1
0.635837,3.146820,4.319469,-0.621454,5.510864,1
-1.340757,-0.217637,3.013547,-3.641140,5.409336,1
1.036231,0.504186,-0.930137,-1.258441,-1.507229,1
-0.786750,2.501796,-1.454827,5.402344,0.008233,1
1.109604,0.928240,-0.079269,6.075630,-3.126903,1
-0.595284,2.351655,3.203681,2.032408,5.014441,1
-0.261118,1.656948,3.526209,-0.888901,5.351957,1
0.623183,1.773022,0.498901,4.726570,2.673243,1
1.600900,-0.464554,2.478714,-2.794915,0.666207,1
4.669493,-4.351870,-4.653364,-4.199360,-1.254422,1
-0.694820,1.530788,-0.396630,-5.882935,-3.165986,1
-0.436205,-0.154451,-0.233581,-1.977948,1.769233,1
-1.833149,-2.388808,-2.487901,-4.089219,-2.918617,1
-0.109751,0.559282,-1.356039,-1.393703,-0.733931,1
-1.828804,-3.323250,0.322498,-2.472139,-1.310721,1
4.530895,0.230937,1.014892,-0.782775,1.944752,1
-0.989202,-3.319721,2.058625,0.999605,4.877380,1
-1.586368,-6.241944,5.649410,1.961628,-0.606539,1
1.471880,-6.664212,0.111400,0.075284,1.490338,1
0.806198,-0.510262,-3.211063,-5.160656,2.200058,1
2.162937,0.790996,-0.316407,1.871349,-0.865321,1
0.581201,-1.740840,4.125601,0.676809,2.281467,1
0.490741,-2.136398,-4.723003,-0.805574,2.686008,0
-3.692908,-3.662942,0.599422,3.865080,-1.419370,0
1.022611,0.829202,2.984913,0.762990,-2.157840,0
-2.297251,-0.172700,-4.270791,-2.439974,1.818612,0
-4.050225,3.591440,1.131925,-4.325257,2.787767,0
-2.183712,5.177454,2.927050,2.585457,1.317207,0
-0.735748,-5.248361,1.637787,-3.690936,1.632474,0
-0.478720,-3.456234,1.634876,1.992877,1.637575,0
-1.020885,0.355056,-0.053590,-2.695875,-4.284094,0
-2.739157,1.229832,-1.497325,-1.513913,0.102867,0
-3.991725,-1.190959,0.046725,1.983471,-1.738431,0
-0.811111,-1.025867,-2.612950,0.679491,1.608549,0
0.382345,1.785143,2.524325,-0.221002,1.151890,0
-3.680890,0.795321,1.618317,-1.196115,0.101486,0
0.238005,1.160364,-0.945878,2.623999,1.166265,0
-3.417074,-1.415430,-1.622715,-4.133880,-0.977119,0
-2.841847,5.490919,-5.649492,2.349554,-1.176190,0
-0.554674,-2.346580,3.650454,0.212209,1.569846,0
-1.620380,-1.455682,3.586357,0.702393,-1.966883,0
-2.911318,0.322592,-3.449683,-1.318213,1.893525,0
-3.249182,-0.092742,-0.282585,3.256683,1.618819,0
1.108987,-1.874997,0.774236,0.461642,-1.394869,0
-3.492048,2.849598,-1.666590,0.453143,-1.606821,0
1.811954,0.539597,7.285961,-1.653484,2.261075,0
-1.907245,0.654019,4.757568,2.574907,3.910843,0
-0.256624,3.291639,4.514688,1.916499,3.141813,0
0.426212,-3.805535,-1.340628,4.549055,3.393255,0
-2.303329,0.516444,-0.723045,-1.097019,-0.737157,0
-1.480227,-3.075240,-2.401684,2.490652,-5.359491,0
-2.768856,-0.409622,-0.100808,1.073549,-1.109810,0
-3.938399,-1.607572,-1.835927,-0.541616,0.122388,0
0.341434,0.226127,-0.400890,-0.374552,2.430612,0
-1.711100,3.948616,-1.750591,1.088302,-0.648108,0
0.831216,3.175569,2.207796,2.197281,1.066022,0
1.142046,-4.029663,2.758004,0.234783,-0.347875,0
-1.301578,-2.351863,2.949113,0.955030,1.973931,0
1.638815,-3.346901,4.892162,0.259212,-3.105430,0
-1.756978,1.682538,1.359140,-2.220279,2.735509,0
-2.942830,-2.579347,5.610422,1.584222,1.078017,0
1.230247,1.440909,3.006373,3.416547,3.196266,0
-0.634748,-2.919401,2.366034,0.504513,2.868281,0
-2.914396,-5.183245,-2.659533,-1.779520,-0.857141,0
-0.868804,1.097867,-2.132873,-2.028058,1.712992,0
1.818598,1.614736,4.118551,0.957841,3.258674,0
0.458081,-1.751339,-0.821211,0.477977,-3.588726,0
-4.519639,1.102045,4.697794,-2.238615,0.658074,0
3.014780,-1.558504,-0.483559,0.671412,1.719377,0
-2.442842,0.698347,2.890480,0.229089,-0.678369,0
-0.676916,1.228760,-1.104348,3.309873,-1.530592,0
-1.113335,1.399623,-0.002478,-2.413550,5.039679,0
1.876502,-0.369645,-1.724806,-0.191733,-0.454199,0
-1.921494,0.510356,4.662788,0.791327,2.705778,0
3.404991,1.360210,0.682288,0.748831,1.386544,0
-3.060593,3.033468,-2.469612,-0.721886,2.296398,0
4.726280,-4.806190,1.358496,-0.348958,0.416247,0
-4.280716,-0.426406,7.050917,4.466934,-0.575911,0
-2.889636,1.953178,0.783737,4.231571,-0.866043,0
2.766541,-1.219986,-1.104363,0.404286,0.666769,0
3.261122,2.955386,-2.054505,-2.718112,-4.104074,0
3.331749,2.112044,2.732977,1.735205,-1.727767,0
-3.514483,3.702780,3.781540,-4.139547,0.458890,0
-1.943138,0.893673,-1.399240,2.803223,-3.246721,0
-1.105392,2.131862,-1.164013,-4.797885,-0.434305,0
0.700741,-0.168877,-2.957665,1.418281,3.091332,0
-1.403748,-3.970888,2.085061,-0.618161,-3.177272,0
-0.837271,1.343283,-3.763519,3.024886,-1.214427,0
-1.946618,-4.788269,-1.434601,-2.116539,-2.448229,0
-0.294777,-5.494256,4.973162,1.475565,1.515837,0
-4.349797,1.613688,1.260122,-0.205784,-0.761051,0
-1.844296,-3.364753,0.015937,0.810763,-0.964972,0
-1.804055,-2.174512,1.188194,-2.265443,2.179522,0
-0.494812,-2.065609,-2.687289,6.953369,-4.605500,0
-1.120764,1.726871,0.782794,1.067321,-3.185106,0
-3.330015,1.305985,-3.082009,1.723339,-0.967021,0
-2.116263,1.055116,2.642944,-3.300626,-1.834851,0
1.390759,-2.806685,-0.063518,2.717177,-0.359976,0
-0.400516,-2.906034,1.825251,-1.473950,1.928945,0
0.737822,-1.748950,1.419872,-4.541571,1.164365,0
2.197147,2.684148,-1.013706,4.322109,1.965988,0
-5.523173,-4.256861,1.110615,-1.835603,-1.253370,0
-1.459024,2.331077,1.670438,2.521570,1.965159,0
1.010280,-0.003914,-0.254420,3.392476,0.824001,0
2.587660,-2.206699,-2.467348,-1.084320,-0.816408,0
-1.674400,-1.275119,-1.345682,-0.926170,0.352280,0
1.377306,-0.281076,0.382191,-1.790380,0.007574,0
-5.014037,-0.247534,-2.240219,1.763632,2.977456,0
2.922445,-0.193767,2.079618,-0.385512,-2.332251,0
-0.104974,-5.234022,-1.237125,-2.634526,1.698667,0
-1.728800,5.692905,-2.051531,-0.779167,0.544925,0
-4.714604,-4.995426,-0.654993,3.720764,-1.704375,0
2.633760,2.657323,2.501451,-0.742971,-2.380316,0
0.973520,-3.732050,0.760880,3.280452,0.018330,0
-3.368415,-1.567106,-8.343273,-3.306842,4.910568,0
-0.756877,-0.572946,0.498472,2.715710,-3.504847,0
-1.914298,-0.208784,0.664208,3.106758,-2.140448,0
-0.537600,2.803053,-0.709865,-3.869136,0.692298,0
1.468636,1.558916,0.210903,0.926394,3.858431,0
-2.566705,1.725817,-1.737571,1.334784,1.056374,0
-0.550289,2.805337,-2.220984,-0.913354,-3.462031,0
-0.456758,0.708255,1.820855,-0.820271,-4.560758,0
-0.340564,5.282255,-3.060828,1.871131,0.045315,0
-2.077950,-0.534558,3.638399,-0.865152,0.728037,0
-5.426249,-0.630698,-4.609506,2.968307,4.458942,0
-1.049203,-0.573137,3.698589,-1.534982,0.581856,0
-2.975756,-1.841229,-1.457150,-1.134275,-4.280002,0
-5.092254,1.942979,-0.994102,4.777719,3.139019,0
-0.870065,4.874929,1.337921,-0.514938,1.198630,0
-0.012671,2.569625,-2.497421,3.972168,-1.325366,0
-1.253566,2.440466,5.523340,-3.817263,-1.565544,0
-0.460202,4.565042,-2.354065,1.751338,3.620913,0
-4.017001,4.464207,0.138360,1.866148,2.702310,0
-2.761333,-4.157134,-0.225150,-0.938397,-6.437967,0
-3.232625,-3.144253,3.312090,-0.529875,-2.282533,0
-1.114674,-2.572551,-4.553780,2.218473,0.534206,0
-2.154521,-0.275388,-2.686447,-3.403570,0.831980,0
-2.821740,2.839197,-1.672388,-1.250533,2.153961,0
-0.137155,1.486486,-1.016632,1.138553,-3.270899,0
0.094994,1.817985,0.949841,0.661734,-0.161868,0
-5.681893,1.760957,2.584351,1.732167,2.142854,0
-1.593769,-8.662661,0.133997,2.389759,5.052917,0
-1.509036,1.428035,0.893879,-0.377400,2.202556,0
2.410896,3.334822,-1.934649,0.316395,2.504375,0
-0.823809,5.594501,0.411543,-0.512220,-2.524528,0
-1.495551,-1.245605,-0.286680,5.051977,-1.846192,0
-3.256828,-2.406998,-0.683248,-1.351627,1.743083,0
