-0.524834,-1.828521,0.157884,-0.990260,-3.484994,1
2.579231,0.649260,3.794935,-1.268998,-0.353052,1
1.829133,1.143283,0.459748,1.459195,4.037302,1
-0.857375,0.137024,-2.290190,-0.659611,0.847376,1
-3.418902,1.220181,2.575471,5.601603,-0.541760,1
-0.381042,1.498142,-1.524981,-1.920891,1.847326,1
1.145873,-4.870569,2.377868,-2.834126,2.206750,1
4.817469,-0.158277,3.492890,0.757969,3.062609,1
-2.093786,0.419319,1.446697,-2.282015,0.248649,1
0.346609,-2.555318,1.559128,-0.067748,2.649151,1
1.697806,-1.769306,-2.604714,0.078607,0.529729,1
2.886284,-1.226891,-2.493328,-0.966569,1.708807,1
-1.474314,-3.382866,2.084163,2.941394,2.459807,1
1.251955,0.288057,1.935736,-0.352539,-1.069139,1
2.826386,-0.958776,4.144310,-4.110825,-2.821268,1
-1.060809,2.289043,0.481327,-2.675163,3.157652,1
-1.903289,1.511299,-2.053191,3.549498,-0.356300,1
1.929008,-2.114581,-1.673387,1.640389,2.411720,1
3.890616,-1.594458,2.764236,-0.467701,-2.835813,1
3.387913,-1.736241,-0.471971,-4.129224,-0.622765,1
2.314996,-2.068331,-1.075415,2.525197,1.683462,1
3.940877,-1.723567,2.865282,0.518724,0.934786,1
-1.645368,2.443115,-1.287182,-3.276030,1.060851,1
0.944798,2.628072,1.708044,-4.094131,-1.045222,1
-0.091016,-2.086768,1.545045,-3.709575,3.332242,1
-0.859190,2.818664,-3.988161,3.714579,1.539733,1
2.373447,1.889928,1.212425,3.413510,1.240452,1
3.439876,0.015420,2.216390,0.286955,1.849836,1
-0.664311,0.371369,0.292383,1.975677,4.625967,1
3.802316,-0.669352,6.180201,-0.008709,-3.758910,1
1.714284,0.607502,-1.986475,2.137147,3.123625,1
-0.993764,2.252428,-0.374299,-3.380886,3.712072,1
3.433825,1.137628,-2.900095,-2.139592,3.914570,1
4.231896,0.163494,2.594018,-3.676743,0.356113,1
3.219516,-0.645547,1.656537,-2.334013,-1.091988,1
-2.399731,0.428613,-1.432814,-3.215124,1.306950,1
-1.667153,-0.961655,1.873896,4.271196,-1.720998,1
0.203594,-3.176809,-1.851742,1.983680,1.601344,1
0.378139,-0.110162,-0.813147,1.183838,5.645201,1
-2.531546,3.077485,-0.067106,2.511326,1.560020,1
1.817511,0.243519,-3.565670,-0.674879,1.959274,1
4.445397,5.273672,0.669305,1.625347,4.399038,1
2.391538,0.370760,-1.295071,2.594455,0.296041,1
2.634428,0.282001,2.081272,2.372922,-2.530593,1
3.891479,3.929947,-0.573596,-1.071005,1.744072,1
2.041116,-1.351049,-1.045033,-0.939930,1.075463,1
2.425910,-1.681344,-8.146610,-4.620367,2.676457,1
2.281439,2.650982,-0.556576,0.943809,-0.742187,1
-1.255664,-1.045115,0.613731,2.334947,2.224035,1
3.924505,-2.776080,0.579007,-1.438529,7.269896,1
3.143640,-3.146218,-1.102950,0.408307,-0.300685,1
1.602582,-1.458228,-4.136380,1.583843,2.861993,1
-0.500325,-1.533451,2.354780,-3.351615,0.092811,1
2.308252,-1.186821,1.950675,-1.824066,1.725376,1
-2.960402,2.250836,-2.505992,-5.891032,5.363464,1
2.521894,-0.152225,-1.990082,2.424212,4.317369,1
4.876942,0.330554,1.430541,-0.397884,3.626196,1
0.388655,5.030357,0.421965,1.884101,1.026797,1
4.245133,-0.766458,0.729543,1.444149,-2.316089,1
1.953086,3.029683,-0.819688,-0.486396,1.956093,1
0.355505,-0.368163,4.754810,-4.553180,2.777773,1
1.163059,0.441107,0.023280,-0.706446,2.801268,1
2.569674,-3.700482,1.454848,-1.094560,1.220364,1
2.667756,0.564453,0.300123,1.418616,-1.104875,1
2.580570,-0.954318,-1.038113,1.397385,-2.586015,1
0.794172,-3.762791,1.785975,0.175307,4.043941,1
5.975306,-1.416842,-2.307302,1.253113,0.747867,1
2.158934,0.044489,4.418615,-0.449352,-2.003887,1
1.410151,0.077456,-0.979871,-0.041172,0.244360,1
3.049189,-2.651989,-2.847006,2.392019,0.881878,1
1.573960,-1.309816,1.137130,-1.301906,-4.789634,1
0.140009,2.119364,-2.328275,2.631023,2.704181,1
3.239641,2.236065,-1.907605,1.791250,-0.183246,1
2.682968,-0.813730,3.666233,-1.821673,-0.805501,1
0.365236,2.322149,3.524830,-4.489883,-4.502517,1
2.362531,1.381980,1.904119,-2.606997,2.079622,1
2.158680,-3.710541,0.091296,5.216557,0.416136,1
1.129548,-0.400656,0.730370,3.099136,0.761239,1
3.054222,2.613285,5.342220,1.851420,0.746330,1
0.015126,1.515145,-0.473670,-2.999957,1.590058,1
2.257213,-1.882191,5.270895,4.472116,7.187738,1
2.231659,-1.253194,2.918799,-1.206840,-1.114540,1
1.087631,-5.761648,2.595215,-2.003767,1.400640,1
0.316816,0.340284,-3.712397,-1.905901,0.933434,1
3.207836,-3.305821,-8.654781,-4.924913,0.011568,1
1.325478,1.087255,-0.436305,4.156765,-1.747578,1
-2.068435,1.814198,-1.828526,3.165785,0.070114,1
3.215977,1.646585,-2.673915,-1.130659,-2.016263,1
2.051489,-0.802665,-0.303860,3.067355,3.540285,1
0.546312,-4.376538,5.560368,0.747583,-0.883571,1
2.236968,3.154943,-5.403937,-1.229583,-3.209855,1
0.643840,-1.642185,-1.996935,0.448169,-1.532762,1
-0.456998,3.089846,-0.532484,2.795596,0.765032,1
-0.638198,-2.362603,0.725863,-0.261435,0.425114,1
2.194626,-2.299720,3.764061,0.612262,-0.477387,1
-0.432470,1.391554,-5.454344,-0.431051,0.342353,1
-3.686236,-2.077642,-1.356492,-1.726465,0.437692,1
-1.433763,1.117778,-1.710506,0.670308,3.558775,1
-0.228889,-1.033704,1.393330,4.149717,-1.273333,1
-0.269758,1.574572,-4.725674,-3.009753,-3.301411,1
-1.352958,-0.399418,1.348443,-0.680502,1.686933,1
0.878316,-0.200198,-0.342613,1.334609,-0.351262,1
-2.699696,-5.146327,0.784055,-1.557496,0.090787,1
5.263762,-5.069199,-0.015704,-3.658234,-1.644829,1
4.605474,-1.668118,0.556831,0.746460,-0.844049,1
0.146091,-5.516489,1.627059,-1.002903,-1.772472,1
0.531826,-1.891912,1.143130,1.851898,1.015298,1
-4.254267,0.031506,0.659301,-1.918268,1.875648,1
-0.448326,-1.960999,-3.699434,-0.763462,6.291996,1
0.711770,-2.145026,2.474282,1.343825,-0.603254,1
2.109769,-1.075335,2.079561,1.230896,2.157617,1
2.272213,-0.245821,1.959236,4.028589,-0.039647,1
1.955828,0.471693,-3.513788,-3.039956,-0.397137,1
-2.887017,1.579812,-0.268830,-2.697254,-3.688413,1
-2.255030,-1.720556,-0.734191,-2.458036,2.807874,1
-0.075082,3.299035,-0.320085,-0.721381,0.261577,1
3.023871,-4.210474,1.111404,0.738298,3.968170,1
-4.214549,1.435186,-0.877031,-1.221275,-0.633571,1
2.414394,-0.550314,2.295132,-1.743149,-2.711799,1
0.807013,-1.339623,0.934473,1.184405,2.060570,1
-0.121420,-1.471878,-2.020197,-2.353037,-3.985915,1
2.966852,0.104218,1.564920,2.256139,0.593193,1
0.776577,0.877479,0.292948,-0.057435,-1.566042,1
1.202331,-1.335682,0.759770,2.581901,-1.651829,1
5.270407,-0.879500,-1.751122,-2.572777,-1.202406,1
0.262434,1.093730,-0.003817,-0.774301,-1.862696,0
1.693775,-1.802326,1.317339,-0.058140,2.451782,0
0.673140,-1.915671,1.689908,2.147031,-0.813019,0
-1.157011,-0.986341,-3.686342,-1.642821,0.892470,0
-4.241417,3.709856,-0.374977,2.349697,0.668147,0
2.335328,-2.529096,1.469601,3.561831,1.407173,0
1.012465,-3.620944,4.010244,-2.159042,1.088513,0
-0.281618,2.565326,1.794459,1.586988,0.921524,0
-0.488880,-0.577843,0.027730,-1.607391,-4.491667,0
2.522873,-0.799479,1.193092,1.321242,1.385156,0
0.717531,-1.888796,0.540066,-2.336708,3.506929,0
0.433449,4.926708,2.411922,1.424419,-2.077619,0
2.382603,-1.796462,0.927870,-1.139629,1.541072,0
-7.294212,-2.561398,1.567359,1.891659,-3.319453,0
2.032247,0.938243,-1.010352,-3.463470,-3.088701,0
-0.934175,-2.701211,-2.204626,2.026447,2.902190,0
-0.547259,-0.350357,-0.700184,-1.916931,-3.200369,0
0.682382,1.621474,0.533931,-0.142422,-1.355810,0
1.287364,0.847210,1.656588,-0.884739,-1.242128,0
-0.767259,1.078383,0.893064,-1.392035,-2.728423,0
-0.049501,3.071234,2.649530,-0.990963,-5.465917,0
2.772606,-0.319599,2.552673,-4.383225,2.393902,0
1.000041,1.156693,-0.500999,2.005389,-0.074630,0
0.955722,0.709057,2.857118,-3.643929,1.005753,0
-0.663109,3.467627,2.009155,-2.528719,-0.092883,0
0.251518,7.316317,-1.252355,0.218802,3.781832,0
-2.910186,1.258254,1.449098,0.143268,0.248308,0
-2.847444,3.236898,2.955993,-0.738285,-1.657092,0
1.256250,-4.186635,2.507731,1.532366,4.346025,0
-1.292326,1.569327,-0.423343,-1.645899,1.043771,0
1.111236,2.710578,-6.224737,-0.418689,-2.073436,0
-2.382296,-0.913828,1.216348,-0.407351,-6.383530,0
1.476135,4.892714,-0.030104,-0.108042,3.913826,0
-3.598231,-0.247769,-2.735337,-3.019567,-0.995653,0
3.810452,0.932934,0.980083,3.015724,-1.154673,0
0.320293,2.036641,0.293695,-2.666865,3.526819,0
-5.231079,0.705688,0.532217,-2.972083,-4.671241,0
-3.587337,1.277919,-0.498372,-3.158480,-1.792919,0
-1.999415,-1.936674,5.441317,-0.507844,2.960904,0
-2.439666,1.790789,5.011469,-0.015821,2.290117,0
-2.711385,-1.537801,3.667828,-3.531923,4.387716,0
-3.839833,2.736478,2.131780,0.213778,-0.167528,0
2.281803,-5.315248,-1.933471,2.288619,-4.779229,0
-3.250399,-1.008755,1.995439,1.584089,-1.446407,0
-1.457441,1.828204,2.325797,0.481791,-0.426693,0
-2.208329,2.666068,2.815252,0.744411,0.693653,0
-0.551074,-2.469195,0.743851,-3.948259,-3.163280,0
-0.075347,-3.854196,-1.420863,0.099778,-1.744902,0
-0.009836,-1.792719,0.477116,0.001041,1.675121,0
0.011653,-2.890691,-0.909635,3.283769,-6.833283,0
-1.005287,-0.083162,2.130824,0.401484,3.373140,0
0.476023,3.652678,-1.260626,0.835177,1.551412,0
-5.499938,0.984657,-0.420095,-2.019402,-1.421331,0
-2.298109,-3.507939,1.688274,0.835350,-0.586983,0
-0.314584,1.497516,-6.172114,-0.219181,-2.762642,0
-1.728560,1.068219,-2.229214,3.293789,-0.151711,0
-2.354673,-4.139464,-0.301547,-2.357491,-3.490344,0
-0.908794,-1.312970,-3.327300,2.364917,-0.264330,0
-0.794063,0.867689,1.945191,-3.615259,-1.407080,0
-1.812670,1.086506,-1.088968,-0.321510,4.084200,0
-1.376727,4.021961,1.932298,-1.195552,-1.554722,0
4.116985,2.193035,1.457824,-1.157393,-5.796910,0
1.045314,-1.359580,-2.588333,-1.806145,0.523001,0
-3.821224,-1.664310,-2.214428,1.722632,-2.176521,0
2.174008,-3.091047,2.684778,-0.022811,0.497347,0
-0.958908,3.087512,0.945921,3.872383,-0.722335,0
4.633018,-0.972031,-0.059399,3.389133,-1.206223,0
-3.968536,-0.699672,2.164131,3.829266,1.234181,0
0.879372,2.415709,0.622746,-3.072924,1.600073,0
0.662162,1.287839,1.256430,1.865519,-0.061951,0
-1.156145,2.076812,-0.487381,-1.564942,3.615591,0
2.732971,0.242742,0.532974,-2.695033,0.604007,0
-3.481615,-2.537001,-4.013248,-1.867612,-0.313304,0
-2.186004,-1.626200,-2.076877,4.489918,-0.147216,0
0.334847,1.645338,-1.238354,-4.719493,-1.309729,0
-5.104521,1.054197,-6.470375,0.952446,-0.236036,0
-2.450130,-1.899708,-2.438148,-0.276340,4.121990,0
0.041860,-3.542269,5.141977,0.558003,-2.034116,0
1.958378,3.791794,0.595181,-1.234355,-0.794953,0
-3.488840,1.726909,2.126620,-2.345222,1.413478,0
3.878954,-1.180525,-0.582612,-2.351493,-0.606453,0
0.721233,-0.257829,1.648466,-0.996939,3.589201,0
-3.591196,-0.143333,-1.598776,-0.094851,1.602364,0
-1.610050,3.813580,0.027765,-0.542346,-0.356713,0
-0.575545,0.458890,2.925904,-3.003198,-0.189939,0
-2.480966,3.659163,4.167213,-3.288699,1.174249,0
-1.835064,-0.991735,4.987793,-0.886067,-0.926376,0
1.907904,-0.071715,-3.214378,1.036983,3.102125,0
-1.330038,-4.554783,0.070000,-0.022725,0.027473,0
0.447257,-0.681290,5.872389,-1.159385,2.222419,0
0.267426,3.258281,0.451899,-3.244899,0.965775,0
-1.131296,-1.947539,0.703798,-1.607808,1.263958,0
0.783932,1.551054,-1.039395,1.164439,2.099611,0
2.828564,-2.378931,0.054484,0.789282,-0.128727,0
-0.590638,2.772861,-0.529517,-0.552756,0.316808,0
-2.560820,-0.318262,-3.219688,-0.560907,0.420764,0
-1.591330,-0.174514,-3.446094,1.549480,-2.010209,0
-0.125019,1.733586,-4.197256,-2.609554,-3.251666,0
-0.794234,3.013189,-1.092207,0.970861,-1.654589,0
-2.480657,5.494907,6.512390,-3.607720,-1.050150,0
-5.319221,1.900032,1.568252,2.509339,-1.067452,0
-0.659874,0.426926,-1.262875,-2.252741,-0.639563,0
0.480840,-1.822736,-0.547956,-0.027553,1.742903,0
-0.170217,-2.381108,3.762587,4.279234,0.327085,0
-2.995207,0.065144,-1.350198,-0.578578,-0.728685,0
1.524122,-2.566876,-4.593072,4.248676,-2.606351,0
-4.572871,-0.057590,-5.062794,3.735151,-0.489619,0
-2.090899,0.941171,1.796558,2.514828,-0.599163,0
-0.397281,-0.013010,-1.580891,2.567848,1.337255,0
1.234326,-1.550769,0.890557,2.037738,-2.157996,0
-3.393925,-0.245238,4.811842,3.444012,-0.516336,0
-0.129079,-5.295410,-0.950547,-0.286045,0.326925,0
1.586073,2.589655,0.649148,3.941177,2.252738,0
0.795083,2.959092,2.040112,0.019466,-3.158953,0
-2.397100,-2.643229,0.512377,0.015595,0.485497,0
1.790329,-0.386938,-1.305919,-0.422721,-5.421832,0
-4.925478,-6.592216,-0.779215,1.335494,0.883919,0
-5.042012,4.753635,2.260177,2.229774,0.395320,0
0.811001,3.287623,3.394816,-1.102471,0.365278,0
-3.213547,1.896837,-1.230014,3.211663,4.390141,0
-1.222395,1.478150,-1.966589,0.109450,-3.053718,0
-2.571417,-2.461943,0.766227,-0.426134,-4.956143,0
0.565390,-2.899442,0.046952,-2.429539,1.105103,0
1.151127,-2.600101,4.595747,0.011214,-2.055403,0
0.619633,-1.941858,0.921133,2.584319,2.591574,0
