-8.252354,4.868893,0.345526,-0.892502,1.079241,-1.924553,-1.582188,7.530024,7.899097,2.340265,-4.339610,-0.918671,-4.132854,1.424837,3.519833,9.865829,10.607538,-4.814441,5.917515,-1.554905,-2.621208,4.904831,5.007170,6.733538,-0.050312,0.916372,-1.919880,9.298864,0.889160,3.098890,1
6.004551,-1.535597,-0.350574,-1.936646,0.261015,0.873791,2.446789,-1.071398,1.403427,-1.424635,3.349730,-3.314186,5.700949,5.506781,5.400330,5.596556,1.715069,-7.121488,0.440973,-0.797041,-0.224827,-2.863213,2.807802,0.296827,6.015024,-5.069118,-3.521152,-5.759719,-3.615494,1.426645,1
0.997461,4.526712,1.402880,2.646704,3.600340,-4.998424,8.685373,3.488657,2.331600,2.777163,4.974110,1.711248,-3.715180,7.347502,-6.082215,-5.695728,-0.283215,7.689943,-2.178633,-1.492914,-0.036503,-2.995762,-1.110098,2.600836,1.641268,-3.087708,0.291407,-2.425314,0.633888,0.628077,1
-2.098135,4.043934,1.435989,-3.817034,-1.218046,3.830999,8.686075,-1.480213,3.951332,7.323261,1.413155,1.987925,-1.581812,7.311361,4.269741,-4.144052,2.764721,1.299345,-2.147432,7.740387,-1.496149,-4.755943,-2.860361,1.266920,4.669348,-0.168612,-2.350361,0.892456,7.050713,-2.139301,1
-1.562979,-0.403509,2.790836,7.246159,-1.967735,5.943197,6.971689,-0.283587,0.849192,-2.599007,0.795677,7.145639,2.485106,-0.547760,2.092043,-4.701486,1.553755,1.077765,3.472515,0.492996,-0.393822,0.194130,-1.400000,-0.974388,-0.681065,1.592581,1.414183,2.870682,2.545275,3.902428,1
7.191345,4.668106,6.374781,-6.095670,0.846394,5.248327,-6.836953,1.190430,-13.872829,6.627922,5.678661,2.681046,3.846653,6.230162,-2.349537,-4.920816,5.509247,2.719736,-4.670509,-0.160156,2.158386,-0.555456,1.081881,0.764338,6.134447,10.023911,-1.858885,8.771770,4.074938,1.544508,1
4.702221,2.095104,-5.371029,-0.169100,2.354382,-3.878891,8.932413,2.907839,-3.874268,0.049698,4.464931,7.290844,1.787090,3.975058,-5.845507,-3.535603,-4.727448,-0.485512,8.487371,3.191828,4.257153,2.725037,-1.900759,-1.474794,10.268919,3.133972,-2.540058,-4.664950,-4.792490,-3.688722,1
0.793249,3.659967,-0.274694,6.949585,-3.355646,5.422916,2.412970,-4.303143,-1.268883,-0.698671,1.627462,0.842258,1.242998,3.218964,5.714993,-4.873013,-0.283062,7.889296,2.539490,5.096476,-0.961256,-0.446594,1.093061,-2.899424,3.196709,0.313608,4.323668,-0.139511,5.180044,3.745699,1
-1.753601,-5.976459,-2.960821,-4.539488,7.911129,-2.485350,0.637854,4.872986,4.294062,0.656433,-0.934225,1.585558,6.401918,-2.070244,-1.603920,1.916594,6.319456,3.723106,1.061197,-0.456282,-1.925615,6.510750,-5.327332,1.746632,-0.329187,-4.152803,0.509882,3.879229,-4.024233,-5.678575,1
-4.780773,0.426353,7.834206,3.578590,2.734606,3.703646,1.064964,4.490456,5.917496,3.332550,-3.281069,4.748880,-1.889399,2.894875,-2.488600,-6.525906,8.097677,0.834330,4.247017,2.599939,-0.183905,8.047188,3.129606,1.462534,-1.075359,-5.461441,-4.738621,3.357452,1.822943,-4.048832,1
6.169283,-2.479786,-7.195925,2.665218,-2.346039,4.195257,3.675531,0.573305,1.361721,6.418840,4.151842,-0.679697,-4.643148,5.071436,3.956995,1.953428,1.728100,3.791094,7.382299,-0.483038,-3.566505,-4.034654,5.242308,4.358128,-2.281431,-0.499115,-4.844750,-9.652418,-2.979149,0.824997,1
1.848318,0.985422,3.559397,1.807730,4.572954,6.555477,3.962931,3.164557,1.118828,-1.877705,8.825489,11.720402,4.671833,-2.608232,1.221323,4.179607,3.384247,7.358023,-2.528908,-2.395483,1.519861,1.888262,3.555231,0.596733,-3.685032,-1.871483,-3.177273,-1.911055,0.670742,0.119650,1
0.382418,4.709339,3.679148,0.039228,2.677744,3.998125,5.828671,-4.144193,-2.763485,1.979424,-1.173672,2.864485,-1.859962,-0.328028,-6.306482,4.615297,-0.011190,-2.999495,-1.124838,2.921919,2.231527,2.802042,6.745447,0.775673,-4.961366,0.935171,7.353178,1.413317,-3.526308,4.913752,1
-0.222090,7.524277,-11.072120,2.767357,-2.071104,5.050146,4.003248,2.404039,0.098724,-0.573013,1.744553,-5.480115,1.304886,1.698048,-1.979816,-3.919804,0.190523,5.707376,-0.626331,-3.673330,-0.182447,5.934275,-2.265696,6.968245,-2.163872,3.620314,-1.349232,-1.967598,0.999393,3.237959,1
-1.642946,-2.532566,-5.674180,3.139601,2.470112,-4.064739,-0.698643,2.424074,4.397905,2.930204,-2.697384,-2.205145,0.917936,5.167173,-3.950109,-0.419127,-2.797379,-1.910528,4.777891,3.741322,1.415514,-4.263934,0.481430,-0.730480,4.584728,10.337908,0.260178,-0.439812,9.546591,8.606888,1
-4.283432,-6.268637,-1.302708,8.643936,4.876575,-0.245459,4.136963,2.980188,5.771446,-1.006676,-1.826576,4.256842,-1.249256,-0.867626,-6.216710,-6.846223,1.705154,-1.091785,-1.681019,-1.582500,-0.202610,-1.122753,-1.795115,2.793442,-0.698923,-0.900816,2.669884,-0.351084,-3.932755,-4.968550,1
4.470169,-0.569881,-0.053566,2.584635,-5.271243,-0.252384,-8.818593,-7.501986,2.725878,0.008125,1.609344,7.633949,-0.332722,-0.756903,-0.687262,0.542856,-2.995464,1.073299,2.516687,-2.417059,2.891123,-3.733838,-7.514331,-0.302032,6.983950,-2.551252,6.897602,-3.160650,-5.274350,3.450932,1
-3.253519,0.472685,-1.827002,-8.361280,4.330950,-0.150621,6.772768,-3.431936,3.886770,0.350777,-2.162457,2.839258,2.646212,-2.330704,1.076252,2.554344,1.480709,-4.722702,1.369028,-2.820557,0.836239,3.309019,-12.544783,-2.574097,9.650110,6.798742,-3.627418,-0.995529,4.161787,3.532869,1
2.125532,6.025059,-7.963317,-1.492889,2.577274,-0.498589,-4.875654,5.681915,-7.177360,7.032885,-1.494455,6.058697,-0.118702,-4.981850,0.264074,-3.177322,3.526646,0.356865,-1.091852,-2.137043,-8.826999,3.269798,2.705246,-0.180008,4.522890,9.490482,4.363148,4.634266,0.041143,-0.720514,1
0.967239,-2.122068,-0.350634,7.366194,4.187250,2.512033,2.257410,-0.941366,2.695747,-0.823452,2.944401,-2.739017,-0.679941,1.910437,-3.120388,2.114231,-1.309315,3.925001,2.976162,1.739496,1.790550,-3.166508,6.685181,2.351154,5.586823,-3.099751,8.154474,-0.561720,8.040901,-4.277444,1
-6.439288,5.077221,-3.110870,-1.196671,5.161274,-4.315556,-2.380882,3.062241,1.007715,-7.697659,1.339712,8.296761,0.568062,-4.153098,-0.025288,4.925661,-1.525484,-2.135347,-4.562979,4.066832,4.319130,5.109529,-1.926817,1.591347,3.319468,2.758694,-0.361637,1.983784,3.624063,6.593410,1
3.957739,-2.092621,-6.785730,0.689148,1.735880,0.605307,4.577007,-4.145924,0.267494,8.031042,6.941275,4.645906,-6.785276,3.896919,-1.199659,0.049286,-1.424109,2.950178,3.562607,-1.569912,-2.547075,-2.617910,-1.611555,3.697453,4.849497,-3.895277,1.290916,2.578835,2.281891,-3.092878,1
3.219000,-2.723850,0.334497,-0.354273,-0.161419,-2.799522,1.868404,8.649574,-1.539042,4.317846,8.782520,-0.838957,-3.805303,1.832232,-5.895072,7.802746,1.228439,2.082426,0.181065,3.993855,7.107441,3.268766,7.803753,2.620598,-2.224073,1.339718,3.267681,5.453321,2.932405,-0.624819,1
-1.214598,-3.717173,-1.022854,3.666088,0.041601,2.898745,6.346504,-2.259516,5.207592,6.629395,-5.134674,2.215588,-4.386060,9.822725,0.349472,-6.967372,-5.738684,5.832827,0.365633,-1.370228,3.088758,3.457886,-3.773247,1.529255,5.027834,-6.392053,3.906054,-6.446968,-0.752579,4.842882,1
-6.511644,2.485096,7.477379,3.032547,2.814146,0.692247,-2.667120,-2.877705,0.136839,0.402073,-1.260220,-4.875184,-1.959412,4.452570,0.493628,-0.319294,2.919167,-5.898376,6.062096,-2.818861,-6.851295,0.536278,1.428442,-2.637188,0.564781,4.396381,10.003016,-2.530617,-2.227655,4.908070,1
-2.366524,-2.047359,-0.923346,3.740799,3.634228,3.264599,7.369026,0.519636,13.350796,1.528112,-0.401865,-7.499908,-2.243971,-0.635799,-0.076490,-1.650841,-5.909492,6.138924,3.741539,8.240519,-1.964615,-0.240538,4.734444,2.545534,-5.105882,2.583548,1.403255,7.496235,-8.072164,6.225040,1
2.821018,1.083700,0.509403,0.576057,-1.297173,-0.602493,-3.166460,2.574364,0.055216,-1.450533,4.752283,3.145903,1.971092,8.362625,1.133533,2.075241,2.588270,7.590090,-3.486837,6.501066,7.599104,5.843992,3.833534,-4.524426,-3.585064,5.724583,5.997719,6.633205,0.800665,-0.086084,1
-0.245527,3.518284,4.397984,4.702961,-2.009003,4.626036,-6.134666,-1.474993,3.993074,0.877195,-4.655686,3.881128,-5.263794,0.331234,-3.244860,8.567654,3.549908,3.659063,7.794779,8.259470,5.747320,4.382307,3.308975,-5.540964,3.149010,1.867785,2.671133,-0.671089,2.175863,5.363300,1
-0.465277,1.407228,-3.221712,0.432217,-1.208372,0.652870,1.563148,3.012390,6.378347,8.162561,-4.054162,-0.861639,-4.379164,6.192812,-4.519874,2.495764,1.696320,2.479324,1.889626,-4.155707,7.031590,-0.182356,-7.025668,1.668995,-3.244337,6.839451,-3.102676,3.072542,1.642830,0.191925,1
3.087194,0.101524,-4.949626,4.369682,-9.232991,-7.199010,-6.755035,8.132917,-6.430723,0.758226,4.311874,-4.512986,-4.288610,1.658966,6.915714,1.029930,-3.333868,-3.094711,2.685417,2.128807,5.725792,7.940620,1.346493,6.085577,-2.188553,0.673954,3.403461,6.097555,5.995831,-5.542557,1
6.051321,-0.043648,-2.795271,0.949064,-7.728659,-0.731312,7.806746,-0.040232,1.744070,0.666519,1.699781,5.370205,0.968262,-1.717302,6.028828,1.831732,-3.201559,0.550108,7.726303,12.222614,5.613344,-1.097908,-0.594679,-6.795263,3.520384,4.966005,-0.203964,2.713179,0.684092,1.250977,1
11.981346,-4.190402,2.056494,4.698395,3.554504,2.918356,-2.733076,4.369648,12.041414,5.008621,-4.190526,6.263882,4.938107,5.585066,-2.693954,-0.769356,0.214819,8.595402,1.132467,-4.262331,-2.193342,1.969221,-0.942060,0.080795,1.549967,-3.792521,9.943464,4.083677,0.989035,-4.624911,1
1.794027,3.180147,1.045023,-5.948637,0.507099,4.704866,3.623285,5.642700,2.122620,8.097673,-2.104239,-1.001652,2.558401,-4.466922,0.034073,6.064230,-1.155840,-0.144232,0.743807,-4.548109,1.123341,-1.642872,3.885656,2.583637,0.881535,0.978428,-5.918375,-2.941273,3.138142,2.886299,1
0.877687,-3.218464,4.656040,6.344366,1.775389,2.985052,3.683781,3.150826,8.040943,1.055086,-4.664969,-4.957381,7.467396,7.912775,-0.109337,5.414728,7.011686,0.207832,-2.671543,4.780518,5.210337,3.775833,1.331846,6.531401,-2.449724,-3.968140,5.357063,-6.832626,-1.201838,-4.179340,1
5.066664,2.460602,5.217596,2.353121,3.662966,-1.558136,1.090473,-3.696221,5.546719,3.588921,4.064745,5.065207,-2.901684,0.212242,1.733116,-2.658998,0.333767,-7.648395,-7.339174,4.696472,8.977373,3.723011,9.391462,1.394680,9.181808,-1.133629,2.304121,3.047291,-1.550043,2.759823,1
-2.002497,1.673889,6.081995,3.904169,9.738682,6.711082,-6.031753,1.276102,1.819313,4.748814,4.260466,-0.065271,1.888937,5.496000,-1.748556,4.310438,6.589563,-3.293814,8.793341,1.611986,-1.012417,2.461002,6.308550,-1.613024,-2.671707,2.581072,-1.118507,5.446016,-5.783931,3.290756,1
-9.694983,1.000717,-0.982716,2.964272,-2.141523,3.560902,-1.084322,0.806738,-6.375052,0.150551,4.260889,0.177153,3.281630,5.097124,7.182663,-0.192635,3.201361,9.446325,3.002436,-1.135069,2.150408,-2.885921,3.588150,3.789988,8.144957,1.437792,0.389111,-0.924028,4.098902,-2.969347,1
-0.289644,-2.388689,4.189131,-2.218748,3.088518,-0.863304,5.998795,6.473120,-2.550066,3.027277,-3.420053,2.535654,1.215204,2.072424,0.316820,-2.560406,0.178602,2.913725,1.664175,2.215424,-1.152559,1.805445,6.480391,9.993801,-5.645663,-0.631374,3.764490,-1.063030,-2.970203,-9.279788,1
-0.287701,6.496284,-0.485441,-5.616487,0.116795,2.352308,-0.164314,8.008644,1.481434,-1.404724,3.307604,6.985260,6.397909,3.559198,6.110695,-0.051079,3.483099,3.769821,1.992430,3.209265,8.837309,2.259264,3.046673,4.496420,-0.501060,-3.696444,-1.635859,1.474056,2.544910,-0.405657,1
-6.021725,1.183842,1.570601,0.706272,-7.260739,2.041128,1.106356,0.407398,-0.537691,0.050957,5.453802,-8.232944,0.833103,-11.279778,0.381239,0.555399,-1.616697,-4.340414,-2.141050,-3.366566,-2.785196,0.916138,-4.485957,-0.168385,0.058849,3.902567,1.688663,5.996855,1.782486,1.211184,1
2.168001,1.253225,-1.381798,-0.220179,2.045311,6.274410,3.972095,1.671026,-2.836206,1.081072,-9.056032,5.923332,2.304686,2.946829,2.199680,1.035347,-1.976053,0.275238,6.165857,4.817991,3.048149,-1.302944,1.179296,0.544878,1.905506,3.782396,-6.968105,3.467146,0.584312,1.122107,1
-0.784489,1.009390,3.723463,2.478111,5.279541,1.391529,-2.158199,-1.037003,-4.446196,8.210230,2.671709,-1.767725,3.375212,9.776621,-0.777197,-0.821007,12.287592,7.150164,-1.662420,-10.847684,6.373621,1.365639,-6.318858,1.227724,10.338236,4.126146,-4.080933,-3.757128,-2.512390,2.170155,1
-5.350180,8.093708,3.993017,2.268757,2.317598,4.099878,3.749826,0.116039,-5.054971,3.651991,5.220505,-0.446249,-9.006518,4.294491,4.069838,2.456686,0.942410,0.153811,4.734097,5.312454,-4.821202,6.403288,-3.015373,-3.240658,-5.241788,-9.939137,-3.505615,3.782463,0.277029,4.626760,1
-0.081947,12.575661,5.221935,2.082092,7.610609,-3.726016,-1.230247,-0.245729,3.286633,-5.722011,0.705763,4.770144,-4.957956,4.769360,4.938108,-2.479301,-7.322865,0.578163,-1.310261,-0.334101,-0.488028,-0.123241,5.846399,1.335678,-3.344452,-1.662050,-6.968616,3.476635,0.194633,-1.175558,1
4.451807,11.107555,4.305632,3.439096,-1.784508,2.913679,-0.129646,-2.366737,3.102360,0.739002,4.024773,7.521015,4.351110,-8.487648,4.771860,-0.068663,1.819578,1.888388,1.718245,0.867352,0.480249,-0.579437,6.995342,2.776527,10.010889,0.090437,-6.878562,-9.988477,-2.471024,0.565605,1
-2.639368,0.240578,-3.222239,8.839277,-7.408824,1.629179,3.881813,0.908327,3.778545,5.813234,-8.658918,5.868021,5.829916,6.461939,5.147108,-0.659266,1.602909,1.043457,2.233221,1.330145,-0.699587,3.672834,4.378469,-4.467698,0.426620,-1.659092,-7.650771,0.202229,7.038139,1.361483,1
0.023357,4.427881,4.229843,-0.691254,7.638948,5.905655,-2.774025,0.069580,-1.313972,4.584389,4.279448,-2.044086,-2.573130,1.910295,-2.176664,-1.572212,1.507713,2.844061,0.939402,-4.916862,0.262106,4.988497,2.024080,-0.624437,0.318535,-6.990260,5.647684,5.554276,-3.965947,-2.447126,1
-0.857588,4.368685,-2.571245,0.506542,0.370979,4.592396,1.926575,1.569883,-0.291994,2.079693,8.360340,-0.548584,3.512299,3.308355,-4.364067,-3.677969,5.630510,3.298552,-2.173374,2.993641,3.275948,5.117533,3.244225,-1.644003,-1.273342,-0.257971,-3.598843,3.557432,4.718885,-0.392323,1
0.919991,7.166271,8.553284,7.395109,2.567574,0.880690,-7.192616,0.903847,-3.972748,-6.676753,4.890131,-0.584112,3.072376,2.242714,5.918890,-2.347622,-4.116820,2.969202,2.615452,2.560419,-3.043245,1.066528,0.878378,7.339121,3.311783,2.900375,7.385077,3.517319,-4.796491,4.257816,1
-7.162012,3.543766,9.510590,8.908571,3.484962,1.422924,4.777143,6.081751,-9.829827,-1.388102,-5.327674,-3.446159,2.034868,-5.860712,9.085308,5.129705,7.628777,6.141253,1.222055,5.727152,2.675940,8.573072,2.102444,1.594204,-9.134278,-2.031855,8.099049,7.002274,6.830606,10.091070,1
5.752352,5.184010,10.219221,-3.966687,1.330177,-3.020021,2.330589,6.597307,4.052521,-6.206320,2.007498,3.280842,-6.972508,0.245611,1.535336,2.317150,-0.832186,4.273712,0.650629,-1.207504,3.300821,0.167706,1.701288,4.721230,-2.960419,1.440002,8.263083,-2.472849,0.133011,2.571192,1
-1.274336,4.493929,2.379078,-0.291245,6.318714,5.634840,-5.261553,1.841291,-0.298618,-4.522351,5.773912,3.214075,-4.825599,-1.947672,-2.973063,-0.435961,-6.074193,-2.361929,-1.001352,9.908312,5.112667,-0.817028,-2.004374,2.956003,-0.490721,-3.892745,1.016291,-1.183285,-2.784914,-3.108316,1
-0.351206,6.138128,3.343838,7.929462,-0.863413,4.646196,-1.352808,2.936823,3.944418,7.728735,6.674856,0.888845,-3.064501,4.497568,3.347784,2.117785,-4.575122,1.727440,1.684586,2.710056,0.754648,9.149935,-0.774961,3.670420,-3.091246,0.295877,0.564270,-5.003991,4.877045,-4.168203,1
6.681147,5.084919,1.550648,1.328712,5.954008,4.898634,6.363602,-2.406673,-5.662045,-4.756660,2.434656,-2.093470,-7.614580,4.738565,-6.125213,-2.843731,-6.388257,-7.655470,2.950514,1.390892,0.321609,-3.037418,3.273493,-5.081886,7.109573,-3.199556,-0.225000,4.524494,-3.518423,4.023705,1
5.124849,1.436550,1.769520,-1.708887,-0.301414,0.269991,1.765873,4.103992,1.932240,-4.646153,2.555820,3.679274,-5.435596,2.325211,-1.837118,-4.311608,-0.367874,6.200607,-3.858709,2.552687,4.156277,0.325598,1.021187,4.649027,5.766596,-3.556501,8.409073,-0.894758,3.483007,1.704607,1
5.244951,-1.168131,-3.766536,7.813862,-2.469246,3.295654,-1.634113,-5.640334,-4.050352,-0.841412,-1.291265,5.781189,2.587906,0.324587,0.561039,-1.277773,-0.160095,-1.504812,2.052063,-1.831240,0.322680,6.218935,3.639948,6.550524,0.583151,0.858192,2.306704,-0.363134,-1.551006,-1.748030,1
6.255415,1.430470,1.801510,4.374456,-2.325340,0.195566,-1.468077,-1.992416,2.644182,0.720169,-2.224621,4.486357,0.791668,3.575909,2.282961,-11.690135,-3.435789,7.004602,3.576073,6.139992,-4.840116,-5.687079,3.418980,0.847382,-1.898300,-1.200066,0.365776,2.043640,4.183517,0.117184,1
4.157221,9.979763,4.278000,-2.896614,4.433277,2.091713,5.826719,9.860857,5.058191,-1.442549,4.060989,3.669292,2.072821,0.989193,-1.775675,-2.513050,6.502550,7.305161,-4.319100,0.332918,5.461390,2.276169,-1.642426,-0.843035,-1.211800,2.758537,5.508934,-6.240494,6.652302,5.791113,1
-2.458092,1.317612,-2.028053,-3.150806,-6.295468,2.622711,2.575966,0.923342,-2.288853,-5.204762,4.281963,1.804285,-3.809543,-4.564274,4.047668,-2.684235,3.964775,-2.014023,-0.741390,3.794735,1.246099,3.315258,-0.414555,4.567909,-2.589640,1.328339,-2.718060,-1.991632,2.010765,8.254406,1
-3.417437,-1.685516,2.015644,-0.014458,4.278784,7.999632,-2.854958,-2.210043,4.969873,-3.453739,4.113892,-3.507721,2.115360,6.462936,4.226149,2.024982,-2.510302,5.416374,-4.326538,-1.106617,3.309174,0.531761,-1.111765,-1.749056,1.497108,-7.073810,3.685556,-5.990978,-2.881683,6.375666,1
2.733364,-3.644221,3.212923,3.458067,-2.999495,2.883379,-2.140457,1.765709,7.387131,-5.907960,-0.502523,-4.476393,6.354261,-3.338810,0.564896,-0.752550,7.030783,-6.311574,-0.811600,6.065363,-3.033995,9.906017,2.864168,3.520132,2.466328,9.466299,4.331783,2.111959,-9.735398,5.763048,1
-2.259495,-0.379429,9.579147,1.028934,4.422596,3.349640,1.029707,1.637411,3.623991,0.961142,0.368723,1.662203,-0.325397,2.953159,3.173899,-0.220032,5.689693,4.756653,-5.011390,4.472324,1.509459,-0.817673,11.152369,7.142212,0.222031,4.570156,1.133421,9.196312,5.824770,0.263407,1
-5.300514,-2.448801,4.411751,0.354630,0.387609,-7.969652,0.746021,7.525372,1.065378,-0.688118,-4.077814,6.521828,0.373127,-6.542565,0.900587,4.817822,0.986467,-0.954411,-1.932562,8.840401,0.795607,1.221903,-8.114188,-0.890949,-0.311041,2.119963,-1.199974,6.724157,-2.225853,4.097023,1
-9.169585,2.170494,-0.764597,2.355022,-4.685728,-0.788279,4.271711,-0.959322,3.186363,6.307232,-0.880648,2.704506,-2.492575,-0.222349,-0.144461,2.116776,1.840084,6.214096,0.885241,-1.800791,2.990095,9.489992,-3.897390,1.158627,2.569794,-4.784961,2.718225,-2.421906,3.309011,0.880470,1
6.393839,-8.294172,-6.545543,1.525585,3.467272,1.934046,4.615408,-3.356861,-5.916584,-1.249723,0.135557,0.803310,-7.626008,6.678221,-2.631786,6.611191,-4.111681,-0.288174,-2.013216,-4.685222,-0.262846,-4.200270,3.947554,-1.284777,-4.594936,-7.203839,4.103708,-4.226665,2.302359,0.521072,1
1.575218,-1.520817,0.479252,-3.724815,0.380255,-4.742800,-2.062729,-3.029236,0.715544,3.461269,1.863392,-2.070606,-1.678099,0.199242,11.851908,-0.175291,-1.131948,3.763506,8.530996,6.305441,5.510841,-5.383243,5.450354,1.556288,0.929508,6.211084,1.739410,4.012140,-2.603653,0.026184,1
-0.649124,0.277838,4.581282,-3.475986,-3.314581,-0.433649,3.607346,1.723194,0.737822,-0.394522,-1.477392,-0.395811,-0.078594,-6.685874,4.844519,-0.506052,-2.688364,-3.605505,0.781237,-3.581906,0.072968,0.257643,7.927662,3.809240,-2.022293,1.086727,-5.820792,9.796110,-6.495326,3.817862,1
4.498981,2.169807,-2.467651,4.108473,-1.687220,6.021675,3.695017,-1.800200,-2.014091,-3.708944,-2.485140,-2.704645,4.775644,3.705145,8.141863,2.968296,-0.469412,-5.893094,-2.796173,2.591557,-2.785406,-1.820639,4.033543,-1.661930,-0.254921,-3.600284,1.220734,5.940220,3.909391,4.332388,1
-9.882586,0.520275,-1.312746,-3.767498,-3.245657,-3.163876,7.089020,10.248358,2.199987,-4.566625,-2.722504,-2.091274,-3.216673,2.114611,-3.467264,6.875257,3.875441,6.203024,-4.485341,-8.326498,-1.289640,2.797043,-7.946824,-0.949581,-0.212988,2.918343,2.146267,0.738262,1.577877,3.078337,1
1.668261,-0.979012,5.155107,-0.697908,-0.493959,1.129313,0.416313,-3.355930,-3.617188,3.343851,-2.183474,0.828806,3.214142,3.647793,8.322245,-5.725767,3.041960,4.226913,-1.472208,-0.359146,-0.571508,-0.582384,-3.083147,4.784967,-8.032762,6.755508,1.079165,2.399967,1.028856,5.071180,1
5.856464,-0.823120,3.807138,3.271080,1.692789,2.303665,2.993078,2.236475,4.740702,3.559401,1.743189,-1.747547,1.673285,-1.619003,-2.037085,0.723366,-2.155968,-1.119923,7.527977,6.181320,2.774633,2.587372,-2.004580,0.091133,2.431965,3.377066,6.094730,-3.812514,-2.298092,-5.353573,1
-0.644167,-2.122324,2.905165,-2.968485,-1.742882,5.575129,5.487535,-0.924551,1.716791,1.403700,-4.921722,0.241920,-6.475741,-2.918947,-0.565647,4.530163,-0.063110,4.124275,-3.382839,3.257294,3.655592,-0.593821,-2.976212,-3.202667,-0.327183,8.743101,2.354286,-1.683886,0.786530,4.702147,1
-9.146485,0.578337,5.561796,-3.583859,2.352718,0.517859,-1.218649,3.674452,-10.146151,3.141167,-3.138458,-1.612207,3.300011,-1.725094,11.414005,0.790506,3.918472,-0.472464,-4.885745,1.480413,-1.784037,5.590620,2.025463,0.009539,-5.332791,7.099075,4.414543,4.804258,-0.732460,4.961107,1
2.878077,-4.272365,11.536213,0.587654,-1.771606,-3.347971,-1.768438,1.382574,-7.855107,6.144329,5.341709,3.197704,-3.540893,-0.881268,-3.079222,-0.224754,-5.866308,3.471502,7.907047,4.910578,2.671280,-2.230486,-2.876097,-2.933910,-0.949078,2.535204,7.131023,4.001238,1.410427,10.065582,1
3.488642,-3.674982,-2.439613,3.490240,2.641008,9.750252,5.231150,-3.380180,-4.287880,6.527271,0.148712,-0.332228,0.322603,9.710239,-6.486238,7.024384,-0.513254,9.178652,-2.047436,-1.918959,3.639153,-5.039614,5.771280,-4.639435,3.180374,0.561159,2.753428,4.841478,-4.327962,1.650417,1
0.120665,9.798380,-0.882080,-9.171383,3.740332,-4.912905,1.653038,-1.622290,4.301031,-2.411514,1.052622,-1.622957,3.587973,0.157539,-3.001139,3.406080,3.840321,1.284801,-2.245325,-3.548828,4.271582,-3.838441,-3.203163,1.120480,3.538067,-0.895805,0.690361,4.019907,6.704163,2.570671,1
-0.703472,0.610678,2.301474,3.441145,5.116070,-3.604326,9.821421,-3.985550,-0.263197,-2.354130,0.815733,0.335148,5.825390,3.664242,4.581802,-7.878640,1.433300,5.758923,8.884335,-3.549475,2.886354,-0.711708,-1.593346,-1.616379,0.177000,-3.040844,5.721174,2.556942,-0.916374,3.160316,1
1.212070,5.380653,-3.591743,2.197430,2.933401,6.412836,-3.953298,5.160759,2.246286,-2.643339,3.172598,-0.990829,6.378347,-0.826109,5.906374,-4.082102,-0.827560,-0.895058,-2.770096,5.721148,6.007158,3.484945,-2.512753,1.561064,0.034178,-2.299841,-3.309902,1.440126,-3.600137,1.989744,1
6.453621,5.934404,3.252197,17.234547,0.491224,4.841040,-3.063997,-6.178436,-3.175671,0.442978,-1.714264,1.337137,0.670444,-1.163445,5.561821,4.516619,-1.189030,0.313015,-6.463936,-6.922828,-0.153358,-0.598368,-0.070456,-1.441139,4.092016,-3.025440,0.374548,0.343895,9.179398,1.328775,1
4.475161,-1.021879,5.096750,6.286482,6.996469,5.101439,-5.222033,-3.588239,1.022102,-0.313078,3.932526,1.800135,1.784927,-0.550869,0.750284,1.174314,-2.580479,-4.558174,3.400064,-3.615725,-1.008175,-4.033878,6.244251,-0.868263,4.975025,4.719584,-3.663462,2.507534,5.771055,0.341021,1
4.772938,-0.897198,-0.739000,0.152260,5.822891,-8.624785,1.225328,4.124826,2.703718,-7.166641,-1.935144,-3.152390,9.730247,1.263611,5.079517,-1.048054,-3.263464,-2.343998,5.551146,5.730114,2.031004,7.509188,-3.020287,1.466494,-1.683895,3.590376,1.869061,-0.146938,2.128563,6.803303,1
-0.568108,3.022224,-1.925114,-2.816786,0.102003,9.448254,7.605904,2.979218,-3.660938,-1.886425,0.835140,-1.742664,1.834526,3.990032,5.319723,2.366777,3.760818,-4.720772,6.503094,-4.725464,2.257614,-2.225286,4.530579,4.318747,-3.276320,3.916008,8.846693,3.916708,-3.571395,-3.942445,1
-0.274740,2.801676,-0.868773,2.782335,-5.407436,2.539171,3.676859,4.350899,5.727285,-4.963999,-2.009430,-8.427383,1.746794,0.809118,-4.177946,-4.343704,-0.493355,7.504427,2.791517,1.027668,-5.623672,-3.729324,3.991873,4.151480,-2.870447,9.865416,1.998728,10.805164,-4.640784,3.049932,1
-0.145042,-1.183941,-3.162565,-4.163900,-1.681374,0.737719,-6.783017,2.686090,-0.430016,-0.187431,-1.751682,-0.919283,-1.032248,5.463371,1.720102,-3.506149,2.876492,4.137693,2.531504,2.458254,-0.142460,0.281708,0.698292,-1.139492,11.159975,3.123503,-0.677664,-0.738169,-2.256479,-5.343386,1
-0.464756,-3.554328,-0.488661,-0.883404,5.455496,4.431377,-0.690910,5.229002,10.397108,2.888920,-0.073891,-1.664261,1.521191,0.842836,-0.674040,7.585083,2.320362,8.159588,-7.934166,0.269129,-2.325783,0.465330,3.839748,-3.543770,-1.999605,-11.724115,2.928354,1.721624,-0.951740,0.714521,1
0.250820,2.415207,-3.428200,1.041504,2.343847,1.779970,8.770401,-1.606039,3.008455,8.462782,3.260656,4.972466,0.956024,0.940876,1.751022,-1.893986,-2.920259,-7.577024,2.553919,-4.117947,8.436342,-5.169013,5.119938,-0.891443,2.114866,4.337862,-0.375849,-0.174719,2.343971,-2.391886,1
13.061577,-5.321532,3.802288,6.318810,6.507267,5.316622,1.238674,-1.051109,-5.341169,-6.207009,3.516146,-1.357775,0.340605,5.920225,-0.506884,0.207340,-5.727670,-2.765034,3.024323,2.401209,-1.440056,1.187433,5.346128,1.232170,3.360374,3.215866,0.060303,-1.137573,0.747053,1.373758,1
3.970232,1.245655,-3.102816,4.238422,5.985872,5.405664,-1.621628,-1.589834,0.538494,2.668943,8.189144,2.007685,9.368259,8.226255,2.525105,-2.047632,-2.049065,0.458105,-2.153048,2.064617,3.832283,-1.148859,-3.648789,1.719233,-4.855541,-0.888880,4.262089,4.534256,-0.824707,0.529934,1
-1.012650,-4.473570,-2.910402,-2.632601,-1.891129,1.633823,1.256874,-0.903223,0.678570,2.808596,-8.526550,-5.286210,5.884274,4.464766,2.341339,-3.318968,1.773273,-3.460365,0.229378,-4.355441,5.462475,6.055786,2.714233,2.375790,1.757843,-1.311541,2.300928,11.486912,2.869631,5.447752,1
-8.868119,-0.474295,-7.733510,-1.766186,0.912788,-1.011019,-2.704950,1.206745,-11.280266,-1.212975,3.742342,0.323874,6.552517,4.787390,4.327597,0.021099,1.924475,3.128275,-7.422468,3.560917,3.717117,5.064072,0.375067,9.752045,0.258833,2.911386,-2.143175,-2.531195,1.696941,7.478203,1
1.023195,-3.800617,1.137796,-0.899008,-10.378230,-1.345720,4.401192,1.760855,-3.092424,0.691799,0.397722,3.976851,-7.066894,2.528574,6.146141,2.283911,-1.111317,-0.401184,0.102089,8.832548,-3.059809,0.193373,1.387001,6.502842,-1.437969,-4.452061,-0.140755,2.919422,2.621471,3.112839,1
0.864107,2.812157,-0.221626,1.721624,2.031946,6.635395,2.602957,-1.041142,-2.744810,-4.060800,2.707359,-1.695753,6.373976,-6.687833,-3.012585,2.060968,11.983574,1.993633,-1.449646,-0.962908,1.676641,4.607773,3.297104,7.001461,0.091581,-1.635914,-1.826233,-3.472824,5.443197,0.440670,1
-2.647911,2.448656,5.051435,1.090759,0.320148,-6.370742,-4.660140,0.584385,0.676891,-2.518120,1.761492,2.394304,-0.050108,-2.516727,1.151024,1.170345,1.167322,3.222300,3.459129,6.715593,0.487803,5.500692,-1.482630,3.630014,4.383957,3.061932,-2.525204,-3.602056,3.816526,-2.103294,1
0.864981,-0.051842,1.608278,4.117836,-4.598207,-5.312675,-1.812761,-1.119553,1.275599,-3.717611,-0.587343,1.686375,1.260763,-6.439369,3.444902,-2.551943,6.673880,8.334507,0.301544,1.523041,6.152889,-2.269941,-2.779346,7.049313,-1.925177,7.029467,2.363630,7.631639,-0.874573,-1.594631,1
-3.696882,-0.292374,3.350903,-2.636780,10.480133,3.983633,2.533047,2.368374,2.708796,-2.618643,-3.879264,3.646811,-3.544258,8.065609,-0.355211,0.735783,-0.640690,-3.492428,2.353106,-0.784138,13.933392,-2.130325,-1.020159,-5.001282,1.696606,-4.450922,0.440144,6.063290,5.585930,5.897095,1
-3.974979,-4.997202,-0.310564,-4.943497,1.018009,5.852665,9.481945,1.090881,-1.510645,1.686419,-2.128643,-6.044191,5.752403,1.529825,0.895323,-2.285746,5.969833,3.095791,6.195843,4.862761,6.356382,-1.894640,1.415876,0.715742,-1.220062,-1.591652,-2.561373,5.893541,-4.927958,4.420490,1
5.561920,-1.459032,6.897324,-1.974688,2.478245,5.486607,-4.190222,0.889318,-3.286671,1.869743,0.581633,-0.373615,6.355074,2.415585,1.313887,2.915945,0.805372,-1.981720,0.673876,-5.200356,2.576559,-1.187719,0.407959,-1.300995,-0.202560,-1.092318,0.751959,-0.115866,-3.986993,-1.105501,1
-0.558712,0.343208,6.036386,0.582886,-4.666439,8.286619,-3.764428,-1.331205,1.707483,-1.647812,3.005215,-4.965267,-1.796080,0.570499,-0.829430,-1.995174,1.294390,3.808104,-1.448509,9.538290,-8.153472,8.331228,0.503132,4.868845,6.965836,-5.372996,-1.248386,-7.171539,-7.865533,-2.643940,1
1.733681,5.264662,-5.009043,-3.818696,5.953903,6.347038,3.588491,-4.854075,-0.956854,-0.936678,2.542654,1.154327,-4.243873,0.744690,0.547184,4.541529,2.638002,-5.421556,4.354631,3.330479,3.854914,-4.351659,-14.819803,-1.174007,1.602928,6.004293,4.106560,0.407394,5.228556,-1.216564,1
0.888056,0.697754,1.137199,-1.459385,-1.911985,-4.429368,-2.563179,1.751501,-3.054161,-0.888357,0.704943,9.429146,-9.875497,-2.545002,0.268749,0.385973,2.509800,2.939749,-5.115274,-0.291389,5.563332,-4.906888,-2.271090,-0.618231,1.509846,4.901468,-2.995747,1.225578,-4.350388,-4.459794,1
-2.139460,4.399891,5.065979,1.135750,-2.821171,-5.666309,-5.010838,2.962502,-0.687838,6.713188,-1.007757,-1.827488,8.097237,-1.592236,2.613819,-0.948288,4.139030,1.650043,-1.282295,-0.578510,3.189884,-2.058495,-0.147087,3.014893,4.622675,6.606895,-5.574770,7.525106,0.323479,-5.819970,1
1.726608,3.980864,1.346832,-3.897228,8.929117,7.794367,2.071159,-0.848825,-2.499512,3.788130,1.239523,4.180359,0.455017,-2.490690,2.276619,5.410946,1.684586,2.594902,3.380684,6.245363,3.092127,-3.368658,7.671261,0.303627,-3.126459,-3.762225,0.519533,4.706879,-2.223381,-0.344564,1
-0.103531,-8.685573,-2.320049,2.955286,9.128414,1.461796,8.869965,10.521975,0.930717,2.293198,0.010208,-1.169888,4.132738,3.113434,0.167835,2.511402,-1.600166,7.930500,9.289183,4.300289,3.128311,1.691700,3.516005,1.839409,-3.787300,-0.496021,7.093931,1.821089,1.597237,-0.761456,1
4.385717,-4.827891,2.948469,3.551416,1.213684,3.255842,0.277634,3.366571,3.390572,5.583185,5.594770,2.550314,0.982010,-2.559557,-6.761978,2.663980,0.989624,4.826584,5.712008,1.234304,1.133551,1.452105,-1.382401,8.723728,6.380272,-2.399075,-1.944897,-5.411704,0.609989,-3.043139,1
1.795311,-0.068447,-4.111925,2.930475,6.069582,2.902493,-0.157450,3.798990,2.569502,-2.937870,-1.828310,-2.552975,5.508112,-8.365926,3.057880,12.909904,0.240459,2.584072,0.648447,5.988192,-0.515074,-1.878839,4.200108,0.287296,-5.839163,1.500835,-2.414768,-4.751430,2.049856,-6.064421,1
-2.634356,-2.501814,5.620333,2.827549,-3.361130,8.256968,-3.536812,3.060884,-4.223006,6.449081,4.591057,-0.691429,8.696659,2.143305,5.725681,2.843742,0.479004,-3.271641,-5.684718,-5.571886,1.696491,9.880476,7.893557,-5.529479,-1.171944,6.338686,-4.766602,2.045732,1.635113,1.881475,1
7.239689,-2.205494,7.303396,1.088839,0.159353,-3.788223,-0.584011,3.791651,-3.404083,4.023548,3.333025,3.915089,3.016012,0.906662,-4.164641,-4.758090,-2.398760,0.243610,0.576124,6.978273,0.366711,8.191010,-0.761425,8.571556,-0.171621,3.833771,-2.128735,-0.201639,-1.410984,2.537930,1
4.765469,6.395082,3.267490,-5.874084,3.432484,3.512661,3.967712,3.199324,-3.362635,1.979429,1.791473,-5.014685,0.201881,1.404232,-6.143862,-0.089581,0.968002,1.440510,0.257494,11.419489,-4.697439,7.337299,3.781502,-0.294506,3.753429,1.664951,-10.795695,0.333008,7.875814,-1.305532,1
8.357361,0.947094,2.687571,5.567137,2.960760,-9.312751,-4.488529,4.813354,-3.304203,2.581236,-3.170938,2.286388,3.148521,-3.812756,7.317564,-4.876410,3.114176,-1.441706,-2.021069,5.325962,7.436249,-8.068493,-2.998264,-5.470249,2.718954,-3.910187,1.352715,2.382887,0.046738,8.630640,1
-6.925620,3.608177,4.804096,2.947338,-6.191083,-3.511549,-4.459935,-14.372003,8.828077,3.668051,5.930670,2.654566,-2.037203,10.455145,3.134689,4.557278,10.696737,6.605423,-1.521923,9.507328,2.732828,6.257660,-4.222511,4.961262,0.055176,-3.924744,-1.118795,-1.594612,-1.543190,-4.900733,1
-5.947259,0.466284,-6.384656,4.073246,-1.434317,-2.160894,-5.902552,1.525467,2.495678,3.526476,-1.713837,0.945724,-0.800547,-3.206053,9.020422,-4.025037,4.181494,2.426538,0.858444,5.792545,0.916584,0.953268,0.769823,3.842085,5.353224,3.075558,7.944740,-0.548967,9.137901,-0.134163,1
-4.050187,5.087427,2.895380,2.996037,6.307537,-0.696663,4.105505,5.219564,-0.468397,5.599270,-5.936533,3.176886,6.099174,6.916023,-5.357396,-0.870031,5.045130,-0.795925,9.274830,9.588156,0.022158,1.027178,-3.852098,2.468693,-6.108521,3.021984,-5.556301,-9.930202,11.839457,-0.686689,1
4.657055,1.098019,-6.679996,2.948540,4.540480,-2.301142,0.854130,-2.377146,-5.211540,3.144571,4.522459,-0.396856,5.483931,-1.042414,0.394907,2.583405,-5.093305,-2.949341,-1.007093,4.191132,1.101925,-3.699400,7.041666,-0.917614,-1.167336,1.214617,-1.823599,-2.331450,5.818491,1.023039,1
1.893389,2.118330,-1.154642,5.490482,-7.748363,4.572544,7.551151,0.583387,4.376133,2.811798,2.851284,-1.838243,1.486727,1.184963,3.186958,0.253269,3.953560,2.264538,6.038458,5.779449,-1.959133,2.756895,5.780663,2.361504,0.083225,5.332174,1.290327,-1.160177,-6.321960,2.143951,1
0.298040,3.058264,-4.269906,-1.378126,1.111151,-8.031101,-2.520664,0.447565,-3.667101,7.357107,3.674496,3.706457,-5.190970,1.190460,-6.185545,2.885450,-1.798306,10.945675,0.331753,-6.701378,1.530987,4.784693,6.931807,-2.234417,6.311941,1.445351,4.175320,-5.106491,3.549103,0.436110,1
-4.029963,3.456554,5.789764,10.330038,5.682426,6.024120,1.725489,-4.877320,2.346558,-0.119410,7.776155,2.671667,1.266315,-5.050298,-4.201182,-1.335077,-2.314350,4.810738,-0.352575,1.010216,1.128757,3.179211,1.337667,-0.930540,1.570347,7.884279,-0.030111,2.252733,0.248911,7.860991,1
-0.103041,11.960018,2.983398,7.280939,-2.927780,0.582531,2.835663,1.611977,13.324207,5.591648,-4.766130,-5.319963,-6.123495,2.907490,2.973902,1.293968,-5.725898,0.011168,2.579351,-0.313875,1.966763,3.219900,5.873440,10.265144,13.114117,8.991720,2.332542,8.557554,1.710228,-2.847445,1
0.435129,0.097855,-2.180178,-2.254015,-0.715734,1.895782,6.270416,5.747322,-2.072411,-1.466190,8.136934,6.818428,-1.193981,-0.162914,1.042538,1.685698,3.342279,-3.844285,-2.531065,3.576832,-1.234079,-3.017708,-4.922050,-1.329500,6.780386,-3.850337,-3.977509,2.034056,-0.983036,0.268667,1
1.025070,-1.945786,-0.114258,3.730209,-1.036047,-6.818788,1.893690,0.922186,1.210016,5.989529,-1.270523,1.658382,7.649780,4.717495,0.228472,9.039536,-2.621935,3.289005,4.724571,2.472752,4.805601,0.670530,-2.218348,-6.373588,3.116381,2.958889,-0.667505,-3.763524,-0.124329,-2.488073,1
4.516090,-7.458576,-2.215176,5.308645,-3.540878,-0.038044,0.212410,4.817108,3.463251,-1.116213,-1.026646,2.363367,9.140375,0.171898,8.615593,-3.623100,-0.222610,-2.027054,3.681131,6.060844,6.677986,-7.169835,-7.566795,0.508255,6.341219,-10.271721,-1.664322,4.302731,-1.959824,-3.266146,1
5.497021,-4.029458,6.013605,3.160622,-0.047100,6.183113,-4.164771,-4.433789,-3.621317,-3.778790,-8.239685,0.441010,6.177942,-1.789700,-2.314985,-0.071268,7.151686,-0.920132,0.617332,4.316544,6.475073,3.755661,-1.442217,-4.337292,8.749393,-1.258831,1.682081,2.287422,3.849731,-2.184963,1
0.324572,0.485353,3.858107,-6.486851,-2.908003,1.272152,-8.051871,5.659433,2.890516,-4.926354,-4.112432,-5.922452,2.111465,-11.063473,6.616877,-3.019800,1.743639,-3.348969,4.260128,1.380054,0.013733,1.290215,-1.124451,-1.940376,-0.836613,-3.922976,0.107849,-0.098242,7.703806,-4.030159,1
5.542767,-3.517323,1.877615,-10.342754,0.490118,-2.219582,8.226015,3.552597,-0.281712,2.377050,-1.159168,-3.687799,-0.864330,9.059549,4.675581,3.867794,0.081812,-2.804272,5.039305,-1.177670,5.108191,3.596453,4.484545,-1.478830,3.204590,3.356619,-1.907129,4.842670,0.438957,-0.499603,1
2.150133,5.494232,0.291954,1.349890,0.042194,7.091461,-1.048489,5.358194,3.002254,-2.087999,-2.484062,2.089617,-0.686857,-2.585333,2.779806,-3.806028,-8.101253,5.235102,2.964682,-3.680857,4.038834,0.666933,3.575863,2.089193,1.389938,3.300953,-5.771338,1.795872,0.472967,-0.497316,1
-2.411024,-1.990248,4.525223,8.586956,4.468521,-1.447605,4.338797,7.159742,-2.541807,6.381306,-0.242018,0.267305,0.692793,-2.082323,2.923822,8.607176,6.173777,5.258169,8.792023,-4.155140,-3.013210,2.535349,0.584637,3.165161,2.024956,-5.993245,3.690233,-1.909496,0.120226,-0.613293,1
1.435776,-1.641441,0.017914,-2.266123,-0.100109,-0.342203,-5.552753,1.619709,0.275654,-3.381525,-2.670496,-6.287346,-2.580616,1.257929,-0.931442,-3.447386,-8.155512,-5.064800,2.977037,-9.114232,-2.746212,-5.906959,2.218590,-0.383051,-8.928618,4.110527,0.698349,-3.093313,-5.730107,0.866970,0
-7.261737,-1.387848,-2.000153,4.698317,2.681379,-1.253141,-6.484189,-4.933064,-7.528818,5.527851,1.757160,-2.416290,1.523560,0.159142,-0.944105,-6.130911,-0.676598,-3.516432,0.734108,-2.765198,1.267204,3.526522,-2.022518,-8.851215,-2.788465,-6.030690,3.830809,3.486261,-2.921082,0.194538,0
-7.837740,1.508039,-5.852813,0.983232,-5.752645,3.381149,5.371656,0.220852,2.228577,2.191681,-0.901217,-2.263067,-3.973104,2.232254,-3.649124,1.617891,1.641405,-4.874426,-3.881777,2.756252,-7.689205,-0.445644,-1.724012,-3.087017,-10.176894,0.295517,-1.119989,3.480177,2.146687,-0.227892,0
-2.693832,5.379370,0.075289,-2.111744,0.713549,-4.294733,-3.684616,-3.145754,-5.038458,3.722160,-2.285336,-0.136669,1.014851,2.231850,-1.467117,-5.075369,1.551620,-2.740578,0.056564,-2.147491,-4.564487,-0.518471,-7.670682,-1.303671,4.809675,-1.765038,-2.253410,-4.106333,-3.120371,-3.849623,0
-0.691921,-0.974009,-2.838566,-7.440514,0.788095,-1.944324,0.634830,0.976389,-2.300312,5.958853,-5.249811,7.749411,-0.494102,-2.966454,-5.101414,7.586761,-5.548942,1.032457,-3.088152,-2.325560,-0.885714,-7.651117,2.845598,2.404299,0.234510,-5.580313,0.647421,3.610882,0.189255,-1.781136,0
-7.773947,4.624609,-0.850559,7.182518,2.701002,1.566519,2.471907,-1.436012,-2.289650,-3.011566,1.586662,0.186434,1.671114,-3.701181,8.415800,-7.065787,3.617302,-3.099138,-1.924112,4.917614,-3.463758,-5.429453,-1.337852,1.598770,-3.007206,-4.903252,0.845514,2.986748,1.898657,-6.572110,0
-2.577087,0.536077,2.319414,-3.465569,-1.119024,-4.084526,-6.396708,0.696781,-4.803570,8.806345,-5.432686,-1.198372,0.754705,-0.845274,1.408539,-3.067194,10.570396,-1.323040,-1.049740,-2.445637,3.414103,-3.787817,-3.410530,-3.030073,-4.316431,2.318045,1.212408,0.889391,2.100786,-0.064314,0
-3.081831,0.521217,5.819599,-2.359766,-0.784357,1.674580,-8.688510,-2.803280,8.212545,-1.640684,3.530945,3.719519,-11.829247,2.835293,0.647070,4.647387,-1.960041,-2.304287,-4.100147,-3.023834,0.909723,-2.785662,-3.890425,0.062054,-4.591089,-1.762506,-3.654142,-7.698381,-2.454260,0.897520,0
-2.071323,-5.594862,2.267614,-0.087051,1.258127,-3.986481,-1.478056,10.458279,-7.154003,-1.119112,1.700434,-1.760489,-2.091484,-6.973721,-7.544582,-0.275291,-7.322477,2.324255,-4.475327,-5.725622,-3.606653,2.408802,2.958563,2.520346,2.109404,0.743017,-1.372780,-5.240164,-5.128313,-3.010254,0
-4.144449,4.765242,2.016142,-5.843456,-0.326965,0.608583,-6.758549,0.262611,4.018053,1.097370,-7.159582,1.591330,-5.838027,-1.563900,-0.712452,-0.883848,-2.694187,3.323977,8.974688,-3.265127,3.712709,-3.654409,-2.791103,-8.056105,-5.256794,-1.931503,-3.139421,-0.270214,6.611086,-1.981939,0
2.331753,0.947163,-1.689930,-7.095790,-1.810888,-9.988801,-4.439747,5.860228,8.519274,-3.974632,-3.731140,-0.086206,4.415886,-5.750067,-5.191097,3.378082,3.489784,-1.800299,-1.471142,-2.656208,1.142429,0.085957,-6.992510,-5.288877,-9.684243,-0.105368,2.705441,1.920681,2.618788,3.372171,0
5.217026,-2.164314,1.380903,4.368958,-4.266615,-2.341185,-5.211494,-1.404058,2.249418,-3.953043,2.270061,5.307047,3.535339,-3.451071,-6.584228,-3.446596,-9.869496,-5.507631,3.881872,0.291265,3.901649,-5.566596,-9.125684,-5.623507,-3.437853,-2.507807,-4.740993,1.661345,-8.212656,-5.430099,0
-4.075470,-2.031467,-2.338030,1.372982,2.820934,1.033167,3.704165,-3.014961,-3.136541,-9.531002,-1.164394,-3.063955,-3.142054,-8.303543,3.609657,-7.014992,-4.987391,0.176760,-1.798826,-6.255612,-3.016891,-3.215322,-0.469021,1.949657,2.418119,-5.858143,-1.198154,5.184130,-0.617641,2.310982,0
-3.585064,6.665134,2.665274,2.146343,-0.725323,-5.978447,2.203663,-5.335577,-6.625215,-1.191477,-6.349730,-6.294272,-3.065292,3.917196,-2.130926,1.588928,-3.091553,-3.336706,-0.286518,6.153198,0.093922,-1.789579,-3.998915,-2.673935,-0.775885,0.321129,2.589630,-1.891560,0.382732,-3.400431,0
-5.062849,-2.427633,-3.483280,-0.679176,4.542093,8.496313,-8.218223,-6.373633,-7.686642,0.026636,-0.111607,-4.331499,-5.595984,-4.515360,1.493511,-7.841290,1.143349,-1.815048,-4.752262,-1.407747,-8.133579,-6.265492,-3.183531,-5.422560,0.464827,-1.035177,3.385056,5.467112,-0.216330,-2.078827,0
-0.384598,0.639839,1.953196,3.632069,-0.471262,10.046726,-2.227400,-3.757524,-10.723295,2.776941,-1.509394,3.883108,4.073568,0.891468,-1.054659,-1.345175,-1.345995,-4.100662,-6.439911,-1.547104,-3.708979,-2.424812,-3.280024,-3.465298,-0.365471,7.836460,8.124138,-4.022432,1.849848,0.247923,0
1.219337,-2.625221,-1.341194,-10.801141,3.745956,-0.920017,-1.317354,-0.664494,-2.952740,-2.669767,-0.338060,1.800465,1.507404,-0.277332,-12.428188,-0.680174,-1.509363,2.168364,1.293039,-5.810037,-6.189596,0.642635,-0.786385,-7.425385,-15.141131,-2.557634,3.507111,4.553501,-5.368217,-4.156250,0
-5.744229,-0.611477,-0.799778,1.301252,1.723270,5.176434,-0.152840,-4.624102,0.275251,4.086683,0.927197,-0.653208,3.501451,3.098166,3.542398,1.763472,3.304792,-0.317480,-3.670364,1.984177,-3.572752,3.784422,-6.386633,3.655817,-1.653984,5.305450,13.324829,-3.016668,-2.328180,2.091843,0
-5.466621,4.496861,-6.409052,-6.440828,-0.546610,0.726971,-0.466042,2.122107,0.122654,-5.209415,2.038000,5.878565,-5.286678,2.717417,-5.223631,-1.167528,0.299089,5.062498,1.532238,-1.060602,-1.693781,4.541019,-4.505610,2.520395,-3.811913,-5.166376,-1.420444,1.503387,0.447901,1.182537,0
-1.289820,-1.265467,0.128416,2.388704,1.984133,-5.431374,2.528084,-5.139900,-6.405333,5.615469,-0.049524,6.217670,-1.411524,6.032661,1.381090,3.478674,1.817400,3.466246,4.209747,-6.347278,6.762686,4.047340,3.427643,-6.401709,-4.270391,-1.231110,-1.891542,-8.442817,-7.143844,-3.235098,0
0.715225,-4.361015,-0.106543,-5.527458,-7.465600,-7.414362,5.177759,3.313999,1.290339,-1.144964,-4.712440,0.952391,-0.291670,-4.261843,-6.113595,-5.588634,-1.322042,-5.712185,-5.312258,-1.114347,2.191986,-2.910999,0.170115,-4.775200,-3.984850,-8.328400,1.558266,-4.340452,4.734953,7.425749,0
-2.056749,-1.031445,-3.774702,1.434025,-4.344179,5.841078,-0.626162,-8.752165,3.764528,3.532959,2.274986,-3.204639,-3.108227,-1.587149,1.494097,-0.740810,6.000008,2.189800,-5.205244,-6.827301,-5.815282,-0.875948,-10.379596,-1.434071,-0.981026,3.429611,-4.637400,-0.263577,2.075670,-4.339474,0
-5.842383,4.332705,-8.978178,0.298824,-2.269396,2.573105,8.836708,-3.480371,-7.008652,-0.467476,6.850220,3.614801,-15.916871,-5.429638,2.760090,-1.748695,-7.092480,-2.685019,-3.216307,5.335566,7.660194,-2.658489,-0.651937,1.593548,4.656958,-4.130077,-5.014378,1.365028,-5.261261,0.328291,0
1.677696,-2.112465,-2.872805,-2.611439,1.933229,2.406116,3.380209,-5.562683,1.391596,-14.230945,0.695368,-2.030121,-6.164473,-0.480362,-0.102158,-7.375037,6.047264,-3.034676,0.487535,-6.748094,-1.132982,8.819838,-4.798868,2.778011,-6.797530,-11.285491,-0.819420,3.949507,2.436495,4.681326,0
-7.534673,-5.528280,-0.563360,-1.507839,-2.991657,0.342720,1.130440,-4.924150,-4.491034,0.487005,3.729872,-1.551439,1.602411,-6.786374,0.246214,-3.601799,-4.420019,-5.117657,2.435316,-8.806892,-11.375580,-3.855791,2.950949,-1.814062,-4.974939,1.499834,-1.567083,-14.504607,-0.532461,1.964123,0
-5.701682,4.647877,5.887266,-1.849096,-1.112864,-1.627071,4.388445,-3.924141,4.317902,-0.190779,-4.107794,-0.031677,-2.393307,0.749239,0.630968,2.979694,-1.606390,1.249876,-1.083996,-8.015730,-2.695286,-3.355070,-0.706957,-9.727540,-2.273510,-4.898655,-6.601859,-1.465002,1.266190,1.505169,0
1.689449,-1.472315,-2.812359,-2.119608,6.379677,-0.494770,-3.946890,-5.898914,3.397226,1.595598,-0.984253,1.942829,0.005919,-3.480957,-5.478081,0.453585,-0.666059,-2.740835,5.481411,-5.526133,5.077799,1.704508,5.470303,1.766781,4.509003,-8.347194,-9.971053,-0.371840,0.164455,-4.905237,0
-0.427925,1.448706,-8.677144,0.266546,-0.198284,-1.243649,1.732254,-3.311905,-2.439487,-2.009129,-2.560785,-5.052282,1.986420,-0.027637,-1.775858,-3.178110,2.482977,-7.282619,2.906809,-7.136380,-3.921926,2.786877,-7.197717,-5.985207,-3.582029,3.909376,-10.301307,0.631287,5.342373,5.191507,0
2.105980,1.965124,4.444031,-6.740053,-2.131508,-3.741116,-0.111919,1.730867,-5.748883,-5.637431,4.265272,1.283834,8.539717,0.928427,1.553167,2.252542,-4.245981,0.662346,2.463461,-0.301853,1.658539,2.986204,0.005016,-2.531651,-4.528631,5.919697,1.076853,-8.383188,-5.162880,5.560713,0
0.932394,-0.752409,-1.914986,4.689455,-2.243715,-0.889460,-5.978819,0.521084,5.000854,-3.174267,-1.092808,0.300434,2.655359,7.725197,-3.271084,1.151020,-2.479448,0.557451,-6.258862,2.940006,-0.260748,4.035109,-0.066298,0.610294,-1.424604,4.038502,-0.670776,0.071638,-2.664471,-0.445150,0
0.418844,-2.108320,3.865911,-2.379086,-4.898827,0.552172,-4.066319,8.503025,-4.473661,-1.357958,2.156826,-1.780155,1.195080,4.158522,-5.895459,-5.396406,-3.223900,8.103279,7.307219,-0.098463,-12.366360,-5.984359,-0.473248,2.805050,1.193493,1.034468,0.172426,-2.805079,-0.831850,-5.393208,0
-2.777000,-6.888478,-1.212919,-9.740187,5.413897,0.282703,-6.614396,0.707941,3.628929,1.909763,-0.324692,2.550430,0.336075,-4.106674,0.895121,5.115791,-5.615393,-9.191756,-8.299333,2.508804,-8.892374,-0.786032,-5.600985,0.979504,-9.646146,-6.353692,5.008717,-1.495604,2.006598,-3.034941,0
11.153049,-2.410585,-0.331316,3.941307,3.750355,4.674715,0.095526,-4.195608,-1.257055,-8.482046,-4.264030,5.933929,-4.573885,3.679939,-4.891359,0.585567,-2.031738,3.243090,-0.110950,3.538223,4.293198,5.347973,3.057846,-8.513697,-5.620156,-0.913771,-0.745033,5.659504,8.371408,-0.864756,0
5.629087,3.946535,-2.908918,1.634306,-6.925300,-1.576630,-2.932472,1.321575,0.495918,-0.259348,-2.583630,-1.394962,3.265644,-4.566383,-1.577744,4.511198,-8.227668,-5.528112,-0.301653,-7.102372,-3.116354,-0.659060,4.734070,0.568913,2.941940,3.344852,-1.203016,-2.200504,-4.876484,-4.174541,0
1.369360,0.652792,2.108553,-0.079657,3.870646,-11.299824,-4.235277,-6.386435,-0.540434,-2.004129,3.239183,7.520796,-8.170390,-3.540358,0.531630,0.591642,1.205383,-6.778626,3.152620,-7.423532,-3.912720,-2.540560,5.981529,-4.426548,-0.346502,-5.384876,3.609381,-3.136204,1.036032,-2.272017,0
1.174809,-4.417366,-3.833990,1.710844,2.676352,-6.644092,-2.211395,-1.003954,-1.313339,10.037901,7.213264,3.237453,1.164522,-3.971455,2.729914,4.823397,1.692417,-12.795049,0.425905,-0.604107,-2.816433,-7.976821,-5.852949,1.678835,-5.819318,0.663385,-4.936104,-1.713903,0.803370,4.779251,0
4.454285,-6.704509,-2.270626,5.238401,9.001200,-2.943430,-3.385973,-2.725609,-6.044782,-4.198469,-0.695892,-6.611108,-2.870712,1.350519,-2.132290,-4.269474,-4.502123,-2.303814,2.263142,3.423717,0.226217,2.126572,-8.526943,-7.354229,2.508558,2.070475,-4.455734,-3.946705,-3.816116,-2.054314,0
-0.218660,-3.800354,3.196604,4.250698,-5.250818,0.197054,7.268669,-2.382809,0.703699,-1.290440,-1.336372,-10.039260,-0.605625,4.182064,6.260143,6.861502,-1.304054,-3.412868,4.466288,-7.720889,-8.800681,-1.420483,-3.134850,-1.162930,-0.918941,-3.257195,1.286869,-4.923952,1.862532,-2.487419,0
-1.335087,0.285881,-1.847176,-3.352093,-2.686794,-10.796276,-3.477013,-7.199398,1.815956,12.147556,-6.917328,0.565218,-4.034878,-0.594229,-3.901836,-9.507405,-2.097496,-3.119566,-1.887556,-0.525480,-10.021745,-4.075855,2.520437,-2.451656,-6.054137,-4.149553,-0.354013,-4.885265,-5.874490,-6.036837,0
0.361141,1.257963,-4.995178,1.208267,1.974968,2.110605,0.488575,5.151793,-6.315204,-2.646229,3.880743,-8.828798,-2.666998,3.689501,-0.792805,-5.852869,-8.095073,1.547411,2.626793,2.913074,2.387976,-0.697744,-2.018316,1.686094,-1.220350,-5.715608,-3.809732,-1.292278,-0.901129,-4.793476,0
7.323965,-4.946712,1.359015,-4.772179,3.992109,-1.719757,8.763094,-0.674091,-0.369503,-4.145336,0.893923,0.498020,-7.361081,-6.127460,-5.810666,-3.430737,0.757063,-2.385607,-1.434336,-3.664280,0.769644,-3.484528,1.429193,0.461868,-0.249544,-10.240295,-10.332363,4.069971,-10.083777,0.921209,0
-1.903666,1.262575,-1.358700,-2.207567,-1.257185,1.470322,1.573561,5.076851,0.917688,-1.070452,-7.202587,1.200550,-1.823404,4.593412,-0.122334,-4.818478,1.863256,-0.298609,-1.142200,-7.617646,-6.923036,-1.848129,-2.782738,2.517496,3.627375,3.697725,3.830635,3.857439,-0.587463,-7.932999,0
-2.245331,-2.228231,-9.153863,-1.426552,0.202412,6.593578,5.455576,2.431091,7.099646,0.497057,-12.389426,-1.930405,-4.863869,-3.248257,-4.429449,3.715210,-1.737236,-2.304956,12.785046,-4.343882,4.601252,-3.493217,-7.611852,-4.816347,-2.571781,-7.709819,-4.749153,3.049011,1.651291,-5.669223,0
0.905811,-5.173351,-4.572289,-0.231167,-5.068632,-0.162649,-6.400713,-0.090776,-8.844195,-5.004032,0.617691,4.628353,-6.878982,6.357243,-5.724040,-2.227655,-7.867855,-0.010069,2.721964,-5.194504,-3.004599,-4.063129,3.450518,8.479006,3.932131,-5.320599,-1.947567,-4.682871,-3.300806,1.414579,0
-1.213480,-0.066214,-1.563437,3.307161,-0.312750,0.782803,1.676847,2.952374,-4.196545,-0.952219,3.876850,-0.477152,3.961622,2.666752,7.177702,0.513332,1.614656,-3.781395,2.516600,-3.121288,-0.992002,-4.380096,-1.252079,-3.308624,-4.446302,-5.443140,-0.281212,-1.589941,-9.831401,-4.254148,0
-0.021086,-7.252153,-1.560106,-2.990213,1.446222,3.043364,-5.133461,-2.926611,-3.200754,0.869087,-4.940487,-0.814970,3.130102,-6.931582,1.950762,-5.534740,1.128551,-2.002831,-0.871763,1.381948,2.078503,5.410292,-3.674868,5.001808,-2.906515,-0.061663,-0.417753,-6.424644,1.285250,1.675743,0
1.792002,1.425655,0.181143,-4.726086,1.850300,6.055447,-3.487841,-1.252365,5.641354,5.085629,-4.658180,5.685362,-0.883411,-3.333517,-8.515020,3.130198,3.925032,-2.992704,-6.378069,-4.505615,-3.274673,9.155584,6.854355,-6.594139,0.612190,1.300171,-5.795088,-2.219055,2.698025,-6.832115,0
-4.618578,3.130987,-3.246408,0.617319,-2.223276,-2.019733,4.002914,-7.132909,-5.365322,0.039246,-0.845798,2.916531,0.188137,4.482069,5.629791,-2.051764,-1.138876,-1.575590,-2.931435,-1.099054,4.449993,-11.350800,1.442654,0.789122,2.445763,0.517591,-1.740965,0.713175,-0.914263,-7.678227,0
-3.822186,-0.284376,-4.176170,-1.438055,0.169083,-4.921482,-5.857728,1.442516,0.849691,-3.295383,0.327820,-8.247628,-3.193583,11.702084,3.167847,3.025143,-4.749607,-5.870159,-3.239124,-10.625620,3.047853,-0.917349,-5.920857,1.793242,-2.422314,5.645128,2.396757,4.426262,-3.199554,-0.867802,0
2.935760,1.756411,-0.412325,-8.036505,-2.935900,-3.842484,-2.221228,-0.927343,-2.132935,-4.247038,3.824125,-3.631113,-1.114706,0.933752,1.292389,-7.994005,-12.643366,-4.487318,0.448437,-5.945632,-5.434189,-2.509974,3.658381,-5.283400,4.450865,-1.359270,2.069227,-1.395922,-0.082031,-5.351265,0
-3.293276,2.012495,4.115282,2.503445,2.128178,1.567053,0.291697,-7.864800,3.513006,-6.002500,-3.480423,-2.029844,2.382021,1.679386,-4.922630,-0.454805,-2.219992,-0.106236,-9.522360,6.994080,-3.209896,-5.739153,0.233215,-1.857698,-5.345804,-0.036661,-0.831818,-9.267462,-6.755395,-3.528103,0
-3.563766,-0.368290,2.532475,-0.081118,-10.935778,1.851414,1.989491,6.168512,1.889385,-1.940542,-0.170576,-6.179960,0.217134,1.718737,0.081825,-0.142860,-7.339803,2.742693,-0.184359,-5.736407,-7.670801,3.093952,6.252916,-8.807445,2.915583,-6.969942,0.649515,1.395212,-1.526373,4.373112,0
6.904734,-3.658474,0.214201,-6.403797,-0.571150,1.779348,-2.161386,0.921087,3.333061,-7.810164,-3.324837,0.421869,2.974407,-3.318668,1.244402,1.114901,0.394056,-0.792606,0.162506,6.069439,-7.021581,-3.526585,-4.139858,2.064783,2.630737,2.947266,-4.356905,6.699778,-1.881538,0.104977,0
-2.372183,-6.167769,-1.701933,-0.372934,-1.594101,0.323433,-7.664886,-1.654655,-7.132914,1.780947,4.541563,-4.671473,-3.667845,4.083811,-0.276064,3.111809,-1.920954,-1.965910,-2.257433,-2.662186,-2.698811,-2.528479,-1.489710,-3.554295,1.221872,-1.260843,-9.470251,3.577744,-6.542490,-6.401903,0
0.381607,-0.846317,3.729340,1.492933,-3.019238,-7.410089,-6.225270,0.399113,-0.973928,-1.473049,-0.332254,-11.153493,-5.686357,2.595615,1.304054,-1.820616,-5.365896,-1.029230,-1.926600,-2.046404,-7.282574,3.795761,-2.630024,-6.958726,-6.164028,-8.434399,-3.597033,0.844360,-2.460741,-4.456873,0
5.224709,-6.331018,2.939693,4.657690,-2.443224,3.517092,3.917065,-1.511383,7.416464,-2.561554,-0.315228,-0.605841,-3.924284,2.698328,-5.732638,3.007874,-0.396593,0.800442,-2.756044,5.962334,2.549416,5.590588,-3.753332,-6.131969,5.486076,5.341156,4.694134,-7.457902,9.811625,1.376272,0
-1.053366,1.673258,6.495354,0.701141,-4.782036,-0.706400,0.592049,1.188417,-7.148750,-0.566423,0.115417,1.398378,1.939510,-0.776814,-5.857742,1.248552,2.938683,-1.523878,1.499559,-5.937771,-0.643414,-0.115263,-11.111539,8.246727,3.692715,1.304518,-4.104286,-0.736635,-6.218367,-5.628460,0
0.976421,-3.321987,-6.334439,-2.282433,3.054092,-2.171658,-8.302672,-1.385944,-2.141693,-3.075775,2.422258,0.036520,-3.274817,-5.133551,0.781412,1.548109,-10.691212,-6.611488,1.862373,1.986820,-5.225018,-3.052631,-2.967125,0.852545,-4.001896,3.930084,-7.108133,-6.933422,0.568262,-2.017939,0
0.005735,-1.997087,-3.801580,0.486170,-4.260387,1.374098,-4.360615,2.639334,3.716166,-4.533005,-0.199827,-2.416624,-1.022152,-0.506895,2.146654,0.795221,-4.076273,1.453163,5.495754,9.210501,-5.818895,0.619560,3.301311,3.285164,5.669798,-3.831116,-4.496868,3.553749,-2.719929,-3.725136,0
3.308939,-5.230444,-0.611826,-4.547321,-5.104788,-1.469074,9.106106,8.628302,7.742889,-8.608836,5.410181,6.079741,3.201212,4.475149,-2.891602,0.886271,-5.377193,-8.405715,-5.357803,-2.825783,-2.184696,-3.405712,2.380215,4.558464,2.696781,2.444389,-4.033409,-1.351463,-9.957365,-2.370565,0
-1.869293,0.201595,-2.979179,0.301561,-4.230148,5.955957,-4.120235,0.743359,-10.488652,7.491743,1.199116,-0.499405,-6.693009,0.987358,-6.295159,0.971598,3.495699,-2.855108,-0.889565,-6.323422,-4.133907,1.262886,-3.227776,5.111948,7.883062,-2.050224,-5.359268,-0.034498,2.062113,-6.079040,0
5.051498,-3.009760,-5.977612,-9.422119,-0.914488,2.030737,-5.344599,-3.869307,-3.925415,-0.766586,-2.163801,-6.304518,-1.523052,-4.599245,-1.773140,-1.660057,-5.207315,-3.004622,-0.356714,4.638384,2.451431,0.516354,-2.458345,-1.013760,-1.291058,4.171482,-4.362324,2.535034,-5.008726,-3.502468,0
-3.131413,-2.512339,-1.295122,-6.715349,-3.552143,-0.105589,2.814219,-11.174191,0.644867,11.720749,0.955288,9.759995,-5.238985,-4.246443,1.945057,0.779230,-1.210777,-1.102846,0.315256,-2.566343,2.874224,-0.875471,-0.079241,-7.123658,-0.336784,3.152378,1.069283,-9.846847,-4.586567,-4.219574,0
-5.177269,-6.564944,-6.929398,-4.961966,-5.275650,-7.704681,-4.846571,-3.465025,-0.446367,-4.542744,0.410589,-6.013415,6.553856,-1.993650,2.146385,-1.720959,-0.221043,-10.163839,3.132486,0.132885,-0.812140,5.193285,0.327198,-0.626387,-5.689333,0.297569,-3.717813,-2.093304,-2.989899,-0.491142,0
-6.822785,2.341496,3.519287,-0.061934,2.427679,-0.596987,-4.490465,-0.365360,-7.192107,2.574209,2.979572,-7.801272,-4.230993,0.708967,-1.028002,-0.056684,6.388935,1.583820,2.595144,-2.912935,-0.079380,0.685492,5.908867,-5.502888,4.413065,0.065279,-5.348654,-3.956171,3.025919,-0.290510,0
-4.228516,-2.944696,-2.769011,-0.951946,-3.775335,4.239372,-2.689341,-3.457560,-6.279998,-5.983307,-0.802635,2.291025,-3.144169,-0.670113,-4.354780,-0.517437,-6.825438,-0.587946,-5.135454,-3.027296,5.956238,0.268206,-5.092735,-5.700869,0.772165,-7.431555,-1.918118,-1.538420,-1.888199,-3.053410,0
-1.550938,-2.296070,0.359276,-3.956966,8.801641,4.006649,-2.460487,-3.895765,-3.038586,-2.988155,-0.228729,2.491842,0.439949,-3.234575,-4.132278,0.088610,-3.073853,-1.711653,2.058229,-1.658672,-1.302620,1.845930,2.071337,-7.766537,0.229284,-0.851137,8.058321,-1.635628,-3.541039,-0.841116,0
8.325155,-8.613169,3.377060,6.153627,1.837790,5.280241,0.659779,-1.548418,7.107374,-2.288208,-0.746546,-2.903595,2.536444,-1.537834,-3.969355,-0.252707,1.408049,-3.381374,0.911322,-3.511318,-6.885884,1.306757,2.361002,2.742331,-4.510382,-9.211359,-0.465115,-6.082860,-0.491751,-0.695269,0
0.629074,-6.223726,1.454168,4.553942,-3.125628,4.311249,4.317169,-7.013328,1.068926,2.315119,-2.897579,-3.305923,1.165533,-1.644321,-11.287838,-3.340034,-7.105229,1.758270,4.750038,-4.054543,3.487881,-5.478643,-4.178850,-3.578814,9.785233,4.427610,-1.570545,-0.415697,0.363110,-4.191540,0
-3.729830,3.243757,1.296030,-0.639910,-13.438454,-0.896942,5.079395,-3.436737,-11.776763,-0.313234,1.934805,-0.972076,1.178360,1.684780,-6.911604,-7.371263,2.203205,2.033237,0.878414,2.169266,3.053862,-2.908562,4.199320,0.120054,-1.103767,-1.872316,-6.269402,-1.846979,-0.119947,-4.619432,0
-3.948687,-2.164963,0.641653,-2.938366,-5.928059,6.283020,-5.563989,-0.038767,0.547703,-4.522680,-4.318876,3.627525,-1.736170,-2.434254,1.276258,-2.453434,-1.354229,4.649847,-6.205519,6.335987,6.240337,0.036036,-0.231689,-1.088484,3.869385,-1.204090,-7.035656,0.058022,-5.458445,-5.415846,0
0.751656,6.431370,-0.329796,7.627575,6.793232,-10.892288,5.927797,-0.360163,6.892309,-7.410954,0.492281,-6.801372,2.789892,-6.223920,2.550394,2.581234,-7.810421,-2.150223,-7.776918,-5.832108,-0.693375,-5.916891,-3.765194,-0.270914,-2.079168,3.013109,-2.621069,2.346678,-0.767862,-3.050825,0
0.824312,3.182667,-3.559853,-3.422091,6.523296,-5.206917,-5.154926,3.448683,-1.152163,-1.965605,-1.685246,-7.926080,3.967167,0.842150,0.039061,3.090977,-3.763975,0.844725,0.205303,5.093662,-2.098129,2.802460,-7.718767,-0.151436,-0.030106,1.940945,1.694571,4.347128,6.883102,-8.083766,0
-5.830394,-3.627718,3.266512,-5.586601,-1.806435,-3.153000,9.036600,-6.868844,-0.392172,1.802452,-0.002001,-1.772436,0.413374,0.434658,-1.155556,-3.310411,5.332621,1.532747,7.078516,-3.057295,-3.042009,-2.582882,3.777206,-1.701797,2.600811,-4.852041,3.130556,-2.743330,-8.041999,-4.904613,0
-4.649664,-8.280968,-0.627989,5.239428,2.575739,-7.113929,4.450674,-7.287073,0.584276,-6.372097,-1.995304,2.920408,-1.065411,-1.574888,2.865637,3.821011,-1.454733,2.822292,-6.564529,-2.662727,-5.783233,-10.260512,-0.503330,1.453300,-4.783316,1.303049,1.278149,-2.763193,-1.981539,-3.768061,0
0.991079,4.649076,3.001045,0.409258,3.196640,0.065506,-2.646868,2.264130,-3.054714,1.489574,-4.018827,0.637039,-6.925052,-4.364990,-4.304853,-1.863487,-4.817537,-3.885250,6.544476,-4.814966,-1.429277,1.998772,-1.401144,-4.385311,2.627838,-3.665152,-5.830544,-7.441031,3.438234,1.818226,0
-2.155041,-1.887342,-0.509703,1.721340,5.953690,-5.903320,-4.169817,-3.983765,-3.548851,-0.736849,6.392754,-4.335058,-8.234157,-8.356162,1.586260,-6.946043,-0.877979,6.965351,-3.122448,0.610096,1.242569,4.614424,-7.285517,3.411606,4.285120,2.276211,1.103029,-0.544748,2.456793,-2.650148,0
2.527245,-1.031040,-4.617195,-2.752216,-3.716476,-5.181089,-8.455421,2.711967,-4.488729,4.822245,4.278261,-0.419573,0.162006,1.745983,-1.933392,-1.348291,-1.905527,4.717155,1.192112,-1.414762,-3.011784,-1.053583,2.013191,4.508598,3.019365,-0.300360,-4.181244,4.939362,-0.976862,-4.197771,0
1.557644,-2.235197,-7.725334,-0.447807,2.749046,7.241854,-6.274949,-8.979977,-6.263669,-5.561802,-1.305323,-2.635653,2.348486,0.933273,2.907740,-2.970024,-0.262489,0.444901,-1.907312,-0.898933,1.804993,-4.233372,-6.967978,2.163376,-4.905415,2.765766,0.137045,3.067350,0.792933,7.178001,0
-7.150819,-7.911344,1.653997,4.161627,-0.981670,1.243366,-9.346555,-6.364392,4.476326,0.316404,-2.415337,-3.249475,-9.110098,-5.151213,-9.311007,2.454947,5.156153,-4.639553,-1.175440,4.670166,-2.662727,1.936586,-2.982059,-1.498201,-2.590868,-5.627426,-3.867514,-0.799953,0.913651,3.404026,0
-4.504391,-2.511011,1.174395,2.243462,-5.845364,-4.733061,-3.384674,-1.876295,-10.125813,4.590361,-0.178339,3.777430,-4.584242,2.203117,-8.388421,-3.441395,-2.599133,-6.032828,-10.130140,-4.053974,-0.444433,-6.435105,-0.999062,3.274235,-5.521545,-4.813934,-1.209047,-6.089322,-1.196753,0.628599,0
-5.370401,2.945312,0.335974,-3.467344,-7.420760,-5.279869,-7.143440,0.277599,-3.639538,-5.603360,-4.576899,-7.099891,1.219954,-5.206459,1.666746,1.315659,-0.897491,-5.189119,-0.938181,-5.461977,-5.370609,-3.264210,-11.331535,-1.905624,-5.719514,-1.297213,-0.122515,-0.851288,-0.486893,-9.893576,0
-1.027479,4.436335,4.256397,-4.222227,1.168308,-7.291616,-0.855892,0.847391,-4.944870,4.853724,-1.849899,-0.682264,1.869490,0.148878,-4.934174,-5.335985,0.936735,-4.114077,1.521908,-0.059116,-2.766129,-0.764229,-9.185440,-4.289009,1.375868,-3.944302,6.277264,2.321241,-6.804881,8.788038,0
-9.559891,1.830456,-5.380583,-2.495152,-0.398249,4.267555,-4.012749,0.514835,-3.631935,-2.650276,5.819574,-0.453011,0.557289,0.004581,-1.080233,-1.338404,-3.437494,-5.551355,4.801170,0.182543,2.162004,-5.731185,0.541487,-1.098852,1.301479,3.466003,-0.535049,-0.001827,0.592005,-0.674402,0
4.294899,-1.144278,1.243948,0.929623,-6.009949,-13.962366,5.320887,-6.435199,2.237497,0.601418,1.664606,-7.524275,1.068211,-0.259651,-3.086981,-2.066870,-3.887424,-5.313250,-1.389065,3.930086,-0.858349,-4.549513,-1.473900,-2.709240,-7.265658,0.543785,-0.671518,3.912687,3.670355,-2.788193,0
-1.668051,-4.720970,-8.039213,2.831562,3.529030,3.782215,1.944660,0.908014,-5.134575,-0.514982,-0.734297,-0.891352,-0.859970,-0.661545,4.014246,-4.497805,-3.543987,4.184347,0.189508,0.755774,-1.987782,-0.057066,-8.315282,4.430311,-1.316719,0.499277,-0.941128,0.006424,2.362028,-1.983433,0
2.616402,1.054216,4.703960,-3.586275,-0.785313,-6.146909,1.539551,-6.344473,0.539602,-3.991482,-7.106171,0.577679,0.150414,1.002909,3.389700,-0.157803,-8.370501,3.302700,-5.469551,5.112886,-10.781984,4.022881,-0.521309,-3.738499,-2.777895,-8.316480,-4.593971,-6.335884,3.520700,-8.673306,0
1.910925,4.587725,-2.423828,-0.531734,-11.722242,-1.445740,0.736044,-6.057761,-7.249374,-1.144995,0.235575,-0.281076,-1.470579,3.367369,3.347639,-4.150822,2.223537,-3.662432,1.110411,5.115850,-0.796148,2.058516,-0.902195,-1.114901,1.997780,-8.715259,-2.048283,3.026945,-3.292130,-1.574202,0
-8.821028,-7.455388,1.695822,3.563431,-4.333612,-7.024375,-2.037924,7.360641,-0.273815,-13.409061,0.926558,-3.838608,-4.392040,-0.534847,-4.130007,0.505281,-0.544788,1.866444,-9.443150,6.504648,0.388636,-8.166153,1.792662,3.238211,0.715914,0.660139,1.186628,4.864994,-4.536295,-7.847120,0
5.413031,-3.250227,-3.000080,-2.478785,-0.238922,-0.940704,-1.618855,-2.924397,-4.249386,-9.762019,3.290356,3.393719,-3.199781,-5.228609,-3.070515,-0.899508,-2.800747,1.369616,-0.596821,-1.379513,-3.738560,-0.428364,-3.184116,3.091410,1.068308,2.288099,-4.480568,3.904432,-3.638552,-4.200804,0
-6.259861,-1.539730,-7.161191,-4.858158,-1.127361,-5.686301,-1.047169,0.525850,-2.454588,-0.255629,-3.448130,7.570211,-1.094589,-4.891308,-3.807455,-5.222847,-3.958651,1.281033,-6.997854,0.107418,0.212543,-0.629505,0.616405,-10.378395,0.846914,-1.232759,-5.760741,-1.522942,-0.394617,-0.762774,0
-8.202501,-6.146709,-5.108694,-1.523525,3.037609,3.962093,-1.631933,3.681087,1.533619,-8.764506,-4.873537,-0.239132,-1.214596,-4.681446,-4.266891,-6.526505,1.583555,-8.432498,-6.421498,-3.175200,-6.550535,-0.272926,-1.683615,7.851173,-4.747692,-3.044430,-4.392532,-4.092476,0.805994,-7.565414,0
0.986198,-2.086964,2.818634,1.023581,-4.995359,0.958689,-4.010199,6.731070,0.334467,1.362629,-0.195375,2.767345,3.371725,-2.973164,-3.157324,1.145872,2.162037,5.207827,-4.686172,-9.629206,-4.985956,7.408785,1.514711,-4.191376,-7.968550,-2.760078,-4.163527,5.180925,-5.013517,-4.118557,0
1.964878,-9.631632,-6.288184,1.597855,7.068628,0.657888,4.591125,-0.847069,-0.361845,-8.028322,-1.364408,-0.001799,0.600935,-1.430634,2.357035,1.028315,0.858809,-6.104552,0.872828,-2.395771,-5.641592,1.141321,0.384920,-4.976431,-0.051302,-6.138644,-2.857851,-1.730707,-2.737101,1.158981,0
0.971933,-0.252447,-8.484172,4.491152,1.634218,-2.107090,-2.280806,4.320690,-1.485027,-4.044319,-1.532932,-2.783216,-5.790411,1.360525,-2.253267,-0.561918,-1.957813,-0.603441,-2.743948,0.200066,0.508219,-5.394058,-0.374073,6.997221,-2.167999,-1.938530,-0.136574,2.512112,-5.501299,-0.568987,0
-1.984011,-1.951210,3.227865,1.599602,4.231949,-3.862986,-1.323839,-1.422724,-3.682695,-7.961354,-0.134777,0.081564,0.197315,-1.474129,-0.177092,1.749733,6.183086,-2.077171,-2.575071,-4.503206,-1.319309,1.316906,0.486050,1.728003,3.298904,3.334959,-11.605844,-0.242250,-0.460661,-0.562769,0
-10.287013,-2.154787,-0.351360,-2.038683,-0.933306,-3.246855,-4.530123,-0.723297,-4.985220,1.517269,-4.115868,3.501476,10.747593,1.832161,2.603846,1.738405,0.329535,-1.507158,-10.429645,1.332867,-0.857639,2.392517,-0.995684,2.853752,2.090630,-3.759640,2.583723,7.460527,-0.058805,-2.539902,0
-2.174725,5.310148,-3.889700,6.823227,-2.854475,-0.078447,0.774311,4.100779,-3.889311,-1.669828,-3.864202,-0.966980,4.399498,5.688818,1.357595,-6.851903,-3.167593,-0.229155,-7.774814,2.468847,0.081732,2.908230,2.183434,-0.940535,0.960732,2.609409,-0.790438,-1.989025,-3.041983,-1.615549,0
5.462336,3.316444,-1.632227,0.153744,-1.099726,1.024776,1.765152,-2.052313,2.594486,-2.146360,-10.385254,1.002867,-1.429585,1.879736,4.386040,3.185808,-9.163945,-3.932022,-3.654057,-4.269596,1.368921,-0.474312,-0.894035,1.908644,-1.908442,1.776459,-1.565660,-2.156828,4.601309,-3.397972,0
-0.701973,-3.675997,8.880800,-4.794331,-6.680934,-2.671688,8.362770,-2.596880,0.251152,0.306610,-2.025120,-2.111423,0.838491,2.535780,-4.943253,1.081886,0.269337,5.107573,-0.565466,0.036938,-2.094690,-3.828606,2.455837,6.075083,-0.827402,1.067919,4.101065,-5.550888,-7.446053,-2.793571,0
-4.012341,5.291977,-0.196751,-6.351027,-7.798788,-0.165056,-5.003376,-6.126817,0.353542,3.318590,-4.863297,-0.556763,-11.375767,0.166225,-4.086449,-2.037897,-0.341848,-4.694950,-5.913593,3.016975,-3.708883,1.111570,-4.484961,-1.645815,-1.486904,5.830452,-5.002256,-2.368885,-4.411411,-2.206287,0
-8.551081,-5.753969,4.292738,5.486643,-5.595942,-0.949593,-3.700024,1.091928,0.607187,4.029202,1.718962,-1.984138,0.313820,-4.278687,-7.916150,-0.170139,5.311745,5.432028,-7.161757,1.120415,-10.177932,1.446926,2.486725,-6.240905,1.469101,3.798170,-6.513385,-2.711584,-3.702761,1.362833,0
-5.442392,-4.961273,2.292042,0.508846,-3.191328,4.429396,-11.773701,6.179243,1.781832,-0.767614,-2.627447,2.086208,-1.321737,-0.312256,-3.610397,-3.294506,-5.397738,-7.408880,2.595490,2.781502,3.781279,-5.774608,3.137003,3.544184,-0.655178,-2.647118,-9.274518,-0.291225,1.261009,1.217890,0
-0.857691,3.518950,1.704416,1.587343,-5.059155,10.155752,10.109934,-0.467924,0.076246,5.080172,-5.571981,-0.811731,2.039501,-6.867997,2.374384,-2.565695,-0.945120,2.401323,5.478863,-0.292562,1.346884,-4.783613,-2.894165,4.624672,0.428427,-2.840734,0.711035,3.237110,-7.655097,1.537201,0
-0.451807,-2.547438,0.249245,-3.540644,3.467644,-1.560564,6.754112,2.334152,3.226524,4.299774,-5.262142,-2.005667,1.712357,3.473148,-7.538017,6.813070,4.184132,-1.904837,-5.368929,-7.391320,-4.727785,3.040508,4.473835,-0.008755,-5.238878,1.110949,-0.418772,4.513826,-5.561646,3.130249,0
1.973280,-1.290882,0.186420,2.337793,3.047586,-4.032455,-4.558817,0.678925,-6.869922,-9.685477,-2.949301,-6.278827,2.736269,-3.484171,-5.670741,-0.116901,-2.482603,-1.987766,2.788023,-5.586038,-3.248137,-3.257620,2.259602,2.338129,4.089455,-3.803152,6.324417,-1.386906,-4.782110,1.319460,0
2.250570,-2.411510,-4.855490,-0.961927,-9.967266,-3.779671,-1.260635,10.095947,-0.087992,1.537090,-2.766985,-0.537188,-1.201120,5.205980,-2.758945,-1.372063,-1.811508,-2.116493,-1.076239,-7.186462,1.254652,3.187189,2.226727,-0.073709,-4.215969,8.358891,5.563637,-6.020807,-1.112606,-5.893655,0
-2.072697,-2.310381,1.675585,0.259840,-6.273853,-9.285522,0.502066,1.313305,0.117788,7.447754,1.195383,-3.917408,3.818649,-0.222775,7.915243,-3.729671,-7.276236,-0.457308,-0.515156,2.859989,-4.160904,-0.701340,-4.256435,-4.627502,2.708590,-3.965660,-1.009649,2.037848,1.242376,-2.740530,0
1.384068,-4.776527,-1.617205,-5.397606,-1.969604,-6.184101,0.915243,-4.105165,4.875782,-1.797609,-1.478867,1.522034,-1.051025,-1.243446,-1.253695,-1.431915,-3.981627,10.979523,7.065802,2.049582,3.746426,-0.852201,3.250088,2.696283,-4.212231,3.175665,4.997280,8.851164,-2.562988,1.761978,0
-8.261296,4.713531,0.532650,3.128338,-0.502792,-6.004756,0.456594,-3.709829,6.401077,-0.448067,0.249449,5.445450,-2.089478,-1.076622,-5.028746,-4.161327,-2.773870,4.959900,-6.750991,1.596104,-1.267387,-2.916107,-1.189562,-6.151043,4.014376,-10.642435,1.987045,-0.884573,3.880241,1.508179,0
-2.901533,2.380770,1.036568,3.852528,1.625105,3.702326,0.396738,1.690468,-2.330584,-1.438852,0.157619,0.898945,-3.320522,6.171329,3.796463,0.786852,2.134071,-1.009478,-5.545582,-0.934511,-0.552109,-2.844328,0.520058,-1.502020,-0.684076,0.268164,5.498184,3.552683,-2.207315,7.069870,0
-4.741972,4.444956,-1.587955,-4.239784,-2.107574,0.916922,0.499067,-0.248320,-2.353832,-2.095798,-0.136971,-1.843620,-5.045557,-7.153163,-4.487392,-3.457972,-0.410812,6.358147,3.111712,-1.302212,3.672300,-6.207084,3.076368,-5.042891,-1.067366,4.135120,-0.953535,6.118944,-1.276031,8.586168,0
-6.659709,0.514254,-0.832836,1.240541,-0.372805,7.289059,3.862101,0.461058,-7.185577,0.383343,-8.794330,1.132549,-5.090067,2.082708,-0.516138,-6.113474,-3.868155,1.269924,1.100771,-4.181189,2.646946,5.354233,-2.970442,2.021305,2.376440,1.983601,-0.704470,-3.060896,-4.130234,-3.181112,0
5.396482,0.434267,2.395779,-0.038353,-9.123004,1.656582,6.126217,4.566811,3.255098,-8.167873,-0.251596,0.376705,3.347218,-2.846935,3.679173,1.566549,-2.872173,-1.696760,-2.895601,0.266901,-8.070969,4.083536,2.639894,-1.707968,7.425318,3.965649,-1.668188,2.754137,0.875370,1.838753,0
-2.665026,-0.967258,-1.097939,-1.834848,-0.726341,-3.620663,7.061974,-4.089041,-2.920723,-0.100510,7.736431,0.894138,0.749060,-5.406216,-4.298903,-5.967609,0.158224,-0.132809,3.119061,6.285183,10.160692,-3.809454,-2.933035,8.871105,-5.686574,-6.635093,3.475786,4.341747,1.246073,2.141253,0
-1.496340,4.328966,3.892054,2.276142,-5.329563,-9.147193,1.187460,2.926622,-5.826850,-5.766035,-1.324123,2.589235,1.715797,2.493446,-5.790861,-1.656660,2.026722,3.239664,-1.313448,-5.956080,-1.907713,6.307610,9.008062,-1.791842,-6.437993,1.688906,-2.776937,3.713875,-2.491766,-2.564081,0
-1.205978,-1.736313,1.645155,-2.143280,-5.757497,0.227560,-1.242889,3.127346,-0.215107,-2.988598,2.989653,0.590946,-0.819832,2.945118,3.047575,-2.191957,0.880690,0.352818,-1.071182,3.702559,0.340452,1.356096,-2.536823,-5.483883,-6.175407,0.334764,-3.007881,-7.898113,-0.022268,-0.971592,0
0.915262,0.851339,0.973967,0.071077,3.018515,5.573120,-1.098503,3.633816,1.378569,1.172890,3.462727,-3.306593,-3.989176,-7.162963,-5.166744,-2.445681,-5.142870,-5.243525,-3.467392,-7.672215,0.661251,-4.171755,-0.226376,0.374142,-2.998552,-0.532307,-3.149784,-3.068275,4.524536,-1.542658,0
-6.045704,-9.054720,-1.051138,-2.571821,3.907320,5.394945,-2.167759,-3.776918,-7.365295,1.363855,-0.285109,2.032623,1.397655,-4.326195,8.524395,2.704227,3.504610,4.300688,4.356030,10.186913,-4.664591,2.569677,1.229345,-0.092525,-8.462646,1.780416,-2.901751,0.641249,-2.034479,3.299072,0
1.806473,1.347595,-4.454777,-6.710132,0.557545,-2.198385,2.775391,3.198120,-4.087496,0.479385,-2.021723,-7.099947,4.901312,-6.186113,-0.679708,-1.638577,-2.612843,-1.322823,-0.320305,-2.825432,-2.948450,-2.155050,-0.078337,-3.857773,-6.335669,-1.217039,-3.029718,0.193268,-0.042746,-3.580276,0
-5.447649,-0.021156,-2.849125,-3.272974,0.277069,2.993143,0.964188,-6.496466,0.841909,-5.264948,-3.389576,-1.797398,-3.712179,0.678514,-2.380255,1.982742,-2.548122,-2.622116,0.979961,8.217556,-2.647232,4.554487,-1.101006,2.577211,-1.957952,-4.860317,1.043839,2.083317,0.823599,5.013186,0
-0.327656,5.626202,-0.715117,8.086815,-0.712898,-3.185068,-4.916025,0.461399,-4.080198,2.099699,-5.226578,1.029577,5.445444,3.633514,-5.374920,-7.607100,1.316702,0.189764,-3.425144,-1.917034,-2.018862,-2.346851,3.243116,8.529568,0.720634,-0.639898,8.475067,2.748386,4.901009,2.425232,0
-7.658220,-9.159683,-1.658165,-2.678988,1.876560,-1.780809,-1.826780,4.782324,-5.955657,4.945156,-5.326973,-3.943459,-2.971361,-2.862808,-3.521635,2.994217,-5.468153,0.659317,1.341251,3.004883,3.811960,-4.975100,2.725664,-3.630972,-0.259100,7.383148,-2.804581,-0.914755,-0.324783,0.646286,0
0.313059,-1.415001,-1.266663,2.802595,-8.049366,-3.016819,1.119162,6.553514,3.777271,-1.360336,2.793478,-2.256021,2.131729,1.904118,-5.358856,0.561256,3.732080,1.895824,1.068718,2.159660,-0.022154,0.021072,-2.304661,-7.449203,1.565151,1.622765,3.338467,-2.413939,5.873489,-2.160957,0
-4.501064,2.999325,-4.385086,-3.048054,2.134703,-5.264711,-3.753941,3.008120,2.324041,-2.397409,-2.095160,-2.360723,-0.794884,-7.618666,2.962204,1.924440,5.819963,-3.691723,2.077724,2.798008,-3.970074,-5.791218,-4.532810,-2.243340,4.359808,-4.158669,1.318192,-3.939396,3.714664,0.085361,0
