-0.343554,1.593653,1.317312,0.317942,6.160320,-0.018549,10.345831,3.325724,1.646105,-0.027096,4.839005,-3.718394,1.085056,-0.391113,2.046970,4.125036,-3.655756,0.706264,5.014696,2.153357,2.704111,0.747072,1.363306,0.008410,3.258415,-3.783284,-3.340134,-2.916241,-3.295053,6.696585,1
6.717600,1.906067,-0.424032,5.027765,-0.642838,-2.663469,1.400772,-3.554414,-3.322870,2.143114,-5.462287,5.491081,6.176529,-3.117655,3.546610,-3.580473,0.193310,3.669031,7.859312,-8.867943,2.796795,3.201492,0.481258,-0.870449,3.161469,-2.459715,4.744385,2.320007,-8.793441,-0.334738,1
6.305504,-1.636215,-5.267145,10.467613,0.758745,5.716572,6.010059,1.723047,10.902649,5.021372,3.306908,8.570953,-2.732008,0.540871,-2.913200,-0.518339,6.836298,9.844740,-2.969975,1.216066,3.965803,2.338238,4.413494,7.752872,2.310648,0.372259,3.115932,10.844589,5.671251,1.104368,1
-1.209095,4.901058,1.749392,-1.411457,3.129774,1.468390,1.285496,7.077599,-6.671652,2.717035,-0.068497,0.727598,0.537531,3.037167,4.150131,3.408030,8.043701,2.921959,0.756559,7.668186,-0.741085,-2.256630,2.075510,0.793390,-1.135754,5.374432,5.624580,4.755665,4.166098,-3.032412,1
-6.966802,3.842361,6.237448,1.707848,-1.558588,-1.351736,-1.882450,3.857492,-0.675310,3.046207,-0.686083,6.770403,4.789976,4.936674,2.214155,-3.477613,0.605970,6.369371,-3.063793,1.106256,4.920488,-4.936157,0.992798,-1.252987,5.376871,-0.812916,-1.721672,8.173838,6.349941,2.900967,1
-1.221390,1.224676,0.399126,10.730371,4.742538,-3.563384,2.741308,4.612352,-1.835285,0.908075,3.278429,-1.969372,-4.271584,0.630102,-0.699585,2.873959,-2.495501,-1.697845,-2.668148,-0.904894,-0.115135,-0.133083,0.888241,-0.889658,-1.673717,-1.997646,-5.654741,1.227165,0.251879,-4.966331,1
4.443768,-7.525243,5.068874,2.394960,-3.989159,7.329412,-3.776539,-2.174799,-4.538095,-0.542944,-2.682888,1.930189,-4.579356,0.421070,-0.780621,6.792706,-0.607019,5.240055,-1.505186,0.579660,-0.228405,2.650076,-2.017864,4.220966,0.037827,3.016624,1.300276,1.993990,-0.353373,6.879539,1
-6.904405,0.243025,1.924185,1.578884,-6.554140,2.276491,1.650890,2.595972,-0.373150,-0.496588,-1.338972,4.569130,1.077944,3.650972,7.696613,0.262568,0.495073,-0.625090,-2.704674,4.514795,6.673410,1.756769,9.354422,-5.494335,0.111128,6.613268,0.671421,9.632898,0.064596,4.599564,1
-4.920412,-8.492972,-3.807307,-0.151672,2.255659,5.923174,3.270847,-3.894185,-0.758261,3.574287,3.249249,0.281063,5.082281,4.369919,2.138041,0.965200,-3.171358,-4.157082,-1.430811,4.330034,-0.397360,3.288651,-3.377333,3.360823,1.602133,4.047274,6.225475,1.468639,-2.180367,-3.955420,1
-2.567009,-1.004944,0.223841,0.208794,-2.984703,2.683510,7.885342,0.970734,-1.258127,7.374908,4.330580,-4.284628,5.462965,-4.588161,7.199747,10.054296,-5.206166,1.501490,10.561588,-3.506844,-0.324162,-3.865703,-1.102686,-0.076305,1.780502,6.805809,0.773203,5.450121,-1.810547,-5.172447,1
5.395567,4.413023,-2.744007,1.761377,-1.663139,1.566595,0.735792,-2.966230,-1.669273,2.825840,-1.525347,7.489336,-3.593383,-4.352373,-1.286520,1.351780,4.247959,3.435188,1.358788,-1.214123,7.288734,-1.099201,2.559219,-3.612063,11.637745,-1.621315,-0.501648,2.125458,9.167603,3.341570,1
9.091806,-1.511471,8.021687,2.651882,-8.375593,-1.587366,0.996033,5.547047,1.914171,-3.635385,1.063297,5.653809,-0.485138,2.086889,7.571074,5.196177,5.139347,-0.582418,4.045155,-5.570200,4.792013,2.107780,0.362560,-5.538561,7.289278,-1.859667,7.513359,6.343502,-2.005230,-1.784502,1
-2.615623,6.425522,3.456287,-1.777700,1.709606,6.523542,2.041748,1.793192,-2.402681,-0.769705,1.590084,-3.958061,-2.326479,-2.064367,-4.152740,1.016397,1.973434,0.523371,-7.241001,4.680696,2.078936,-1.651903,6.475554,3.849834,1.079897,0.518234,-0.464695,-6.812306,7.294333,2.618395,1
-0.446859,-4.391703,5.049168,2.778116,-1.403955,2.601742,9.169741,-0.101149,2.652994,2.785774,-2.822353,5.475750,-0.741241,-5.668497,3.331137,1.485041,1.262108,0.904390,2.533644,-2.317186,-5.195355,1.446884,-4.142101,3.514114,-0.217524,6.613081,-2.346655,1.374397,1.950729,-0.468626,1
1.520996,-0.868433,-5.434671,-1.180687,4.085608,-1.373184,5.747694,5.671705,2.068579,-0.258497,5.582663,3.383493,-1.932789,-1.241863,-5.727910,2.585863,0.298454,1.460163,9.315063,1.902493,-2.784063,-2.330843,4.935970,0.894882,0.181652,1.418791,-2.503237,2.853474,-0.762159,0.826429,1
3.136524,2.247793,1.031027,8.920380,4.102142,2.068956,-3.029526,0.005743,2.136379,1.404360,-2.133511,2.998001,2.407066,8.794533,-1.358850,2.018921,8.435326,-1.436899,-1.046898,2.660910,-0.337105,4.547235,1.877872,3.109299,-2.747097,-0.060371,1.965031,2.894547,0.877142,-1.331892,1
-3.077663,6.937477,-4.664533,0.667999,-3.168974,3.710171,3.050344,-0.528339,0.730165,-1.746616,2.639912,8.693241,4.559031,-1.524414,3.241241,0.073399,0.427397,4.670856,4.295732,0.283924,-3.064199,-1.179483,-6.706026,2.703093,2.000221,1.965784,-0.226780,1.266897,-5.515120,4.812647,1
-7.097076,-4.119493,2.112038,1.093210,2.184383,3.648970,4.316996,7.354160,-6.677321,1.882242,3.827616,1.900927,2.689215,-1.493101,3.069857,-4.491589,3.648832,1.408804,-2.606422,2.933144,6.838234,1.254980,-0.164017,-1.853281,1.812466,0.428532,9.237591,4.665842,-3.181175,0.026308,1
-2.919746,5.369965,-2.683208,8.179668,5.667278,-2.843513,-1.614691,-2.963303,-6.106127,-1.640053,5.320879,-1.346540,-1.269306,1.930645,-6.445548,4.446377,-0.666599,7.752874,4.896513,4.060575,1.184177,1.089760,-1.608820,-4.875100,1.966202,0.479900,-1.935070,11.121267,0.391956,-3.833316,1
5.173588,-0.014547,7.342737,6.913116,3.840988,-0.025646,10.707172,0.325354,0.933271,-0.644617,3.749954,-4.639854,0.470758,0.462448,1.915077,0.473675,-1.175159,-0.669359,-2.089497,4.347151,3.437737,-1.642551,-1.251314,-0.310829,-3.046854,2.757561,1.778852,0.945648,1.984806,0.631119,1
-1.642246,3.308304,-8.701202,-2.909372,2.113394,5.087234,6.228315,-6.258864,-1.447138,-2.754354,5.506058,0.299416,2.384300,3.509293,-0.413925,0.246826,-3.170210,-2.633013,-0.270386,-0.879101,6.875940,1.601553,2.067732,-1.254665,-4.705460,-2.445660,4.148386,0.052147,3.954540,-3.518648,1
-3.032810,1.703537,2.836000,3.147591,2.260651,6.283506,-0.306164,1.569715,-0.997692,-1.295292,-3.774301,-5.813372,-1.002930,1.194304,2.828186,4.559595,-1.628517,0.680565,8.409294,-1.881813,-1.885735,4.367943,5.347908,1.840076,2.232702,1.237234,5.235703,0.785301,-5.522935,3.235664,1
6.131517,2.464729,4.039614,0.647823,-2.875698,7.852705,1.979958,5.672441,5.088837,1.782961,0.614506,-3.365335,3.356016,0.796911,-3.502289,5.055204,6.764730,-1.194387,-2.185484,-2.705235,-4.493168,4.915230,10.782978,-7.350655,-1.227711,2.148346,1.835779,1.578302,1.664417,-1.444925,1
-0.458986,-0.903063,6.973179,6.211515,9.955967,-0.398960,-1.885107,-6.002957,3.371157,1.306200,2.585913,0.548925,3.925339,6.112597,3.314877,7.424616,-0.205790,9.537214,-5.966315,1.665560,-2.329367,1.005239,3.296995,-1.729694,0.344339,1.462172,-3.332397,-7.207899,0.457233,7.866470,1
2.477627,1.839943,3.934458,-3.883561,6.431448,-2.826536,3.317505,1.727251,2.962809,0.062613,2.229549,1.991449,2.648293,5.054609,-0.441730,-4.065971,2.516193,1.337807,-6.494041,-0.812029,0.061317,-9.422723,3.772774,0.173084,-1.102404,3.878050,-8.810489,4.399042,-1.448730,3.120083,1
-0.639349,-2.715744,-4.674495,6.618690,-5.519604,-0.249786,3.872679,-4.624166,-1.483725,1.280865,2.363262,-2.991106,2.020662,-0.337854,-0.764454,-5.918019,3.661613,-3.754067,-0.075781,-4.557124,-1.412619,-2.583059,2.059586,5.119936,4.246223,-1.589382,3.302149,0.437407,1.656973,5.062735,1
5.432579,0.807617,-4.006887,0.314693,4.740412,-1.283852,1.844410,3.119942,1.684717,3.560131,-1.572464,5.457041,2.954254,-1.316580,0.623066,6.277889,2.974180,8.050259,-1.111334,1.740261,0.336857,0.962448,-1.999456,13.176842,-0.914532,-2.813574,4.223949,-2.111181,-3.784534,7.809889,1
4.915436,-0.976301,-3.617123,4.265217,5.527557,4.594282,-1.824448,9.357531,1.849445,-4.146950,1.024803,8.686205,-2.772793,-0.793095,5.660082,-6.081674,4.736891,4.074697,4.201176,0.286160,3.051109,8.457037,-2.771219,2.966429,2.277769,6.766190,1.590635,-0.420429,-4.431051,4.475599,1
1.258907,-4.624117,5.694344,4.181675,-4.135810,-1.861856,-1.770830,4.303509,-1.035851,-4.493019,2.488550,2.382027,0.991606,-1.562071,-10.514036,3.786674,9.192362,-3.410223,10.581343,-0.359177,7.307064,-4.920076,-1.908657,-2.682451,-0.295670,-2.713991,2.894295,-1.711754,2.941418,-5.593390,1
0.547241,4.728649,-4.872037,1.345192,-2.444820,1.824516,4.805580,8.705471,-2.179283,3.460234,-2.402332,7.568289,-2.953999,3.929646,5.850758,1.566830,5.542728,0.145342,-1.080050,-3.283813,0.048307,-0.665508,7.169888,-0.004869,0.340315,-4.574292,-1.268330,0.388273,-5.799947,5.692663,1
-0.167412,-4.468173,3.461981,-1.817701,7.072077,2.141926,0.182884,-2.935516,1.173267,4.848381,1.160845,0.558477,-1.948175,5.898750,3.440332,4.934330,-2.087301,-3.050522,0.439625,-1.043898,2.696602,-3.272902,-6.587321,4.367016,6.394159,-0.879229,0.206066,0.525488,0.068199,-4.863299,1
2.202177,0.722986,-1.135088,7.313990,-1.247192,-3.608522,-1.839556,-0.734695,0.941862,0.089840,-5.372359,4.770941,-5.075693,-0.593868,-2.053537,-7.090219,6.780313,2.551077,2.695280,0.419872,12.108280,1.924393,-2.996805,1.632654,3.059937,1.430353,5.040241,4.469912,-0.040510,-1.002161,1
1.264158,3.913612,2.686026,0.886555,1.915325,6.486118,1.504816,-1.209799,3.480574,-2.925262,2.064117,-3.776541,-4.102741,0.751654,-4.666076,2.538742,1.839172,1.444548,5.727865,-8.023930,1.018158,6.908350,-2.030228,10.553801,-0.375193,-0.192608,1.480417,-5.538015,1.390406,-2.389099,1
6.218245,5.448261,-0.774899,3.984474,4.724335,7.966698,5.456783,-3.549932,-1.219028,6.050596,0.929245,-1.775406,8.709400,-6.395347,1.908037,4.065796,-0.795300,4.248390,5.448812,-4.432223,-4.374765,-3.796475,7.192562,-7.130705,0.730082,-2.137629,1.346979,0.703478,0.223530,0.597263,1
3.777061,7.692362,-3.668889,-4.150483,-2.381466,2.727558,-3.862178,8.070662,-3.345222,-5.456268,-0.956745,9.135983,6.357195,0.496355,-4.950758,3.742846,3.993673,-4.532287,5.647762,1.920465,-4.454274,4.229561,2.314850,1.737822,-1.564026,3.895849,2.438860,-2.857672,-1.848358,-1.927420,1
-0.134634,-0.562510,-4.385077,1.191788,1.178288,-0.140015,0.889997,1.606653,0.555042,-1.817160,0.967035,-7.395566,-1.692749,0.331209,-6.260314,-4.979972,3.763245,-0.804562,3.546640,10.014618,2.930876,-0.233686,1.859615,2.481131,-1.156778,3.532030,-0.069672,1.084908,-5.102776,-1.327753,1
1.796673,9.058516,7.906025,-0.284344,3.711723,2.474375,2.436743,10.506582,2.246868,-2.874725,-1.435617,-0.396080,1.050556,2.068396,8.184444,-7.417848,-0.418171,-0.581785,-4.647245,6.452108,-4.160181,2.395407,0.208157,-0.743959,-1.015928,-2.735001,3.390476,2.664946,-2.156809,-5.225625,1
1.083941,4.290075,5.721367,-6.852729,-1.707693,-1.039991,3.308020,-3.320217,0.723738,2.185801,-1.463757,-2.523643,-5.623103,2.320105,4.713772,3.071619,0.577229,4.463148,9.412271,6.357403,-0.236338,3.522020,7.172047,0.444881,1.573393,9.575802,0.314407,-1.221277,2.380411,-2.929214,1
10.018173,-0.200544,5.631262,2.598789,-2.440268,5.610455,6.070751,-4.682526,4.677200,2.271292,-3.995505,2.228024,-3.498121,-5.855862,-2.731661,-2.412016,-2.164549,3.438259,3.138287,-0.509790,2.180223,-2.475344,1.525394,-2.752983,-2.177446,5.597807,2.653557,-5.622171,3.501154,2.089109,1
2.496284,1.570490,6.416437,2.832727,4.193005,9.570240,1.850801,1.282282,0.617630,2.617985,-0.144960,-2.312414,3.081835,-3.660287,4.804401,3.654634,-0.732874,9.903320,-2.848406,-1.998388,-5.735518,2.885820,9.013990,-0.765982,0.647455,1.824902,-1.424255,-5.920862,-5.468284,-2.135653,1
-6.004601,0.517183,0.976219,4.332727,0.941059,-3.875130,0.378307,0.287930,6.390255,2.536509,2.747112,-6.348208,3.291946,-2.017086,-6.295645,-1.306231,2.124195,2.822235,5.605898,7.533649,3.810862,-0.429901,6.574728,-1.150774,7.040646,1.143108,2.108984,-0.982899,0.203375,-0.118240,1
-6.089455,6.071484,3.976906,0.837389,-1.380917,-2.436939,1.213449,5.546902,0.773308,2.452126,-1.486008,-0.010075,1.200724,2.673479,0.361801,2.288887,3.111731,4.091549,0.501854,-2.320465,-4.671683,1.968470,-0.360374,-0.086788,-4.180544,8.989311,5.161957,-0.454588,5.263298,0.819439,1
1.591291,-0.563440,-4.814555,0.835939,4.417078,1.503071,5.373449,-0.566748,5.743898,-1.730581,-3.009983,-1.928375,1.244503,7.346725,-7.623959,7.128351,-0.511221,-2.070013,8.135044,-4.172331,10.290636,-2.498514,6.173594,2.996487,2.754267,-2.612026,5.242155,3.128033,-0.564337,-3.434471,1
4.038202,2.529104,1.614447,2.443010,6.056644,-0.089077,6.760515,5.912458,-4.047402,0.664261,3.470629,6.870045,-3.296389,1.937212,1.409771,5.824600,-2.651024,-0.058969,4.118925,0.606995,-4.485177,2.408646,-3.148550,9.443174,0.192129,-8.626713,3.781204,-4.371724,2.569698,2.097038,1
6.106781,-0.225975,6.476271,7.488317,7.423710,6.700054,2.433800,-0.278229,-1.817554,5.800287,1.879017,-3.757205,3.592997,2.076078,-0.079916,0.475761,1.914377,-1.793201,-1.901278,2.325266,-2.844355,1.189928,0.672932,-0.150318,-0.379986,0.098297,-2.521656,-7.098006,-3.532396,-0.679779,1
4.630596,4.205791,7.794060,-2.038940,-0.948898,2.923321,-4.670401,4.797234,-2.997463,4.401060,-0.440344,-3.701757,2.614498,-5.245261,0.453114,-3.313307,-0.857433,-1.667139,-6.047026,3.912428,-2.085400,-0.491013,3.861658,7.712788,13.316029,-0.128614,-3.593681,3.265335,-4.667907,-0.793907,1
-0.488636,-1.179375,-1.885805,-0.155840,1.932096,1.577303,4.947042,6.157701,-1.275253,3.491259,-4.535111,-10.103165,1.419224,-4.558148,-6.737747,-9.749217,-2.441322,-6.764733,9.449615,2.648668,2.112570,3.048759,0.473433,8.077528,-6.924752,3.702465,-6.909798,0.024986,-1.911907,1.418592,1
2.949682,-2.294233,-10.085312,2.051104,-2.454838,2.136150,-0.495386,-6.061171,2.182993,-2.908297,-4.059514,-2.646833,2.981073,-0.803795,2.123980,9.012690,7.539749,5.406790,4.405142,6.745832,3.608671,-11.425332,0.185091,0.166338,-4.984609,0.769407,11.398657,-3.293732,3.454067,1.846926,1
4.222170,6.036102,0.891230,4.734476,-5.942979,2.232407,9.595440,-6.080957,-1.941467,-2.804785,3.339447,-6.430555,-0.600273,10.959698,3.073742,1.301203,1.071939,-1.943506,-0.474909,-4.806723,-2.362278,7.098392,-0.361319,4.083593,-1.145607,-1.364830,-1.699827,-1.175167,6.799061,3.342142,1
5.747692,-0.275675,6.145416,4.214375,3.985069,0.427879,-3.051855,6.705013,4.170593,5.217247,0.560795,3.231047,-0.188349,3.165022,2.772121,-0.980934,-1.241663,2.441727,-1.835348,-4.995955,5.956123,-0.378696,0.658989,4.022358,-6.240254,7.067303,-0.195175,4.237438,2.605719,7.923977,1
7.240862,4.180933,4.450562,12.359150,-1.658850,9.623535,1.157021,-1.182957,-2.104261,1.192289,-0.814133,6.510954,7.346811,-1.756910,-3.112795,2.213137,3.472229,3.492756,10.027493,-7.144368,-1.792976,-8.417405,-3.245604,5.066410,-2.719212,1.724873,-0.017641,-7.208841,5.417534,-1.130762,1
3.967766,-3.049795,-3.295944,-2.545675,1.059885,-3.769325,6.110712,2.459383,4.265268,-1.790730,-5.090340,1.033939,6.848917,0.989473,-2.077108,4.135122,-5.967786,4.043259,0.985044,1.424822,-1.265123,9.781544,-2.503668,5.762548,3.345016,-0.387972,0.904434,1.706436,-3.511810,-3.310406,1
-2.871908,0.323114,0.756104,1.482841,1.522713,-2.252861,3.528980,2.667240,3.600180,2.520006,-7.294014,-4.823879,-0.549685,-7.604901,2.905590,0.990015,-1.468691,-2.259441,-1.428566,4.058884,-4.130093,1.576395,-0.801834,9.377005,-3.077595,-5.180525,-0.759964,-2.869709,-9.986004,4.473400,1
-1.052971,0.494343,-1.992790,7.184624,3.836693,3.501696,3.379938,-4.345890,-0.685114,-0.922831,0.331951,-0.697939,1.380949,7.116634,1.350065,-0.218414,-1.483341,-1.992401,3.612816,4.278624,-0.445364,-6.213674,2.601713,5.420429,-1.699739,-3.464144,-0.264416,2.789337,-4.601293,3.890305,1
-5.183265,3.873716,5.531981,-2.289293,-8.070292,-2.207718,1.446646,-0.599770,-3.731048,-1.728275,-2.675140,0.917162,0.796890,4.677986,4.711874,6.842089,-6.057376,8.468735,1.454935,-0.730297,-6.627335,-0.034445,-1.812731,-8.750935,0.816105,-2.832428,-3.348644,1.712351,4.190760,3.813704,1
-0.797091,-3.390787,1.729033,2.328827,0.829912,7.949080,-0.713177,3.615711,-2.148945,-1.326302,14.261974,1.403988,2.127520,1.309477,3.380465,-0.496023,4.658852,0.940166,2.935421,-3.330751,3.624050,-0.123829,4.268715,-4.807905,1.942286,-4.133291,-2.599157,0.144217,6.372391,1.749920,1
-1.917398,2.106106,-4.844699,-5.051769,3.776144,3.204899,1.051750,1.409445,2.624607,-1.498791,-3.971049,-3.279089,3.916784,3.229856,3.725883,-9.149123,-5.253897,0.242168,5.207911,-0.800165,5.458376,-0.072308,0.607855,2.181171,5.142317,-1.434048,7.019798,-0.729986,7.151724,-2.046022,1
3.714832,-1.603355,0.719559,3.152178,4.308144,1.662542,1.952202,-4.643397,-0.415287,0.221790,-3.238667,-4.269849,0.619541,5.038525,-0.841259,-1.575964,-2.250271,12.722988,-1.885227,6.236568,-2.631018,2.007666,1.002649,2.938734,-0.088415,5.543367,2.209356,-0.851055,5.015514,3.528053,1
3.208147,2.393147,1.973469,-3.561913,-0.862709,-1.672152,-0.131935,-1.099674,4.327227,5.934040,6.435196,-0.403191,0.474215,-0.977844,6.770117,7.988039,-1.466297,7.633160,3.030005,6.949900,-1.096895,4.430124,3.495173,-8.914531,-2.344469,-0.042059,-5.232536,0.348911,-1.454407,5.188282,1
-2.308550,-1.411955,6.597061,-4.736388,2.260080,-1.466715,-1.016792,2.806818,8.739931,2.099751,-2.936310,6.514509,-1.021753,-2.293318,4.530697,-7.604036,4.861137,1.871412,-0.384554,-5.142144,9.909348,0.944279,0.017128,-0.504683,12.292761,-9.189675,-3.128464,-5.799749,-4.894539,5.625174,1
-0.280243,7.053526,1.811573,-3.138424,-4.743619,-2.997463,5.106476,-1.208361,3.481443,4.377033,5.478323,2.441881,2.490332,-1.663969,-1.642895,4.699291,-3.202791,4.217062,8.587305,5.979912,7.197641,-3.412279,-5.347570,7.267036,1.942709,-3.530214,-4.778606,4.261621,5.779156,-0.825958,1
1.387697,3.325211,-1.571690,1.801981,-3.460749,0.437622,-5.945551,2.658285,4.499123,4.363739,2.196497,0.054041,1.328884,-9.564574,0.230566,3.433582,0.011942,0.113522,-2.277197,-1.224716,2.203512,1.994717,2.645117,1.811064,-1.317066,-2.162888,0.450718,-2.560160,1.460459,-1.880709,1
1.446024,-6.049653,-0.012806,2.950533,5.399723,-4.740180,5.037758,-3.373810,4.192518,-0.476824,-2.868624,-5.582877,0.279543,-5.095369,10.602579,4.138056,3.689062,-3.759757,0.278753,3.280998,-0.887423,0.414909,0.357512,-2.818066,2.274906,3.760868,-1.896053,3.243292,0.819983,3.085485,1
6.570362,-0.283972,-6.218418,4.084606,7.364519,-5.842705,2.854624,4.268305,3.829815,-3.149128,3.020672,-0.679081,-2.773342,2.006069,0.977699,3.021410,-6.549384,-0.244390,6.080343,4.645172,3.584658,7.900774,-6.066288,6.564575,5.677492,0.030111,2.647018,10.027355,-1.327494,-2.865282,1
0.011581,-4.921618,-1.237186,8.313269,0.548397,5.414461,3.046700,4.166389,0.268438,4.883593,-1.995314,0.770731,3.536892,-2.793318,-3.376537,4.140839,-0.354397,3.831135,2.220608,4.705309,0.717932,-2.743629,9.820318,0.982620,1.942713,1.189938,-4.349131,6.672472,3.584202,-1.361237,1
-3.387550,10.150219,-2.485361,9.249050,4.802515,-6.817758,-0.912680,-1.943417,-7.435358,-1.723921,1.066244,2.517796,0.794922,3.111837,5.598421,1.648190,1.468048,6.437056,-6.187880,1.047911,1.320669,7.765379,0.879818,-4.653187,1.150143,4.403461,1.235537,-3.541771,-0.850838,5.336563,1
3.739134,4.657806,1.257500,0.134468,2.914970,3.198748,-3.226944,0.069006,-1.899378,3.788866,0.166937,7.702946,-7.753463,4.551203,-4.203861,-5.145018,-2.609512,-3.113485,-0.186100,-3.520309,1.273075,6.552214,6.966295,2.551895,3.023596,10.365561,4.331894,7.920847,0.545782,3.508039,1
1.047867,-2.704321,0.115406,8.364637,-0.856861,-2.009041,-4.843307,8.921791,4.697826,-2.035007,-7.204226,3.836273,-8.758028,1.603970,-0.045828,-3.661101,-2.726128,-1.308441,-1.641502,3.359993,5.441040,-1.012606,-0.287966,-0.649836,1.943291,2.120436,0.116987,4.235979,0.646345,0.116177,1
-1.244038,-0.838444,0.702044,-3.784570,-1.343683,-0.742363,0.559231,-1.375862,3.778358,-4.405752,0.882500,-2.451012,-0.785883,1.501854,4.524069,0.919542,1.292839,-2.062504,1.879309,4.880556,2.355537,-0.174236,-0.587473,7.476419,-6.222152,-1.423967,-0.412233,-5.960772,7.552502,2.787155,1
-1.754330,-1.645107,6.046173,-8.027376,2.135813,1.250139,-3.566141,1.735723,2.253181,2.772394,-3.552036,8.020639,-5.915192,-3.947972,-0.925949,3.636520,0.710073,-2.625349,-0.101685,5.593460,1.107996,7.819868,-1.037022,-2.390379,8.451378,0.483675,7.186485,2.993876,6.627222,-6.656158,1
2.664957,8.117226,2.130909,0.671688,-8.592780,-5.005707,-0.256401,3.850931,1.689632,10.567318,1.397734,4.199457,6.070768,-1.378952,-1.965738,-0.002340,3.207117,4.493982,-0.407864,-5.123162,-8.646030,-0.990648,3.660315,-2.181307,2.347376,-1.650431,8.476522,-2.209311,7.519440,6.239038,1
1.822775,1.355629,1.602427,-4.523562,-1.070150,8.612997,2.179352,6.761639,0.175095,3.162985,-4.585819,3.461946,-0.285923,-0.993452,-5.279425,5.604349,1.395973,-3.489819,6.997953,-3.814183,-2.275227,0.646679,12.653957,3.162357,3.359230,-1.941366,2.282650,2.318323,1.595274,-1.243006,1
-3.690159,0.875330,-7.695949,-1.319822,0.333012,-2.773962,-0.965202,-0.025457,-12.240547,4.575344,9.688381,8.923765,1.650608,-5.090843,2.394545,3.224058,-0.149628,3.787575,5.143005,4.727354,-8.514964,4.627026,5.578047,-0.825581,1.483782,-2.798878,5.632633,-0.198605,2.691105,-0.051710,1
0.975174,1.150465,-3.458300,-1.033026,-1.018906,1.355919,-2.462870,-4.359314,-0.701031,-6.906320,-2.748909,1.388618,-9.403392,-7.588593,-4.929973,-6.097769,-2.096817,1.846994,2.602503,-3.379980,2.540478,-7.607491,7.693945,-5.018131,2.386108,-1.203705,-4.492484,0.123957,0.214970,-2.715389,1
2.696892,-0.626755,5.918451,-6.254774,7.652206,-3.926435,1.085135,-0.391026,2.850100,-1.760645,0.082949,0.122356,3.574585,6.968700,6.011284,-3.868485,9.539827,5.308407,-0.755419,0.066048,-1.744869,1.414755,6.720842,-3.180311,2.491474,7.721924,4.068127,6.762548,-4.920110,-1.012400,1
-7.415823,3.344477,-2.028437,-1.525373,2.291204,2.573004,1.555155,6.288166,4.664688,-5.132072,1.836082,0.383375,1.734392,0.188774,6.405687,-0.039686,2.606674,5.529684,2.441380,5.155029,-5.841733,3.146948,3.241285,3.849613,4.793447,-10.401416,-2.240189,1.059095,4.692080,0.436535,1
0.478182,0.001223,1.158171,2.209927,1.478668,1.029646,-0.608027,-0.517370,-0.213364,-0.153347,6.257175,-3.852929,-1.252792,6.372326,6.242430,-1.044962,9.276945,2.213188,0.444687,0.051586,3.144640,1.240789,3.427988,5.374651,8.794491,1.398373,-0.356829,-1.618200,-3.943686,-1.184847,1
-3.095549,-2.932602,-2.550362,5.731062,9.575281,1.380880,3.222166,7.504684,-3.467257,0.007635,3.434334,-1.632277,4.529837,-3.731495,-1.164352,11.070562,6.545149,-5.035557,3.386127,-1.344484,5.287252,3.977604,2.515772,-4.717088,-2.883507,0.200953,4.492754,-0.352823,-1.011187,-4.271766,1
5.859848,5.839760,4.466948,7.076672,-0.515247,-6.568310,2.953497,1.658449,0.817240,-2.819845,4.948711,-2.134155,2.526970,-3.117701,-3.701617,1.234898,-4.497540,2.632895,-5.240228,2.900396,1.006630,-5.780922,-0.950397,2.147964,-0.084536,-4.792739,-1.127821,5.440701,-0.680084,-1.519306,1
2.473709,0.953054,-0.608685,0.244301,0.278589,-3.005249,0.697504,0.984917,-5.579058,-4.191599,-1.770557,0.373764,-2.730017,-3.823683,-1.816011,2.753677,-3.061970,-6.390387,1.529018,2.796059,13.241959,1.227512,8.255846,-5.913357,1.711082,-4.340332,2.911448,0.921871,-0.775877,0.974596,1
-2.334980,0.156065,2.772610,5.930092,0.165474,-7.895131,5.853683,5.360792,3.943369,-0.704123,1.753040,6.073427,0.550482,-0.747774,4.331575,-0.525173,5.002848,-2.069296,3.189598,-2.949743,10.136730,-6.284698,-5.177517,1.097437,-3.724453,-3.175961,9.255102,3.169571,2.750294,0.505846,1
4.063791,-2.055256,2.746284,4.459192,2.900047,-1.086508,0.345793,0.096426,0.390095,-0.261135,1.576456,3.782818,-3.592819,6.778877,-1.280849,-3.442377,-1.282501,-6.611689,3.658520,-0.375580,-1.298828,-0.182411,2.702850,6.107656,0.650682,2.643251,9.120890,2.731436,9.991060,1.636658,1
-2.291655,-1.251369,0.407143,-0.640453,9.885569,0.488218,2.820938,2.090651,9.293554,-3.311102,2.822720,8.603477,1.221556,8.482821,-2.557915,9.601818,2.393280,-4.517549,1.107948,1.806236,-4.782447,-3.966764,-4.994762,0.684196,4.867401,2.108070,1.794262,7.517105,1.521067,-1.825476,1
-6.465235,-1.469501,-1.274847,6.752344,5.194593,-1.929203,1.748682,-4.023026,3.233984,0.030811,0.448057,-1.744080,2.016642,5.339243,-1.509554,2.322643,6.209925,2.879051,-2.868631,-0.762825,5.130203,6.897404,1.886395,-3.029444,1.422735,-6.506389,2.757435,3.623663,5.996098,0.675663,1
0.434900,-5.039763,5.914999,1.609276,4.327810,1.725336,3.880823,2.570646,1.592140,0.244884,4.471815,2.158915,-6.778541,5.540628,-1.449095,2.062872,3.287085,9.621675,6.216587,0.844748,7.228977,7.676733,8.034178,6.949474,0.260609,1.229630,-5.657280,10.460245,8.366205,-8.107255,1
4.087147,-1.503452,2.553097,3.422775,1.582514,0.074459,6.641214,-1.126472,-5.259650,0.493813,1.724970,0.545630,9.095644,3.787493,3.886909,-4.349072,-2.179230,4.756172,-3.239204,-5.959464,1.162735,-5.068224,-5.447680,4.746038,-0.655834,4.747818,4.830397,-5.309336,4.745144,4.140862,1
0.903965,1.554928,-0.642170,-2.373287,5.777554,-4.104522,1.809692,4.882591,4.731712,3.344770,7.617479,1.738287,4.125650,2.742355,5.578016,-5.485251,-3.611729,0.285040,-0.426811,-6.939235,-1.235382,-0.119720,5.896116,3.984331,3.218170,4.845861,3.927929,6.702126,-2.594347,2.750835,1
-0.106836,3.183281,1.776941,0.755775,-3.885650,6.192900,-5.690382,-0.405300,-6.027370,2.915133,8.436800,0.681986,11.608660,-9.287375,-2.663239,5.395988,4.991793,2.615549,0.740690,-3.279772,0.527424,0.549820,-4.351483,-3.108759,0.413342,-1.313499,-0.028969,5.202431,-0.119312,12.092611,1
-0.981760,-2.653122,-3.153955,-4.982882,4.173700,2.675617,-2.422729,6.651304,-3.595281,3.194414,-3.347626,5.449038,-3.217932,1.614574,0.247654,-7.126469,-2.961039,2.912199,2.224535,3.474991,-2.802498,0.621939,3.450371,1.481316,6.166323,2.561369,-1.502304,-1.950544,6.324257,-2.874159,1
-1.671101,-0.246840,6.311293,2.710434,4.558289,7.039400,3.802563,1.857294,5.221281,-0.842566,-4.299996,-3.549237,-2.146383,6.140326,1.878550,0.132492,1.442186,8.230556,-4.373075,2.481632,-1.842382,4.606279,6.948618,4.431812,3.525602,6.410028,-2.580442,0.290722,3.449980,2.745584,1
0.070639,-1.211596,3.173601,-1.817926,1.726061,-2.014139,1.512043,3.134020,7.032631,5.292986,-6.356542,3.312429,2.099318,5.142799,4.266226,2.962591,-2.692791,-1.962732,-1.599991,9.440947,-6.676098,5.511616,7.742773,2.643862,-1.208204,1.268309,6.253922,-2.544781,7.101746,2.244411,1
1.385731,-0.158611,2.347738,-3.099859,2.703114,0.217955,-2.709257,-8.179107,-0.994955,6.459339,9.479649,2.586136,-1.859238,4.428270,3.525942,-0.375601,0.359507,-4.377032,-2.022696,4.108128,-1.012390,8.259720,1.925661,2.472025,-1.504259,-0.140251,10.010828,-3.595764,3.121595,1.971941,1
5.880148,-6.264299,2.581146,1.647175,3.256887,-5.948730,2.800177,1.735674,-11.458374,-6.003760,1.292063,6.763084,8.112373,-0.059294,-5.463564,5.256807,5.219131,4.207762,1.669880,-5.979803,-2.476410,-0.367369,7.343477,3.871494,7.489996,2.779427,-1.764637,-0.173607,6.328182,-2.515085,1
12.735764,2.517933,2.487078,0.063000,5.218880,-2.526020,-1.816303,2.664972,-0.843954,1.441687,-7.027116,8.036404,3.310505,7.958433,7.567709,3.327126,9.031088,2.716928,3.371181,-0.091278,2.406481,2.675795,7.076897,-2.734743,1.401962,-1.557449,-5.083431,-2.769541,3.813339,-5.358734,1
10.550526,-8.546278,-5.166110,0.306242,2.444878,-3.735883,4.135174,3.033781,4.026861,0.939123,6.801653,-0.799608,-2.313454,-0.500669,1.933027,-3.206070,3.124409,-4.842397,6.506908,6.228807,-0.828218,0.457262,-0.617336,0.166399,1.501606,3.727278,-0.618385,6.967709,1.532280,-1.482094,1
-0.322613,1.379705,-1.143030,-3.521273,-3.785255,0.511477,-3.102751,-3.016411,1.985754,-2.877008,4.169516,0.103630,0.613604,3.525768,2.230474,-7.284322,-0.537741,3.638180,3.480700,2.700575,4.371271,4.694580,-5.962195,-2.619719,4.656689,1.145388,1.524794,-2.370647,0.598398,1.579575,1
-3.485973,-0.817801,5.910618,5.198055,-5.658100,1.086353,-5.693871,1.189047,0.791641,8.734018,1.892879,1.207296,6.547235,3.615171,0.362259,-2.801220,-6.708289,8.869411,4.527508,-3.038296,3.818882,-1.560513,2.909121,-0.841528,5.510798,2.537174,-4.139752,0.547346,8.126276,-1.832090,1
2.244768,-3.548553,-2.408003,4.528999,2.098454,3.959885,-4.079440,4.062340,-0.767071,6.780691,1.723572,-1.962032,2.880266,2.960728,-4.188219,-1.466883,11.203291,-5.129178,-1.355337,-0.263420,4.205450,6.224846,10.075558,-1.282839,3.031208,5.908655,-1.987474,2.619907,-5.747136,-5.127310,1
-1.312679,9.498180,1.384556,-4.581017,0.060118,0.692904,6.175894,1.258204,-2.001741,-2.196280,1.619709,5.818855,-4.089207,4.753584,-1.621708,2.080399,5.293303,2.974155,-0.918882,-3.107944,-3.194059,-4.927151,0.269047,-1.023396,0.811981,3.548307,3.767817,7.743719,0.898024,1.474468,1
9.008356,4.137383,0.390987,6.869661,3.304909,-8.771475,5.141359,1.408358,5.953377,3.615469,-2.469671,7.205563,9.202562,8.825480,3.017395,-1.007267,-9.478392,0.402067,-0.499163,-0.497770,7.478893,-2.462782,0.702415,-1.652594,2.556677,-5.658340,1.160679,2.825619,7.269484,-1.359118,1
1.922796,-0.475086,-3.873729,1.039997,0.701406,-1.101564,-0.149235,3.812557,5.691498,5.851482,-3.397091,5.513308,0.523743,5.604349,-3.453657,6.892086,-1.538324,7.222654,1.234905,2.929665,-5.038296,-8.278605,-0.492411,7.604437,5.781517,4.463741,-5.108545,-1.419333,1.110704,-1.063675,1
3.102871,-2.743721,5.839888,4.509842,-0.063751,-7.525256,-2.541105,2.285362,1.871494,7.348484,-0.250896,0.984968,5.273174,-5.227122,3.869450,-0.025311,-2.108971,0.050404,5.503954,8.565477,-6.095973,0.543737,-7.037146,-5.633923,-1.101974,-2.523134,-2.897816,1.550880,0.527813,0.908604,1
2.620853,0.258207,-2.135618,-0.054699,2.989130,-9.789581,-5.128341,-1.740387,-5.890506,2.078121,10.957584,5.379736,2.350981,3.456907,4.035543,2.075268,-3.907830,-0.491932,-1.730816,-2.185888,1.171232,2.959484,-5.517942,1.238619,2.775608,-3.519194,1.827082,3.381237,-1.085258,-3.522133,1
1.803635,3.626785,8.904667,-2.638929,2.819927,-1.042465,7.726828,3.246416,-0.886372,-0.712877,1.789980,-2.995581,2.325705,-2.028681,-0.828848,6.800598,-2.722281,4.345810,3.190577,4.387394,3.766972,1.339138,3.396690,0.703810,5.230038,4.147409,0.207119,5.878262,2.787212,-6.969644,1
1.699003,2.364050,-0.886072,3.535048,-1.213881,-3.478905,1.232031,-1.985264,0.545208,4.954920,1.276527,8.233801,-2.476570,10.205429,4.625441,3.447382,-4.689642,-1.005289,5.575525,1.583956,-4.417128,1.079826,5.326653,3.702436,-1.174252,-7.348299,5.419247,5.559614,0.868238,1.500257,1
0.320627,-0.330467,6.366079,5.735037,5.770853,-1.921539,-4.577116,-2.924891,-1.490726,5.490953,-5.558880,1.961567,6.154316,-2.192465,4.908012,7.225613,2.943268,8.181208,6.325445,-3.775998,6.967140,6.594734,1.639191,-0.405291,-2.301727,3.480091,-9.715082,8.063107,7.205236,-0.063076,1
9.304733,-1.964678,-2.477041,-0.335861,-2.340729,4.201984,4.430996,-4.066207,10.178099,11.873844,-3.290455,6.158407,2.013969,9.630865,5.392469,6.308395,5.649900,6.010197,-3.695336,-3.439219,3.750509,6.236507,4.812613,3.750616,0.119368,4.091982,5.016922,9.997633,4.535591,-4.237124,1
2.518442,2.152822,-10.737027,-1.923660,5.962572,3.653221,1.884537,1.625505,1.249895,-0.853088,3.804222,5.114275,-2.086004,2.490234,-2.616707,1.042410,-1.904652,-6.256940,4.826258,0.625378,-7.269754,3.086346,8.190754,-0.974760,-0.649008,2.138819,-2.192818,-0.161423,1.272373,-2.150465,1
5.294294,1.351105,3.289911,-3.804008,1.442801,-4.435400,2.407316,2.433310,-1.080332,-1.771576,-0.516867,-5.641992,1.089554,1.084320,4.855278,7.235098,1.011555,-0.213610,2.059980,-0.823006,-1.034298,3.276436,4.332521,-0.500988,-1.684490,1.255980,1.225790,3.581272,-4.843895,-3.103350,1
-2.731365,-0.326622,-1.788126,1.019733,-3.051115,3.440416,3.618141,-1.843586,2.569542,-0.546055,6.403713,-1.937057,0.249746,2.513317,8.555298,3.931774,5.465391,7.255020,1.620090,6.976910,-1.729818,6.847984,8.261448,6.284550,-5.171891,-2.682327,0.864113,3.099842,4.759470,0.703789,1
1.553349,2.323399,0.311148,-0.571148,3.251951,6.556107,5.474310,2.654160,0.114014,6.410788,3.772148,-4.123110,-3.097904,3.135988,5.439840,2.674458,-1.415823,-1.133059,-2.992876,0.365509,3.659502,-1.702019,1.343662,11.301645,-2.899776,-1.171417,6.086451,1.841173,-4.639612,-4.092545,1
6.686451,3.251259,7.922491,-4.876724,-0.709042,-1.764488,1.151375,-4.712409,-10.270695,6.284430,2.585369,1.751585,-0.128410,-6.230954,1.978773,-6.663115,7.493349,7.338871,2.785177,-2.613491,-5.314264,-1.456394,3.068287,0.531521,-1.075626,2.581772,-2.647100,2.751261,0.779228,2.078512,1
0.845354,6.918148,4.999657,-0.004295,3.996578,-4.332702,-2.230078,-0.341940,-2.661860,-1.049665,-0.160965,4.338779,-4.545499,2.049936,-0.035131,-0.095442,7.018488,1.320986,1.579077,0.859623,-7.976709,4.208122,1.683619,4.952271,-0.922152,3.730062,-0.154314,4.641966,-7.868389,3.572523,1
-6.075172,-2.704679,5.210594,-1.363029,1.676174,-1.552759,-4.783261,4.177885,0.788382,1.032869,-2.572695,-1.159163,2.598259,2.120192,3.739262,-5.357827,2.829891,1.283445,3.981277,4.501976,5.905506,11.585825,0.509033,1.266701,1.455406,1.495234,-1.562954,-5.493041,5.199169,-6.797591,1
-1.341492,-2.137547,2.566156,-1.126841,-1.336596,-0.072531,-7.146260,5.227476,-0.444954,4.259005,7.284742,0.153543,2.348541,0.361732,2.672392,-1.595663,-4.118905,6.371910,-4.282517,-0.825586,4.582848,1.602312,-3.595588,-0.523933,-0.994911,0.069826,-7.858069,5.719568,0.360332,-1.134192,1
-3.963181,2.137194,-1.391026,-1.898968,1.837420,1.847401,3.604147,0.647125,7.777552,1.911720,2.915129,-4.327897,7.674774,-0.827530,-2.361837,3.332598,-1.914753,-0.104221,2.739103,1.250420,2.564491,1.402193,-0.271315,-2.021242,-5.964300,-0.597757,1.561979,2.363127,-1.683363,0.591715,1
-5.109995,-0.486927,-0.560560,3.880936,-0.775160,5.266348,4.323179,-0.014811,-2.582161,1.110558,1.632599,-0.227631,-5.205573,0.575119,1.583895,-5.116538,5.644697,2.509529,7.225235,4.924458,-5.197147,-1.860704,-1.191353,9.608177,2.720787,3.805433,-3.010925,-0.748558,3.201536,2.127520,1
-0.457188,-0.068041,0.831339,3.323046,0.961428,-4.838511,0.204645,1.593851,-0.993822,0.793318,-7.420327,7.767406,9.128517,-0.138685,7.031490,-3.500677,4.672047,-2.988396,-5.925687,2.607721,4.664202,-2.957884,-3.988765,1.159008,-2.597813,11.973883,-6.185493,0.893396,3.196428,5.843363,1
8.307737,7.945230,-0.565411,3.520660,3.671787,-3.455278,0.991093,5.506891,0.272736,2.123093,-4.367732,5.969517,0.167646,-3.979273,-2.834230,1.081490,6.599730,1.128000,-7.288312,4.032230,-7.116218,-1.421635,-0.840750,-5.262006,6.655724,-2.376877,6.054552,2.168528,2.370012,3.180880,1
6.675123,-0.162811,-4.802888,9.629768,0.741175,-0.960701,5.897877,-0.843880,4.821501,2.223940,-5.123102,-7.725787,-3.096846,4.400965,10.835428,0.707653,-0.139393,-2.746889,3.057621,-0.470943,1.150534,-6.619316,-0.793253,1.160109,-1.649096,8.857780,4.856415,-3.094681,-2.880199,7.019714,1
-5.574428,-0.420837,0.523754,2.097738,-4.764578,-2.278635,-9.852933,-2.878496,-0.108850,-3.378954,2.276119,2.431423,11.153952,1.494337,-3.554151,4.466253,1.060558,6.003946,-0.053793,10.845676,-2.752920,4.032236,2.337055,-6.947250,1.887386,-0.862173,-8.156138,2.856243,9.164135,0.185890,1
2.463032,-3.028067,-5.551299,4.766409,3.591719,-0.092281,-4.083462,0.363436,5.518457,3.885540,-1.138378,-3.280302,0.223240,0.705408,-4.448775,-0.680033,2.478868,0.001629,-4.010344,-0.464872,4.240311,7.524376,5.062481,-0.338230,3.236874,3.155693,-2.134178,1.438433,1.164694,1.727068,1
-0.919868,-3.106350,-1.119251,-4.545832,-1.227741,-0.126436,0.272020,-1.376015,1.319643,13.223362,2.756416,7.982594,7.757742,-4.921659,0.300932,8.262663,4.752487,-1.655685,-5.936486,-2.442616,2.997587,6.414553,1.106194,5.268694,-2.599051,4.418482,4.243422,-1.354736,4.751860,0.125656,1
-2.508854,-0.704115,-1.470041,-2.722895,0.558319,2.936426,5.272455,4.924570,8.904247,4.428040,0.125534,12.804573,2.581717,-3.847158,5.699606,-2.323771,8.022917,-7.060355,-4.393947,-1.132080,1.615009,2.462730,-0.936132,12.333525,-7.142754,-1.484875,-2.839319,2.638195,-2.239553,-0.712347,1
-2.145826,0.536945,4.278734,1.104559,1.697374,4.721886,-0.236752,-5.943520,3.352791,0.016581,3.162485,-6.100700,5.191271,-1.991011,0.792646,-4.911055,0.020746,1.166054,1.711027,-0.329268,5.978827,2.360044,6.261330,5.980940,-3.860723,1.558458,-0.109301,-1.173243,1.112852,8.469767,1
-1.971588,-6.411727,-3.710918,0.306675,-0.783419,-2.723928,-4.104429,-0.746143,2.810997,-1.766211,-9.204180,-7.803034,-0.111326,-7.386577,-4.396441,-2.773960,2.111969,2.137667,-3.918642,0.831245,-1.240089,3.252747,-2.928003,-6.669801,4.347158,-1.241713,0.922506,-0.600231,2.966782,1.324089,0
-2.284996,-4.383204,-1.327061,-0.986513,-3.598864,-12.130137,-3.897791,-6.179710,3.526070,6.397093,6.223701,-4.269945,-6.163818,-6.285164,0.027246,3.719120,5.857826,-2.832048,-0.665485,3.338043,8.991997,-3.149998,-0.189398,4.749853,2.847054,-0.229259,1.333660,-5.715714,-4.538191,-5.345697,0
-0.566118,2.084787,6.061607,0.950613,-2.954622,-3.957926,7.597441,-7.975665,-11.008290,0.724455,5.209599,-0.099173,-4.274593,-0.161894,1.593075,-4.919319,-6.609382,0.377848,-4.547955,-10.630032,-1.506718,-5.936010,5.572981,-1.082962,-0.397800,-0.578611,-3.148634,-5.056240,-1.094975,8.995806,0
4.049734,-0.465300,-6.441995,-3.141542,-6.332158,5.779591,3.884285,1.781023,4.905687,-7.306456,-6.362992,-0.508625,-1.222178,9.580606,1.900082,1.829960,2.208048,-0.942318,-7.447264,0.566576,0.549047,2.771145,-2.455141,-1.569633,3.403337,-6.076745,-3.305403,-9.168870,0.088930,3.287724,0
-6.108206,1.314411,8.559505,-1.489388,0.258322,-0.506407,1.315001,-4.643353,-0.205187,-1.075920,1.943943,3.670992,-2.769766,1.302277,-6.501801,-2.997612,-2.106920,-8.922216,-5.947080,-11.178329,-8.649968,-0.075359,3.008772,7.057077,-5.599121,-3.757250,5.311653,-6.384044,2.460218,-3.693563,0
0.796963,2.970209,7.299557,-6.195711,2.234478,-2.883636,2.606335,-3.376591,-3.291851,5.271851,0.224621,-1.157608,-5.280300,3.809441,-5.414570,0.579025,-5.981411,-1.779390,2.047298,-0.898205,-2.017893,2.316910,-3.699482,-9.563905,3.563444,-3.435818,-3.127825,4.204523,-6.444798,2.823462,0
-0.713360,-7.458622,0.684528,-4.754551,-6.892921,2.135920,2.544821,4.246033,-1.186527,-9.065221,-3.236120,-6.303635,-2.031870,0.957695,0.753239,-5.597341,-6.891987,-5.807443,-3.843561,-7.236081,-1.902458,2.441969,-6.032060,-2.727049,1.779226,5.977678,-1.013664,0.158295,2.996292,2.190788,0
5.921844,-1.105076,0.118893,-6.494387,-2.387655,6.120239,-8.687422,5.564034,0.384579,1.633631,0.919460,3.122494,-5.454422,-0.392147,2.422560,2.095255,5.644955,4.715635,-1.640888,-2.938908,-2.967955,-7.669709,-2.928452,6.437807,-5.683871,-1.419813,2.555960,-3.273045,-2.542400,-3.958317,0
3.757198,0.094156,-4.714420,1.020470,-3.710815,1.945835,4.098906,-3.932495,0.312771,-5.772673,-1.598812,-6.422425,-7.744251,-1.179138,-0.938774,-0.329216,-0.721333,-3.169535,4.087009,1.603287,-6.932763,-5.767602,-4.946812,1.418758,-0.740767,4.253670,-5.026604,-1.383183,-9.277298,-1.937069,0
-0.263762,-6.866556,-8.353623,-8.630927,0.507120,-1.173134,-7.003060,-10.361091,1.742207,0.081400,-4.677673,-4.609737,-7.037776,-4.279486,-6.860379,7.291630,-4.025007,-0.833450,-3.407156,1.940453,3.385801,8.130838,-4.556828,-6.899667,-6.295436,0.769396,-4.717478,2.426474,1.200979,-2.789095,0
2.570475,2.858042,1.295166,-8.583116,1.341599,3.196018,3.376459,-8.474370,-10.508649,1.208265,4.935925,2.431129,-0.528198,3.332306,2.429115,6.587246,4.306770,-4.771530,-2.789837,10.460770,3.569382,3.292500,-4.557123,-2.036531,-1.617476,-4.936321,7.838285,3.669592,1.575176,6.450863,0
-7.503372,0.592714,-2.280020,-1.980804,-0.419945,3.125021,-5.458042,-0.686518,-0.375042,-0.161942,-2.126165,5.169468,3.714590,-6.915870,-2.786413,3.998432,-5.210922,0.987001,0.871719,-1.594946,-6.233459,4.420033,-4.793621,-4.913874,-5.979747,-1.867693,-2.595745,-0.959032,5.835489,-0.580158,0
-5.877760,-7.034859,-4.921040,5.702286,3.972027,5.447304,2.186407,0.471058,-4.163582,0.632353,-2.242872,-10.762733,-1.916296,-2.161882,-1.774284,3.243626,-3.864838,2.820871,-2.400517,-4.450678,2.292629,-2.500477,-1.621983,2.834055,4.566896,-8.171718,-5.161087,3.462648,-1.170702,2.136341,0
-3.272367,5.605154,-4.228888,2.959396,1.624884,-2.978928,-8.110066,0.992651,2.182047,5.501139,-5.976052,-2.231291,0.474672,2.101778,-3.218321,0.868605,-0.262592,-4.639187,-6.215264,-0.495893,-0.709051,3.360758,0.167086,0.648195,-4.615463,6.018257,-1.539160,-0.582010,-2.632931,-4.371492,0
-3.760023,-0.864658,-1.473690,-3.501083,-7.428199,-6.843094,-3.510984,-0.294266,-5.474621,-7.060830,-0.069283,-1.490963,-3.184048,-5.380697,-5.686067,2.915739,-4.478378,-0.346573,1.463150,-0.888016,3.087347,-4.223145,-0.208132,-6.681292,0.184685,0.352076,-1.994631,-1.076733,4.847200,4.022949,0
0.368727,-7.214608,-3.246984,-1.328623,-1.299559,-1.306137,10.191244,7.946753,-0.702673,-6.776772,8.386787,-2.225321,-4.487864,5.694475,6.755344,-6.945935,-4.939003,-5.586228,1.376686,4.958075,0.487211,1.990829,2.145321,-2.325026,2.841995,-1.520901,-7.268747,-5.649050,2.682589,2.151056,0
0.570148,4.111441,-4.917751,-5.909365,4.342752,6.629242,-2.224810,11.611813,4.070890,-2.178276,1.620501,0.740429,3.276907,-7.423801,-6.049856,-1.689350,-3.531292,-4.324762,3.683973,-0.559845,-0.477409,2.262362,-5.087656,-4.121832,4.251369,-0.588017,1.858702,-0.620874,-7.164397,-8.703245,0
-0.495886,-3.891891,2.692457,-7.373973,8.346540,5.524263,-1.818266,-5.744535,2.784985,4.182076,-0.033688,-6.101418,3.363575,-7.260460,-1.919598,1.363531,-7.155351,7.070438,-2.799385,-3.515259,-0.295086,1.745844,1.260677,-10.853898,-6.714719,0.059277,1.995594,0.344193,-1.670574,-0.027021,0
3.588171,-4.065065,7.274952,-5.592152,-1.036963,-2.446205,-8.934791,0.378862,-0.364519,-0.260757,-2.361403,0.981930,-5.216640,2.312185,-2.688244,-1.421818,-4.347662,-0.369215,-1.831493,2.103575,2.157022,-1.980883,1.500698,-4.651155,-0.772173,-7.098732,-1.487026,8.848019,-3.172626,-3.079010,0
0.091093,-6.287575,-2.355049,1.375231,-5.357365,-4.269924,-0.321491,-7.166966,0.794750,-0.004648,-10.841189,6.048204,-14.912893,1.762861,-4.535440,-6.521005,-4.287205,-2.276255,-2.541281,-3.241764,6.290779,-7.005391,4.957548,-2.566889,-0.666618,-2.014381,3.739952,2.876938,2.255114,-3.614588,0
-2.722820,-9.277716,-6.298978,-11.121994,-3.331663,1.878832,-0.239279,-4.406548,9.447451,2.264441,3.134529,-9.529971,-5.294188,-5.014345,-3.263618,3.921947,3.078697,-4.585077,1.690779,-7.461155,-0.323298,2.550142,3.767187,2.800463,-8.109470,-4.428770,-2.445494,-0.480223,-1.648481,-3.746452,0
-4.354269,-2.960310,-3.736166,-4.969906,-0.153391,0.201555,-3.956991,-5.666366,-5.837127,-0.828117,4.348967,-0.630375,1.041945,0.058712,-1.248413,-2.283972,1.344278,-7.330983,-2.071424,0.384058,-3.699453,-10.181101,-3.998976,-4.611288,3.502775,-5.799123,2.748171,5.740461,-2.764870,-3.163845,0
-2.942678,5.908695,5.094645,-4.638365,2.925283,-0.499044,-0.487617,-0.455938,-2.996658,-0.862328,2.017141,2.884186,1.144384,-3.412575,-1.576271,-8.511744,-6.606308,-4.671423,-4.085463,-2.656301,-3.862610,-3.115063,-2.551144,-9.362103,0.514845,4.720360,2.213076,-5.979817,-6.639785,-0.839832,0
4.020872,2.933701,-5.702892,1.186934,-4.023756,-0.217485,0.085253,3.113388,-5.010599,2.543394,-8.080356,-3.171202,4.952408,2.367067,-2.653830,4.277445,-2.750076,-4.776316,-0.937721,3.175320,-3.978367,4.201132,0.624109,-7.887452,-5.996729,-6.478494,-1.755413,-1.500971,-9.035494,0.173813,0
-0.247036,-1.650082,2.805088,-10.354092,2.906704,-2.350155,-0.823009,-5.503057,3.643059,-9.754222,-2.240637,-2.776388,-1.089890,-3.241764,3.616674,0.328754,-3.448053,-2.654621,-3.960140,2.205023,-4.887840,3.954914,-2.219484,-2.289158,5.679831,-2.033407,-1.875385,4.232389,-6.695225,-2.697552,0
-1.593796,4.713301,2.369867,-2.478830,2.374407,-0.690674,-3.397003,-4.621336,5.957602,-2.500675,-6.527273,-0.187368,-1.130718,4.725197,-2.404036,-2.374073,-8.030313,-3.503250,-5.121389,-2.372885,-13.798117,-7.987617,-0.872574,-3.872005,-1.935953,6.297203,-1.486174,2.999973,3.675701,4.082785,0
-0.259317,0.342363,-2.835304,-1.089077,-3.558249,-3.304703,-3.248198,-9.053133,3.338907,0.611111,3.535967,-7.116249,-2.107521,1.585411,-0.689480,5.194830,2.547623,-4.333763,0.370371,-0.883884,-0.061762,1.861864,1.710878,-4.606140,2.540443,-6.223520,5.823877,-5.635360,-1.840261,4.081196,0
4.521683,0.558884,-7.540540,-4.047590,2.117683,-3.911163,1.108320,3.282526,-4.884619,4.072359,-1.505632,-3.728918,-3.969225,4.859377,-1.858265,-1.161577,-2.676403,-2.097839,-6.283747,3.108709,-1.467228,-6.819062,-2.814880,-0.553659,-0.745289,3.780659,-2.755981,3.062811,1.175323,1.674633,0
1.419083,-2.194845,-8.333881,-1.702211,0.199205,-5.026834,9.418726,0.512896,-1.960728,-9.078145,-6.709873,-6.211610,1.481590,-6.832496,-1.245667,-0.437248,7.071182,8.307190,0.429575,-4.869110,-3.042624,-5.065218,-0.233959,-2.598751,5.035568,-1.605177,-0.391008,0.372200,-0.783672,1.665388,0
-0.823046,-5.863559,-4.872175,2.993513,0.727537,1.786703,-4.055946,-4.104450,5.265844,-4.982306,-5.361191,11.194519,-3.593121,3.497623,-6.800629,-1.112858,-0.473734,-4.253090,2.060808,-2.684866,1.099157,-0.102077,-2.299219,1.516386,0.505457,-0.281252,-2.604115,-3.763357,2.063719,-4.872656,0
-2.768839,-1.372849,-2.287636,3.035170,1.796026,-3.740265,-5.383238,1.358461,0.591688,-3.355330,5.246851,-1.930708,-0.878181,-0.130566,-2.423105,-2.449259,-0.085442,12.818951,-0.318663,-2.270014,-4.667027,-0.879137,10.111568,-6.364494,-1.821856,-4.351580,-3.347258,4.587271,-4.118233,3.834967,0
1.959839,2.907576,2.338524,0.324669,-4.763197,-4.489681,-5.672048,-1.353802,-2.475054,0.763086,5.513882,6.751928,-3.273951,-2.715094,0.528414,-0.090500,-2.475168,-5.732461,0.201403,4.335491,-3.762087,4.572815,-0.817972,-2.927958,-6.224670,-6.306782,-1.118483,-4.359447,-2.675291,-1.523239,0
0.480034,3.502707,-6.578776,2.592834,3.707125,-0.207830,3.377768,7.308348,-1.492393,-2.249445,-0.912477,-2.037521,-7.757367,0.474079,-0.620028,1.964371,0.119289,-8.154499,-2.654016,6.450151,-4.699589,-3.288855,0.617025,-2.091970,-5.951842,5.918243,1.455191,3.954670,-4.818098,-6.520720,0
-8.971221,-4.388231,3.628775,-0.436159,4.127348,0.901070,-3.366774,-3.123482,-1.999170,0.108713,0.961445,2.243380,0.650034,-2.884617,-0.250219,-2.276398,-5.448351,5.530003,2.681360,-0.933662,1.854954,-1.256304,-4.865765,-4.443735,3.240223,2.797407,9.726309,-4.940945,-1.413158,-3.864773,0
-5.627975,-5.882699,1.017233,-7.645668,-1.743858,-3.982384,-8.659727,-1.944563,3.906691,-10.001461,-6.444799,1.385473,2.446676,4.916307,2.470814,0.109989,-8.015200,3.160015,1.577276,-4.016146,-1.425642,-6.124581,-2.280918,3.366882,0.350876,3.079397,-3.281992,5.365009,-1.802898,-1.721701,0
13.473442,-6.738236,3.208988,-0.436661,1.750742,-1.848152,-5.472622,-2.159441,0.201305,-4.447708,4.919775,2.424330,-1.280205,1.441925,-6.355445,-3.189203,-9.776146,-3.627659,1.220364,-1.303102,3.950195,-0.894264,0.287783,-3.990107,-2.661489,-4.948978,-6.768514,-1.852005,-1.727665,3.761909,0
-2.238787,-2.776747,1.572550,4.125303,-1.438047,-1.176554,0.125984,-0.478710,-2.715929,1.783781,0.791298,-3.424139,0.184410,3.879301,-1.320580,-1.711048,-3.120731,6.550108,-0.268602,1.924503,-6.329693,-9.099748,-2.983057,-2.317610,-1.131180,4.375412,0.686872,0.292452,-4.198635,11.734886,0
2.351963,1.573925,-2.086201,3.271486,-2.351978,4.530380,-5.869065,-5.285458,1.009907,6.924885,1.389751,-0.531519,-2.179045,1.540230,-2.151045,-4.266737,-3.622835,1.633759,-2.179060,1.018467,-0.441774,3.124685,4.987514,-0.839975,9.071949,6.553925,0.680374,-4.046871,-6.031966,-5.467329,0
-2.084801,-9.495540,0.222603,-3.175575,-6.737751,-2.861738,-6.806631,-3.280296,1.261736,-9.658555,1.730284,3.155289,1.513348,-2.753798,4.995945,-2.932978,-2.936562,4.060183,4.091036,1.968187,1.929459,1.645041,-4.429808,-4.112370,-3.233290,-4.682077,-0.299231,1.036987,10.921070,-3.350704,0
1.807938,-0.075258,3.508886,4.657877,4.691086,-5.463432,-0.870493,-0.164534,7.807079,-4.220993,-4.586344,-1.052713,-1.121243,-2.699312,-3.244061,-7.484145,-2.302649,-7.874690,-0.603632,-9.149951,4.130283,0.408497,0.368017,-3.712618,-6.082736,2.530025,7.008368,-4.979282,3.899771,1.784943,0
1.084253,3.921534,2.306475,0.008247,-2.785204,-7.081458,-3.238619,0.721697,1.854214,-2.993660,-5.848494,1.018759,-0.392136,1.705967,-2.142550,-3.295061,1.301704,-10.989976,-4.203499,-7.451807,1.159880,3.253397,6.239607,3.689909,2.888727,-0.098530,-5.457417,-1.154715,2.662909,2.392748,0
-1.148056,4.800074,-5.074957,-0.931520,4.329868,0.230293,1.500830,0.265099,-5.772211,0.941225,-0.991301,-2.630798,-1.091463,1.753569,-4.414225,0.042282,-1.311481,0.232634,-3.337124,-2.892185,8.964401,1.193239,1.308199,-1.052752,-1.996758,2.444778,3.702183,7.638044,1.890770,3.174646,0
-1.193089,-4.248777,5.928032,-0.300776,-7.918392,0.439066,-0.649342,-3.279469,6.580994,-5.494459,4.062996,-1.027678,-2.295422,0.728209,2.311342,-1.926893,7.671812,1.750357,-8.754375,-5.061911,-0.738901,-2.359608,2.763384,1.120588,-0.820087,3.313404,-3.405739,-4.029865,-7.399214,1.462999,0
0.761456,-4.544247,-3.376944,-2.673309,-3.401434,-5.672907,-1.975052,9.816629,1.514832,-3.795246,-3.997450,-6.270622,-1.555275,-1.170010,3.574059,-6.084144,1.464092,-4.225157,-0.103518,1.667461,-0.462969,1.846186,1.563498,1.578554,-3.803125,-1.626987,-0.423197,-1.959887,0.065176,-4.692644,0
0.289227,-2.706604,1.076788,-10.815674,11.736935,0.194408,-6.049825,-3.713661,-5.681571,-2.224781,-6.730848,1.922312,0.114452,2.662874,3.742369,-6.651515,-1.065519,-3.327291,10.488323,3.798273,-3.525976,-7.959455,1.051210,-5.787349,-2.459480,-1.501040,-5.225817,-4.772472,1.424194,-0.568525,0
-0.765736,-2.132677,4.010307,-1.540627,0.805079,-8.881265,-0.743685,2.426849,-6.674772,1.679016,-9.267598,4.790022,-0.038647,-0.394621,-0.264593,0.524120,-2.311382,3.306845,-3.918097,-1.884682,4.964714,-7.355709,-0.744473,-2.994923,-0.376001,-0.336206,-1.589792,-8.025146,0.569864,4.795088,0
-1.886772,7.194836,-2.077951,1.463915,1.621880,-1.419760,-4.069056,9.523994,1.790749,-6.435650,-7.792184,4.162827,-3.714321,-11.463396,2.063753,-1.112875,-1.709343,-1.634377,-5.635453,-3.473942,-0.658461,2.201628,-1.627966,1.670416,-2.607491,-1.714962,-3.498737,-3.581648,3.336744,-9.492079,0
-4.297743,-5.683766,2.969078,-0.226797,-2.207939,-1.640076,-0.801884,-1.433403,-2.404144,-5.457581,1.851379,-0.220430,-3.201220,1.651781,7.876348,6.588848,3.357716,-6.434914,3.962526,-1.352072,-1.724022,1.166298,-0.615541,-2.263954,5.531679,-6.255800,-4.248158,-2.227972,-1.125481,-7.694836,0
3.775751,-2.581224,4.319252,0.789948,2.317265,-6.066451,-2.422651,2.351110,0.651165,-6.221698,-6.375650,-7.179556,-4.089880,-1.583736,-0.170364,-5.088743,2.684252,-6.280982,-3.007843,-4.663490,-1.688944,0.378735,-0.259384,-1.520899,4.007236,-3.953323,-2.803627,0.312798,2.871508,-1.893200,0
1.117264,6.657398,-0.405399,-1.481743,0.976156,2.010605,-7.682815,-5.935622,4.485739,0.174538,-0.203506,6.429060,-7.626253,-9.746509,-7.263520,-3.388521,-1.728422,-5.075985,-7.314171,-9.067928,0.518530,-4.416107,-4.071291,-0.611067,-4.112808,-0.289452,-0.636620,1.697039,-5.035622,-4.761154,0
-1.116272,-2.706572,7.271612,-3.649611,2.035059,-4.878115,6.752436,-2.537621,-4.900333,-2.978100,-4.642075,6.186409,0.737318,-4.450163,-6.032109,-2.829750,2.462133,-2.344582,7.399490,2.199947,0.235884,0.405762,-5.916475,-4.397350,1.120136,-3.332708,6.161274,-7.068699,-3.103939,-0.297373,0
4.991621,0.399893,-6.153881,-4.660801,6.494392,3.685213,-6.718585,-5.638812,-2.799698,1.372742,-2.691591,2.072960,0.032072,0.066429,2.141199,-4.411259,-3.340563,-0.727831,-1.869640,-8.346582,2.964334,-8.244611,-4.472073,1.232643,1.963917,-5.233507,-2.141554,0.779789,4.055519,0.248505,0
-4.106220,-4.252190,-2.099203,-1.196678,0.818382,-2.570200,-4.811638,-3.763201,-0.486599,-1.760376,-0.276714,1.396053,-0.407881,3.880379,-1.935875,-2.694599,5.319597,2.246248,1.764406,-5.727121,4.130238,-2.694670,0.629511,4.748072,-0.648754,-7.557905,-0.625664,1.288626,-5.258585,5.754744,0
0.723879,-3.108294,0.597643,1.860590,-5.272160,-1.053143,-0.688999,1.230255,-0.428677,2.708139,-3.227625,-4.849142,1.886047,6.534050,-10.229997,5.572903,0.220884,-3.763367,-1.617516,-2.452744,-0.946712,3.495975,1.433662,2.191822,-4.126936,-7.016735,-6.953995,8.356819,3.258198,-12.739596,0
-4.041243,-0.550116,-7.801418,6.581297,-0.734043,4.020914,-3.186087,-0.037792,-3.501673,1.691624,3.008640,1.958643,3.780313,-1.846020,-1.137415,2.621281,-0.034420,-10.920605,1.381905,0.858555,0.335981,-3.401949,1.826546,-1.008949,-0.587940,-1.652763,0.537699,8.395491,-2.591921,-2.090956,0
-2.198891,-9.527758,-1.836359,-12.074960,8.661589,-0.433098,-0.445374,-12.877427,-0.424416,2.084217,6.318123,-0.705765,-4.023012,-6.376583,3.708633,-3.666512,1.987741,-2.369617,2.765766,-0.461277,-4.152245,-4.114548,1.666553,-5.490374,-9.446744,1.494263,3.495966,0.901567,-1.312344,-5.642440,0
-2.105793,-1.024721,4.844671,-0.261957,-9.627630,0.270628,-8.307713,-8.748919,1.182737,2.497305,-1.759525,0.548264,0.132376,-1.978769,5.652342,-3.625847,2.103268,-0.613474,1.566685,-2.154350,-1.505754,-1.238674,2.116856,0.864164,-3.951126,0.352085,-5.382906,-6.624381,-5.309465,-5.439442,0
3.159349,-0.461426,3.553251,-7.708431,0.151573,-4.367468,2.923084,4.989912,-5.655238,-0.117266,-2.021179,1.114677,-2.226160,-2.351130,-4.746147,-4.811972,3.386263,-1.109921,-0.239265,1.385635,-7.104259,5.140133,-1.288696,-1.960693,3.796490,11.620064,-5.646652,3.031036,0.331360,-1.070312,0
-3.789301,3.536522,2.666222,-6.480595,-3.333216,-1.078550,-0.675491,4.060577,-4.001467,-3.085403,7.895197,-2.834938,-4.181715,-1.657515,-9.919523,-4.512180,0.666803,-6.886707,4.878757,0.690756,5.046846,-6.801596,4.436024,-5.934197,-0.860395,-1.859838,-2.973444,1.787737,0.088306,-4.435614,0
1.641081,0.445047,-4.835621,5.487530,1.097425,-2.494684,-0.697433,-7.081540,-2.668591,-3.088610,-1.962297,3.418776,1.005108,2.061132,1.764870,3.490723,-4.623722,4.476908,-2.053844,-0.037758,2.677364,-1.356110,-0.934015,1.820675,-2.072905,-3.640097,-1.751440,6.202175,0.596802,-0.416250,0
0.364258,-3.972488,3.089108,-1.121862,-5.456261,-4.702595,-8.534590,-1.038206,-2.459328,-3.791616,-2.847639,-3.883610,-0.402485,-2.661600,6.769432,0.483665,-6.828255,-5.237177,3.583370,-3.428137,-6.328165,1.450190,-2.703743,-3.930269,-0.266079,3.045128,-1.095755,-0.754202,1.215324,-1.378767,0
-6.487141,6.833542,-2.144588,0.561701,8.657192,-5.106081,2.276802,-4.652142,-0.798767,2.455629,-3.796982,-7.112863,-1.633732,-4.383554,-8.364391,3.238806,-1.756910,6.545286,1.651278,-3.276026,0.875370,-1.129190,2.554037,3.906862,-0.211252,-2.910408,-0.339951,-2.890390,-6.367607,-8.106763,0
-0.620657,-3.713427,-5.511272,-0.634445,-3.208157,-8.551331,-3.249807,4.516100,-3.821211,-4.331230,-5.522573,-9.357528,3.849792,2.539862,-4.567896,-6.623386,0.010117,1.531956,-2.837189,-5.258875,-5.186373,-1.623474,1.714275,-1.487942,11.019756,-2.404890,-5.848141,-0.483521,-2.750050,10.439543,0
-10.062846,4.691387,3.314829,0.414875,1.087000,1.738667,0.247002,-1.919170,-1.044081,-7.275495,-1.386808,1.114460,-4.014641,-2.394102,1.934259,-1.577297,-1.314344,2.687323,-0.949104,2.733742,-3.238722,3.311201,-3.672537,2.635035,0.177557,-4.342598,0.287167,0.261936,1.017330,-5.990768,0
8.372171,-3.514879,0.533381,6.983059,-3.400955,0.578144,-3.747334,-0.974413,-0.019855,2.616026,-8.286784,1.118698,-6.942540,-2.750925,5.687855,-4.629951,4.188257,-4.727055,-1.762955,2.210318,-4.098856,-2.932064,-4.262232,-0.844444,0.918800,-3.527431,-0.940979,-0.749931,0.540825,2.457449,0
-5.846480,-3.682713,-3.838043,1.874075,3.894024,5.028986,-0.395267,-4.843708,-8.320744,3.198370,2.515686,-0.530844,-6.814441,-9.733705,-5.305269,0.483488,-8.916103,1.062498,-1.239872,-4.083652,-5.352840,1.383932,-1.862869,1.279100,-2.037195,1.099773,-1.071198,-0.927412,2.096943,-0.867519,0
0.464195,2.544760,-5.025146,0.321402,-7.824845,-1.146231,0.465439,-2.116034,0.144569,4.889105,2.005613,3.994259,2.265520,-5.563622,-3.006086,-1.299559,-2.959633,-3.087704,-4.850811,-0.119474,1.809883,0.848673,-0.907997,0.018923,-0.040995,-0.970558,-3.046131,-0.049959,-4.985041,1.972527,0
1.829565,6.968685,-10.236957,7.146832,1.801699,4.489119,-2.172499,0.138456,-5.497347,-8.106323,-5.953403,1.474300,0.968081,-2.009121,-6.867404,-3.006056,-5.804825,0.493019,-4.723755,8.120615,2.091604,-0.960836,2.139809,4.723391,2.938339,-2.473322,1.287590,-0.494904,-1.448553,1.270124,0
-1.994997,-0.718914,-3.617649,1.017639,-3.302330,0.630177,2.062937,7.648821,0.604994,-7.867016,-1.802158,4.734638,-3.585056,-4.544214,-6.704686,1.321922,1.930490,-2.546232,1.249699,-2.066690,4.436186,-0.975351,-12.202976,5.994057,-4.875870,-2.826199,-0.345270,-6.238010,-9.033188,0.581173,0
-5.800967,-9.890960,1.055670,-0.429367,-8.432720,-0.267683,0.997957,-1.668982,1.173653,-6.020835,0.504999,1.424864,-7.203976,1.857290,-3.661110,-2.307056,-3.596533,-1.261156,-1.068029,0.117352,-5.295811,0.628922,-0.776917,2.196913,5.674347,4.265247,-2.062830,-5.071459,-7.162227,1.220570,0
-6.068466,-7.941246,-6.887894,0.347366,-6.817226,1.559372,-4.061296,3.622238,1.609247,-2.779432,6.738630,6.008797,4.987307,-0.305061,3.932571,1.387535,1.576046,-5.446095,-0.395103,3.807747,-1.865290,0.528742,-3.337082,4.506638,0.194027,6.932663,-1.790445,0.648306,-2.379515,0.692619,0
6.334429,-2.514486,-4.312006,0.100101,-0.050013,-8.896127,-2.072729,-2.850105,0.294603,-6.580834,-2.121408,0.752783,-3.208868,2.209270,-3.751255,0.561329,-0.358082,3.894655,-1.522680,-1.747337,-7.597915,0.554293,0.124275,1.562222,-0.355392,-6.870031,-1.383600,-3.644224,-2.377800,-6.023293,0
5.990801,0.308680,4.541279,-3.638002,-6.272334,-6.678567,3.707253,-1.541998,1.556885,-4.199133,-4.409500,-3.399235,-0.974220,-4.532589,0.485512,-2.480181,-7.408834,1.653254,10.066174,-5.453753,-6.614123,-1.071787,-5.264435,3.237265,4.020754,-8.165047,-3.203308,-2.193199,-6.180960,-1.038961,0
-6.664330,4.326540,-1.291204,1.818621,2.023907,-1.097494,1.942059,2.695946,-7.648636,7.112345,-4.852087,-2.970888,0.113510,-2.212996,1.289585,5.823868,-2.128393,0.415506,-5.608174,-4.852816,2.253878,-6.135565,-0.357689,-8.655618,-2.190662,-0.607323,-6.668287,-4.494217,-2.160841,-5.919471,0
-9.564613,-2.458305,1.012732,-6.969740,-2.390850,-2.156010,-2.774086,-2.438538,-1.528393,-4.486425,1.083239,3.953264,-2.038872,-6.075372,-3.634169,-2.162468,-3.078304,-1.730173,1.237858,6.612345,-10.025887,1.667677,-3.448864,0.054003,-3.204855,-1.116545,-4.801481,-3.054380,-5.490017,-1.851374,0
-4.348793,2.047342,2.557884,0.876987,-0.742720,-1.014585,-6.194220,-14.265573,-0.869112,2.102640,1.432100,-1.461519,-3.704399,2.708225,1.095358,-0.419271,-6.100694,-4.572361,-0.150848,-5.293095,-0.738659,1.671221,2.845131,10.086834,-0.111502,-0.263279,-3.786793,-2.514030,-6.779682,1.494658,0
8.150824,-6.263861,0.381802,-0.447289,-3.251377,7.266493,1.120817,-2.081644,0.733036,1.159645,-1.588982,-3.859697,5.075253,7.541916,-3.844004,-1.538677,3.941605,-1.158571,-2.477072,3.460491,-1.623892,3.826311,-5.646360,-2.914873,6.148014,3.351160,-4.162111,-3.137577,4.523272,0.733479,0
0.443089,1.395121,-7.947208,0.153299,3.683945,4.850435,-4.343910,-4.485460,5.570169,1.275299,-7.198860,2.127020,-7.694096,-0.958567,2.093538,-7.125432,-3.204641,-8.286711,-0.739550,-3.896704,1.371475,2.931007,7.682201,0.804153,-1.306372,1.565542,1.776161,2.764458,2.007334,-6.488082,0
3.508820,-3.305431,1.035080,-5.952395,-8.263222,1.988623,-0.580147,-5.711064,0.858429,1.718094,-1.752928,-2.449736,1.775078,3.646490,2.214447,-10.333363,-1.188019,6.386087,-1.485537,3.257257,-3.857006,-2.058517,2.361660,3.129332,2.249924,5.233826,-1.970516,5.368275,0.932995,4.783358,0
-4.918356,-3.466162,4.886076,0.833956,-3.415979,8.393040,6.915766,-1.457518,-4.759516,3.634928,1.832169,1.082298,-8.296003,2.018345,6.098902,-1.383898,-4.658974,-2.305508,0.267435,0.444878,-1.646378,7.350203,0.466486,-1.228075,2.732309,1.562981,0.768272,-3.093115,2.150145,-5.372992,0
6.465088,-6.760616,-2.616280,0.714453,0.223406,-4.571827,-1.555439,0.557840,-5.050901,-2.987398,-0.228340,-0.711496,-0.837294,-7.987453,3.985828,1.329918,-1.765860,-1.242479,-4.083597,-4.039703,-5.146511,3.584763,3.632502,-3.249277,-3.789862,-1.509232,2.852394,-4.728069,-6.056725,-0.168970,0
2.623640,-1.722250,3.106163,6.695669,2.764259,-4.539970,-3.750706,0.089769,-2.930944,-5.469479,0.814844,0.139662,0.179705,-1.180086,-2.968184,0.313667,-0.299305,-2.754868,4.738621,0.277981,1.586147,-3.114672,-1.365183,-1.857712,-3.300409,-2.061241,-5.447271,2.400639,-5.269575,-6.074232,0
-2.014746,1.204739,0.962713,-2.084394,2.998795,4.971111,-3.917955,-3.859682,-2.714720,-6.209667,1.959314,0.475683,-6.656748,-1.887945,-0.435297,1.926247,-5.867622,-3.669617,3.011194,4.082335,-7.387012,-11.421817,0.486946,-0.417685,-0.494076,8.088140,-2.241011,-0.102734,1.131966,2.440958,0
-2.450037,0.966040,5.469206,-3.426689,1.100662,-7.567424,-1.812708,4.150286,-1.116655,-3.995438,-6.330362,0.733864,-3.775368,4.037893,3.899864,-7.865616,5.141039,0.619179,6.575863,1.363186,0.643490,1.128546,-0.083118,-2.161045,4.204695,0.391056,-5.972566,-0.744455,-4.330309,0.949030,0
1.907322,-7.888758,-2.096581,2.763321,-0.985580,-3.718920,-2.391472,-2.783312,-0.915686,2.762955,0.605368,-4.984676,-1.768984,-1.777517,-0.849903,-6.829117,-5.110691,2.138409,1.619823,4.856438,-7.014837,-3.123943,5.158869,-1.041159,-6.029670,-2.711847,-6.547729,-1.540842,-2.959894,4.582619,0
-6.449665,2.826046,3.323580,-4.995449,-4.248512,1.044859,1.591158,2.424589,-0.143450,-0.387796,-7.948883,1.491600,4.262577,2.699907,3.383377,-0.468388,1.697313,-0.995083,3.568937,-4.397985,-2.631224,-2.594515,-5.326445,-1.926128,4.555916,1.936817,-1.134022,-1.164764,8.565451,3.226015,0
-1.276087,0.607971,6.640518,1.646898,-0.971451,6.592617,0.208008,1.324415,-10.422034,-4.933479,-1.401049,-4.748604,-4.807751,-2.133556,-2.815159,2.535004,1.958851,-7.379642,-5.022543,7.077888,1.488052,-3.367739,-3.023174,0.611631,-0.708691,-5.408115,4.195932,-0.172379,0.208681,8.599154,0
4.343218,-5.701421,3.945023,-3.096350,-2.864975,-5.492069,-2.518883,-5.684934,3.120941,-12.366289,1.132055,1.410177,-3.530720,2.502094,3.048201,3.734932,2.787861,6.064075,5.748085,-6.090540,-2.607229,-1.131281,4.977200,3.818018,-5.947679,-9.367386,1.458721,-1.628010,-1.631666,-1.671295,0
3.790552,-6.930560,2.692417,1.284706,-4.312449,5.252529,-3.299782,-2.425249,-9.844357,-7.112008,6.009411,-8.909171,-4.761904,5.417240,3.180920,4.789095,0.404240,-1.182213,-8.294009,4.510324,-6.645382,5.341436,-4.902447,-0.336071,6.376417,-2.163767,-0.412519,2.671919,6.177357,0.042765,0
4.312340,1.173658,-8.648581,4.159288,-0.170214,-6.463097,4.510897,5.164986,6.801914,0.089012,-0.832832,0.270058,0.646416,-8.600382,-4.933655,1.935007,-3.867720,2.967115,3.586468,-5.573279,-3.423225,2.170197,1.659592,9.363806,0.101398,-1.251143,-2.488655,-11.465666,-5.544164,5.354904,0
1.249735,0.166651,-1.872133,-1.400974,2.057793,3.753536,0.260176,6.871855,4.972345,-3.990801,-0.483234,4.513969,4.891151,4.050602,7.042288,-0.430746,-2.804272,1.681002,4.070520,-0.031284,7.222799,-1.761744,-10.898796,-3.570318,-3.848593,-3.861897,2.897821,4.668987,1.168293,-2.149897,0
1.248419,3.044603,-11.132675,-2.155079,-1.609253,3.098789,-5.185589,0.696133,-4.127989,-8.070049,0.389645,-5.421236,-4.249329,-5.193968,4.527214,-4.673599,2.784166,3.366196,-2.902853,-5.497049,5.130644,2.731468,2.408619,0.014889,3.463152,5.584520,-1.318199,-6.595325,4.848219,-0.821596,0
6.266159,3.456438,0.135494,-1.394775,-3.619295,0.434828,0.459915,-8.006167,1.023384,-0.839733,1.880112,-1.285236,-0.881062,4.488321,-1.593082,-8.135971,-5.873211,-2.822599,2.124023,5.751898,-2.865898,3.667271,-2.960430,-3.140036,-0.733568,1.808800,-7.585754,1.988577,-7.913232,-6.338990,0
6.568941,-6.730408,6.036608,-1.320126,0.878035,-4.231392,-2.552488,8.680809,5.029966,-3.989382,2.350550,-3.673521,1.233433,5.771475,-3.477312,0.163937,-4.062630,-3.022409,2.043983,-1.921623,5.385145,-7.814891,-9.222848,0.577394,-4.006165,-1.712053,-1.348148,3.227577,-7.686859,-1.070509,0
-9.468720,5.508776,-6.018703,0.588259,2.740425,-2.160482,-0.980490,6.036604,-5.251465,-2.782494,-6.473516,5.739357,-4.746725,2.325155,1.678741,-1.741713,-2.937401,-5.101542,-0.427076,-3.523737,-2.445566,2.278255,2.513830,-1.414371,0.922903,3.272799,2.552870,-9.993672,-0.851559,2.657774,0
-2.099419,-7.502864,-3.123884,-7.025511,2.804464,-6.501500,7.919043,2.321548,-2.045986,-4.096775,2.228630,1.094107,-3.556669,3.966105,-1.918684,-2.207785,0.935724,-1.087666,1.892002,2.608027,-1.843931,2.897381,-4.818375,1.481308,-2.696198,-1.845879,-3.857388,-2.774469,-3.024172,0.364891,0
5.644783,-3.117918,6.247229,-3.025696,2.388994,-3.315887,6.088081,-0.074255,-3.545956,-0.125443,0.326981,-5.502729,0.194550,5.862711,-0.690317,-0.933748,5.983574,0.257357,1.177656,1.139091,-5.418257,1.787113,-6.210781,-7.301099,5.268156,3.958719,-5.530884,-5.717063,9.716717,1.156727,0
-5.397755,-2.501854,-1.945101,2.498226,-5.802691,-4.876873,2.692667,1.059748,-1.710188,12.874706,-3.598455,-3.634441,-1.573940,-1.051880,-2.016054,-0.255533,-8.764571,-1.533432,8.164543,4.723110,0.108568,4.190434,2.981504,1.153896,-5.454433,2.594492,-5.668325,9.801157,0.632250,2.219030,0
2.057928,-0.739424,1.570326,-1.168661,1.834444,0.656015,-2.404640,4.269238,1.539742,-5.967310,-7.856565,1.052443,0.705982,4.286350,-5.690517,-3.015644,-4.127474,1.301596,-1.528406,-2.919785,0.476194,10.116516,6.237535,-8.361386,-2.749247,3.446703,2.886007,-2.468140,-9.362704,2.199017,0
-2.339119,-6.190367,-0.164099,4.152124,-4.997765,-0.949394,-1.327208,-4.305794,-2.419777,-4.303699,-4.098146,-3.027390,-2.681944,0.658068,-0.748775,-4.026142,0.863977,0.309904,-4.510105,-5.004202,-2.929026,3.430574,-3.697695,4.172655,-0.975500,-4.081308,2.867739,-3.732750,-0.805740,-2.463058,0
-2.137663,-7.816669,-4.929338,-1.960272,2.034454,4.774614,0.786367,-0.989887,-1.903202,-3.022017,-4.169250,-7.455008,-4.309628,0.092592,2.555542,4.087122,1.890301,2.456181,-2.435423,5.645117,-5.928998,-1.819418,-3.224737,-6.028225,-0.313396,0.107622,3.409592,-1.131638,-0.921751,-11.530926,0
1.757402,0.864847,-0.575054,-4.702419,-2.877945,-3.526161,-0.449100,-10.596570,-1.845461,3.822533,-2.482584,3.569021,-5.552036,-2.807003,-2.730669,4.767183,-3.981655,0.974199,0.114288,3.464100,1.095211,1.426619,1.780212,-1.990984,-4.488506,-7.172668,-6.495131,7.414333,-5.153627,-5.362556,0
-0.312225,1.165962,0.804497,-0.947054,5.209641,-7.391940,-6.090786,-12.513807,0.951033,-5.584368,-7.649140,-0.077747,-4.011528,-5.007120,7.078466,-2.872416,0.612919,3.323975,-5.020535,-6.283026,-2.405140,-7.393506,-5.060766,-7.390429,-4.337765,-7.832044,-5.459446,-3.409761,4.105783,3.987339,0
-5.763430,5.755005,-3.575275,4.432055,-1.692947,-7.716605,3.751108,-5.910472,3.043436,-3.046003,0.697371,-1.428953,-1.999102,3.165352,-2.902126,-7.328072,0.911572,2.276836,3.025209,-1.040058,0.428186,3.159506,-3.103802,-2.237831,-0.013418,0.183552,-3.606428,0.257885,-8.912495,-1.061850,0
3.129534,-0.116985,1.052589,-1.917551,-3.743099,-3.694078,-1.976757,-7.939684,-2.070335,-2.472958,-3.659054,-6.902556,-0.695803,-1.766083,3.340620,-5.554672,-0.335629,1.715006,0.251986,-2.913906,0.928080,-1.613806,-7.222889,-0.654348,-8.811157,-1.400843,2.454557,-0.803289,4.064642,1.061962,0
-4.945436,1.428257,-0.440248,0.344641,0.839975,-5.673369,-2.141781,-6.671000,1.499138,6.382347,3.735155,-5.766751,7.191725,-0.207157,-2.543867,-0.881443,-4.064817,-2.520142,-6.143746,-0.562664,-1.988649,-6.025592,-1.089279,-4.099144,4.002413,-7.685631,-1.638958,2.370752,9.061853,1.264465,0
-2.933393,-0.591749,1.715910,2.831385,-5.639164,-3.005863,-2.286776,3.195305,-1.671093,-2.768290,-0.980385,-0.601305,2.744162,-15.150246,-4.419334,-0.446815,4.636873,3.268536,0.445959,-6.014136,6.354156,-1.664108,-0.907021,0.631721,4.041733,7.671106,0.279905,-4.829220,-2.468908,-2.067083,0
-6.815612,-9.665916,-1.447498,-6.816218,5.319555,0.616293,-3.884655,-5.070997,8.280479,5.771694,-7.581738,-2.324697,3.982243,3.963692,-4.358707,1.117727,0.408567,-1.612038,5.418255,-3.744764,-0.947859,3.914343,-2.109400,2.136158,-6.759075,-1.413162,-5.794221,-2.992323,-4.243374,-0.071754,0
-4.037718,-5.004930,-1.163025,-5.342491,-0.215672,-6.720604,-1.365837,4.718538,-0.791044,-1.234509,-0.647097,-4.915373,-4.597517,1.022078,-5.795047,-6.210070,-8.419302,2.880175,-3.526455,-2.873018,-3.830696,0.161732,6.599998,0.928978,2.550404,-0.968239,-10.745232,-8.156823,1.336384,-6.873190,0
-11.856174,-9.916991,0.057322,-4.068953,-0.759871,-1.385378,-3.329592,1.617920,-4.734495,0.736065,2.913067,-3.441732,-5.433714,-1.155880,2.432543,-3.889690,1.192942,-5.303988,-7.890048,3.120308,-2.369947,1.888111,-9.795141,-0.527447,-6.988450,5.804049,2.404745,-3.898575,-5.768661,-6.164633,0
0.731680,-0.532154,1.740610,-2.170525,-5.066551,-1.115818,-0.559938,-7.644320,-5.231581,1.444942,-3.484083,5.758614,0.486462,-1.949301,-5.640169,0.411032,0.475117,6.446329,5.408792,-0.678461,4.201420,7.175264,-5.859076,0.038240,-6.982750,0.248569,-3.877472,-2.493587,4.257910,0.480774,0
5.051619,1.701538,-0.167933,-0.432545,4.348120,-2.999645,-6.252407,3.051956,-6.213126,3.319901,-2.264137,-2.916624,0.226826,-0.346983,3.750656,-2.620024,-1.937490,2.008549,-5.690362,1.819738,-6.387193,2.033894,-12.265965,-5.714558,0.838535,-4.422556,-6.091531,0.914082,2.081129,-2.698029,0
-1.865234,-4.957275,0.662926,3.268915,-3.711573,1.802811,-5.151461,8.817066,1.908911,6.689600,8.103384,-1.434568,-2.167187,4.702635,0.564968,-6.093721,-7.481638,-5.279430,8.995127,3.084818,-1.001257,-5.644951,-3.423273,0.051178,1.252106,-7.492418,-2.250938,-5.616702,-2.252642,-8.772834,0
-4.906063,-6.018962,1.981508,1.255573,-4.474304,-6.700205,-8.157876,-1.368357,1.874266,0.854853,-1.364471,1.374952,6.060028,4.969625,3.962933,-4.396149,1.188597,-1.714506,-7.140111,10.072136,3.102041,0.100679,-7.172918,-1.901138,0.651308,-0.008829,-8.526749,5.187115,0.486877,4.404161,0
7.077291,0.461718,0.266451,3.145952,2.384047,-6.293845,-0.454084,-6.288814,-1.950684,-5.643463,5.802103,0.200583,0.796139,-7.310648,3.042751,-2.843132,-3.452885,1.058708,7.348690,-1.251736,2.011801,-7.304825,-0.174744,1.669966,-7.168270,-10.302308,-3.227749,-2.107561,0.736256,-5.813548,0
0.366049,5.167871,-0.375635,-4.424891,5.365536,1.504841,6.723761,0.462677,2.675243,4.740999,-3.017214,-2.780338,2.349398,-7.676805,-2.887671,-1.537748,-3.717834,-2.593678,-2.402901,-0.880552,0.870907,-4.120287,0.580095,2.153273,-9.623111,-6.094332,-1.098070,-2.362389,-3.559387,3.466978,0
-5.748730,-4.809446,0.064049,0.628241,1.106171,-3.591236,1.670712,-2.397926,-0.522114,5.251829,-3.278336,-3.858486,-0.448757,-6.598180,0.788101,-4.142916,4.842146,-0.221508,0.979105,0.107975,3.694876,0.436674,-0.537912,-2.726545,0.796341,-0.719294,-1.684395,-4.277376,-4.036114,-3.732471,0
0.586302,-0.861174,1.058762,-2.455423,-3.889618,0.845301,10.443813,-6.007747,1.748625,-5.455317,-2.446646,4.084398,-5.671638,-2.926430,-0.632727,0.815578,-3.394033,-7.346950,-0.226591,3.307110,-2.605345,-0.370901,-7.373481,-6.284890,-6.140745,1.641768,-5.590384,-2.609535,-3.138151,1.212482,0
3.149782,10.426006,-3.631823,0.680246,-0.682714,1.056984,2.209219,-8.629378,-6.365605,1.615068,-1.626026,-4.232632,1.860212,-4.514866,0.389046,-0.740761,10.139057,-1.869083,-0.723562,-0.973055,0.655701,-5.028849,1.602116,-3.746481,-5.804285,-0.734785,3.373840,0.439108,-0.651215,-6.009615,0
3.482483,-3.111898,-6.608021,-8.034766,3.157398,-5.888684,-0.021603,-9.892323,1.912189,6.345242,-1.985050,-5.770335,-0.502771,-1.215126,-3.116697,1.071255,-0.379047,0.871176,-3.928530,4.368956,-4.121944,-3.817120,-0.551191,-2.082462,5.422338,-0.715691,-0.411535,1.446062,-3.860777,-3.185318,0
-2.393806,-1.622837,-2.235228,-4.514591,0.564209,-5.096806,3.762173,-1.269115,1.944038,1.205320,-6.480375,-2.414713,4.880796,-0.210402,-2.322189,1.368935,3.096382,2.938818,3.537951,2.397366,6.723503,-3.250107,-0.314968,1.312483,-3.605778,-4.427944,-8.346128,0.334133,-1.810841,-2.902330,0
3.939957,3.922813,-4.762630,-7.542883,-1.187696,-8.790562,-2.205881,-0.884247,0.568836,6.656015,-0.865875,1.207283,6.959976,-2.758137,4.022505,1.242922,-10.841717,-9.235301,3.649035,4.755722,-0.949810,1.205513,4.604589,3.915224,-10.872344,1.790796,-5.070084,3.078299,-6.961746,-2.992151,0
-0.426861,0.349825,-4.852900,1.197727,2.326792,-3.508135,1.323549,2.017250,-1.422844,-11.468048,-5.852377,-7.430293,3.785727,-3.373365,1.064636,-1.421642,-3.230658,-3.124653,4.743418,2.686388,-8.874164,-1.537786,-6.531093,-0.007183,3.604860,3.686647,-0.891998,-2.950520,6.572193,1.196297,0
5.146595,-4.074995,-3.032974,-6.719654,-4.597216,-9.667808,3.414471,-1.214325,5.995415,-1.180138,-5.059858,-2.640688,-5.526974,-0.896702,-7.570887,3.557226,3.212009,4.363182,3.910322,1.888506,-1.130085,-2.875904,-4.841223,2.435753,-4.069565,-3.024218,3.389137,-4.266987,4.652718,-1.285872,0
1.157425,5.293270,-6.471101,-6.594853,-6.070130,5.147863,-2.463949,-3.148005,-7.193702,0.644659,-4.622057,5.343054,1.770096,-2.943136,1.534369,-7.994858,3.289587,-5.066505,0.619972,-2.120373,1.872557,-3.299953,-6.978453,-5.642948,3.739571,-2.597103,-6.670267,-2.768620,-4.812822,5.544411,0
