1.010693,-2.524643,9.849464,4.183798,0.421597,4.562912,4.729679,1.480743,2.498516,-2.548298,5.560368,-4.743069,4.103184,3.212795,-4.356765,-6.415417,0.290436,4.193636,-1.845085,-2.021652,-3.760452,1.576323,5.708309,-1.593908,1.916962,-1.683701,-1.452890,-0.646372,0.292786,3.883194,1
-0.466599,7.318747,2.126053,-1.073050,5.918608,-4.318262,-5.322729,-2.242331,2.057720,-2.374414,10.143339,1.620327,-3.153158,-2.658758,0.151308,1.362169,5.290096,2.932653,-0.133997,-0.475021,0.127159,4.459232,7.140886,0.886501,0.414297,-2.473969,5.612135,-4.162692,1.757534,-0.333395,1
0.125456,-2.068659,2.501850,3.271935,0.815105,3.834511,0.477549,6.932720,6.820105,-5.774538,-1.354830,8.365450,-4.084993,3.408775,0.504570,-8.443980,-2.048227,-0.556259,5.293779,0.362459,0.797499,1.124613,5.531153,1.021486,2.255749,9.414562,-1.550804,5.371639,0.169970,-4.746844,1
1.305443,1.731083,-3.300444,-2.559607,4.384348,3.051287,-7.583826,3.599878,-4.596317,1.390158,0.324373,3.525396,6.517942,1.992163,7.927578,-0.430828,-12.667616,-0.758856,5.375443,4.458643,-6.733478,-3.458282,-2.176792,1.360209,-0.192709,-2.227587,12.848862,5.036978,-4.389147,-4.332804,1
-6.342517,-0.291153,3.153690,-1.860750,1.428375,-1.142317,5.113447,2.733990,2.984737,1.192257,1.113434,-4.244329,0.602161,-1.014734,2.774303,0.606165,0.408587,1.251431,0.220280,3.639679,4.840218,1.499897,-4.185251,5.303442,-1.291723,4.082760,4.551048,-1.988750,-6.376367,7.546154,1
-0.511280,-2.904398,-1.921549,4.913643,0.707045,4.444151,3.308039,-1.771984,0.097923,1.226395,2.438194,-0.651302,7.642628,2.863096,0.689520,-0.308033,-2.028732,9.991785,-2.743732,4.205536,1.332645,-5.672774,-3.830257,1.806705,-0.484610,2.601385,-0.256460,0.987770,8.089998,5.949640,1
1.748600,1.109653,0.827900,-1.422155,2.615982,1.387760,9.734518,-0.729944,4.501202,8.390579,4.629612,4.938868,-5.927498,3.759634,3.406168,9.370378,-1.606615,6.119314,-1.372564,-0.927889,-0.151268,2.482098,-1.804184,-5.445716,0.483942,0.601326,5.770651,2.346649,2.473839,-5.260777,1
6.027525,6.459000,0.230350,1.530678,5.649122,4.324305,-4.197030,9.794109,-1.650307,1.660204,-3.849712,-6.914906,1.175827,-1.658043,-8.628486,-1.491402,1.222672,4.027525,8.180670,0.806585,-0.004169,-2.042759,-1.581417,-1.270115,-0.353111,1.443859,0.418783,-2.613739,4.427011,1.955843,1
7.466431,-3.603848,1.190252,0.449697,-1.961971,5.685026,-3.925969,1.874681,-2.601652,3.840910,-2.692060,4.863962,-0.584753,-0.126986,1.328775,-5.073537,-1.452160,-8.185204,1.302080,1.946192,6.179213,8.028210,0.917311,-1.026417,-0.151646,-2.098970,1.682199,4.153175,2.499758,1.359726,1
-0.966461,2.527065,1.261751,-2.810701,4.940918,5.186892,3.016045,-2.974213,-4.244467,1.257090,3.965124,10.655087,0.466036,6.155361,3.328426,-0.287760,2.153049,6.349255,-3.893744,3.043074,-2.955698,1.573610,-2.338017,-4.755768,-3.597291,-5.440171,-4.006151,1.085968,-3.808799,2.679735,1
-2.357899,-2.890388,1.710880,-3.005665,1.308353,0.342621,0.619204,1.884033,4.593878,0.224375,-0.493490,-2.593826,0.118454,2.407223,3.050444,6.817007,11.216713,-7.489916,2.022856,-8.073355,3.371511,2.205191,-6.378620,6.076193,9.390610,-0.960798,2.045101,-0.039854,-3.434931,-3.118080,1
-5.969630,2.520702,0.663889,-6.441938,3.582273,-3.309837,1.818520,-4.768667,6.536589,8.165106,3.272335,1.182333,2.383261,2.104572,2.488638,6.059126,-2.456749,-2.846310,2.679239,2.437473,-0.640038,1.732817,2.531002,3.326693,2.864176,-3.885719,-1.269819,-0.826349,1.801662,-3.159513,1
5.962181,7.119007,0.209446,-1.988369,-1.706985,-2.799564,2.798464,0.214594,6.981354,-0.703930,0.494726,-3.098019,7.620487,4.371050,-2.689821,-1.713634,1.152531,0.777061,0.723269,1.080448,-5.512126,-5.220887,7.617916,-0.189049,0.061394,2.216269,-1.845158,11.264223,5.861614,-4.243003,1
1.722141,-0.267101,12.849075,2.862770,2.965748,-0.457079,6.281607,-7.522144,-2.231340,0.897459,-3.885371,-1.205214,0.259266,-1.530672,1.752775,0.140764,-2.692940,-7.989738,5.171215,-6.834187,-0.037041,-4.912852,-0.809174,2.411966,5.915642,3.761021,0.251247,-2.209316,-0.024734,7.655485,1
4.705376,-0.707907,-4.216125,-4.042926,2.798624,1.473608,3.598759,2.590904,-4.579052,-1.163660,-2.796818,3.889378,1.120903,0.259224,2.699652,-5.391269,4.871176,-3.049862,-0.430288,5.001513,2.029009,3.641945,0.721361,1.237812,-2.690445,3.722198,-4.990141,-6.360667,-1.774864,2.171574,1
-2.672228,0.603928,-4.976503,-3.513876,0.777464,-4.862360,5.821049,5.624193,6.662216,-0.945051,-1.060896,-8.046473,-2.979738,1.041891,3.412197,4.236824,-2.087465,6.928484,0.158340,0.495861,1.810472,5.440119,5.581282,3.292044,3.421225,-3.126993,3.455898,-3.518337,-4.262273,1.776112,1
7.769495,-7.838247,0.508034,-1.456125,-2.681782,0.276892,2.210705,-3.134794,10.247267,2.009926,3.174248,2.026449,-3.216570,3.953695,3.817598,9.142567,-0.967041,0.266485,-1.703802,6.789274,2.017637,-1.666435,5.319460,3.489981,-4.230212,2.706758,-2.866085,2.284689,6.252337,4.980556,1
-6.944418,-0.822750,-4.811286,-8.116829,-3.181532,2.922012,1.759756,-1.857752,0.284821,-2.588476,3.061291,-4.875221,1.860258,-4.469627,10.116888,3.912775,-1.752445,4.872866,-0.580093,9.153875,0.950314,-6.292583,3.455103,5.332659,2.702528,0.738770,1.591345,0.460854,-0.024675,-4.449821,1
4.432726,-11.067833,2.934837,6.195568,0.883211,7.875694,-2.309755,-4.387635,-2.627356,-6.832866,-3.959911,-6.234076,4.272205,0.062357,0.702110,11.082291,-0.800533,0.416048,-2.425522,4.172560,1.580862,-3.570741,5.348019,8.224142,4.145981,6.961147,-0.593407,3.162706,-5.406413,-0.675259,1
2.349552,1.540112,1.556849,3.931974,0.842072,1.648434,3.142141,2.663176,2.974329,3.326899,0.481771,-1.499292,2.202087,-1.039162,-2.078760,3.289042,-2.730459,-2.285315,5.971546,-0.514374,-2.786411,8.582930,-3.668969,-2.383001,-2.809614,3.167982,-1.674099,9.515980,1.534946,3.439703,1
0.451803,6.459192,-1.464989,8.545319,-1.997305,2.118916,1.306393,-4.207622,0.911833,-4.861649,-3.607409,-1.157301,8.374912,3.855154,-0.004425,6.521107,5.238625,0.962126,4.385853,3.206289,-0.170427,0.005188,-3.517956,-2.373024,-2.105738,0.845428,-0.988680,0.908226,-0.048620,-1.566624,1
5.951220,-5.102180,2.697626,1.414505,-4.182083,-1.359497,1.974277,8.202595,-8.655948,6.087687,1.520277,0.930090,2.041210,-1.716961,3.607889,-0.660942,2.560299,-0.163008,3.854271,4.046629,-1.662386,-0.290747,-3.876097,6.204111,1.849674,3.641315,-4.243015,-1.940422,7.198177,-0.330936,1
-1.360626,1.541191,-5.298098,1.454214,7.169716,1.864147,-0.574505,-0.688581,7.704805,11.528574,-1.435436,7.401108,-5.625319,2.967062,-6.376451,1.059479,7.075039,2.077028,-2.178570,2.377649,1.437845,5.575665,0.264975,3.662231,1.691944,1.310036,-4.075772,3.875959,5.944944,1.491699,1
-2.175180,-2.845657,-1.349682,-5.971781,4.477909,-0.953472,-0.097744,6.704514,4.419674,3.231241,11.932314,3.322947,6.502232,7.024511,-0.835529,-0.869816,-0.914652,-2.646465,-3.314524,1.136889,-0.122988,-0.770206,0.672215,0.526094,5.222273,-4.704308,-9.151376,-3.869824,2.073029,3.428619,1
0.319204,4.555094,3.194880,2.090809,2.258373,2.565517,3.057968,0.409979,0.994614,-0.989277,0.836748,3.468689,-0.770290,0.886135,-0.100796,3.571701,-1.769896,1.280859,-3.050003,-2.487329,3.909832,-0.064566,-1.455290,-2.864477,-1.924164,4.337631,1.919926,-4.516461,3.370275,1.977598,1
-1.329237,3.795311,1.627064,6.296616,1.259325,-0.007948,-0.426628,-1.732533,0.860674,3.179640,-2.211847,-7.432091,0.005327,13.341869,0.129066,-0.406418,9.747627,5.459438,-1.746880,-8.429222,2.199959,0.948339,-3.772454,-0.721804,2.867676,9.835382,6.422955,4.656364,12.531391,10.069120,1
2.779194,0.458687,-2.846270,7.208075,3.819910,1.420250,6.102621,1.591484,2.656263,4.654133,3.289682,3.766600,-1.027630,7.686769,-1.420862,4.419523,4.272900,-0.803696,1.930792,-3.924128,-2.481386,-1.528704,3.587229,0.004210,-4.620655,-1.765558,-1.428610,-1.885941,-0.214058,9.194677,1
1.295574,3.272413,1.608086,1.081196,2.644611,2.413454,-2.042784,4.663460,-1.587841,-3.152456,1.301647,-0.071312,-1.656590,-4.748489,7.735369,-2.460203,1.343645,-6.577198,-2.495274,4.525549,-1.510675,1.443905,1.429512,0.533396,-3.023687,2.894762,6.960968,-1.540539,2.138592,-4.310054,1
1.762140,5.413900,3.723444,2.322771,5.312250,5.000723,2.913263,1.468721,-1.213627,-6.808337,-0.737995,4.299931,-2.377762,4.771463,-4.211165,-1.346344,-0.283400,7.726479,2.212818,-5.582400,-0.095753,0.718233,2.472731,-0.477732,-4.261391,2.092278,-4.305787,-2.296690,-1.489952,0.651197,1
-0.391510,-3.460066,-8.132771,1.144552,0.987614,-1.441172,4.563175,-0.881426,0.096821,1.475199,1.235685,-1.438478,-1.488489,0.852268,0.611414,-0.312481,6.980204,-3.478168,5.496269,-1.586948,-12.661882,-0.637711,0.419113,5.660961,5.502443,-0.983709,-4.406819,-3.447165,-1.143440,0.794092,1
3.537107,-1.311848,1.772959,-1.984552,-4.442784,-2.717543,2.013218,4.156664,2.336306,-2.019329,3.726461,0.122339,4.258116,-5.054201,5.945189,1.350473,-5.029402,0.237892,-2.450098,6.571396,3.695471,-0.068089,12.083551,7.866268,-1.861942,-0.800304,-0.904463,0.619835,0.435472,-2.483952,1
1.975670,1.254959,-7.938718,12.437140,1.306187,-2.598736,0.983488,-6.207057,1.233723,-1.286232,-5.387544,12.648533,3.257318,3.534006,-4.944472,-6.329638,4.540545,-1.627594,3.965048,8.301006,0.051844,-5.133408,-1.375639,0.435987,5.338791,-2.684517,2.806828,-3.338463,1.169638,0.245670,1
-3.860271,-3.957645,-0.094145,7.333765,-1.713194,-0.580172,0.769676,-0.330811,1.475990,-3.225225,4.671997,-0.071285,2.731493,-1.628262,-3.156424,3.289705,5.083075,-0.308176,8.371746,4.267988,8.108957,-3.662297,-3.120182,-2.939396,0.803852,6.456549,-6.734736,3.951542,0.820875,-6.424451,1
-1.577097,5.991158,3.653198,3.729424,1.792631,-7.795251,5.513214,0.332811,-1.426661,-1.267750,7.500687,-2.967409,8.989170,3.546684,-3.783990,-3.646914,3.931866,2.578871,0.661379,-0.514214,2.772524,2.010752,-3.973860,-5.361197,-8.445368,-2.026320,-5.812585,0.714632,1.250263,4.378159,1
-0.103842,3.212406,-4.370152,10.232996,2.140570,-1.332109,-7.803462,0.386900,2.995184,1.405386,0.397377,-4.023795,5.109194,5.281698,3.453369,3.220953,-10.668536,2.687403,11.496775,-7.489388,4.481081,6.619831,-0.871357,0.322756,0.553488,-0.705482,-8.395923,0.864014,-3.100334,-1.135595,1
4.090601,1.586567,6.637733,4.956722,3.096752,-0.285223,1.163004,1.080713,1.258522,-1.171307,-0.646135,0.299191,5.151617,-0.058346,8.717125,3.745777,-1.740023,-7.920587,-7.054511,0.830019,2.248520,-2.393583,7.892477,3.820139,2.519434,6.557739,1.272732,-2.317314,-1.769999,-1.992025,1
3.302584,1.510931,-1.607235,11.007086,0.444988,-3.623484,-0.542185,2.611835,-4.573190,0.555365,6.086340,-5.666736,1.884703,3.468157,3.593182,-2.614136,8.665058,3.492458,-0.135668,-5.816233,5.525028,3.258879,-0.051804,2.779112,0.837196,1.186094,2.079805,3.876413,2.066189,6.837969,1
-2.143457,3.553118,5.282587,7.466188,-5.836387,7.112682,5.967585,6.625723,0.316584,3.105650,1.419432,2.395065,-1.081657,3.339497,5.878347,-4.357090,3.580750,-1.783695,-0.910658,-3.819731,-5.198894,0.229872,-5.182122,-2.436159,0.537380,-1.057489,1.020676,1.646967,3.564651,3.880901,1
1.335342,2.945030,-0.595615,-6.746253,0.436783,6.013641,4.586248,0.066206,-1.809164,4.600801,-2.957691,2.786901,-0.097542,-1.682547,5.398821,3.523483,4.996046,-0.811476,1.425816,4.622587,-1.596214,-3.005434,-4.283973,8.569284,-1.130371,5.126608,0.654245,6.272905,5.926497,3.252060,1
6.398142,5.600811,-0.250120,3.497450,-0.896965,-3.006861,-0.246468,3.315674,-0.079851,-2.126793,-0.485474,6.523806,1.027294,3.830677,3.819649,2.695360,1.880665,-3.492357,3.896639,-2.048683,3.449316,2.960453,0.223507,2.312723,0.294809,2.153408,5.069576,0.341717,-3.648303,0.541618,1
9.343451,7.503519,1.303982,-0.878908,0.785740,-0.887846,12.441725,11.679710,4.775108,2.666664,1.142532,3.317141,-5.065827,-5.227631,3.603092,2.528824,2.271935,7.784346,-1.692524,1.467566,-1.144684,1.368469,0.849907,-1.436041,-5.535097,-0.154352,-0.083170,2.427137,-1.886631,-1.915260,1
-5.735187,3.659660,-2.323486,-7.243778,0.794651,1.246271,-2.257515,-2.438158,6.045025,-1.751348,-1.698565,-1.301912,0.862122,2.922390,-3.782855,-1.653212,0.225056,4.977945,-0.253693,-0.748762,3.186897,2.288485,4.911516,9.774933,3.856470,7.019447,-0.034281,5.686783,3.490374,-0.597109,1
-2.123056,7.858971,-7.777989,0.950262,-3.557516,0.451494,0.282993,-0.387676,-1.042450,-0.015808,-4.172051,3.575655,1.941813,-0.008032,5.216593,4.068602,4.769945,-2.824745,0.323574,2.079771,0.382456,6.241468,0.088367,2.756958,-2.292904,2.150932,7.652628,6.266443,6.925880,8.082214,1
4.694185,-2.730228,-2.083841,6.306316,-2.521151,2.626205,-2.738274,-2.164217,-3.669382,-2.452753,4.043053,-2.409084,6.254431,-0.581463,6.824955,2.179470,3.779745,7.175457,-6.926902,2.487593,6.712261,3.836000,-2.909430,0.941872,0.361771,-0.612926,-1.544844,5.681149,10.343960,-5.621011,1
-2.430099,0.897505,4.831322,-1.146711,1.189821,-5.349599,-5.179809,4.320755,-1.735760,-11.247682,-1.449356,2.260185,-1.994923,-1.862122,-0.702709,-0.064268,-0.320429,1.449123,-2.859304,-0.610519,-2.403511,-0.485752,-0.712914,5.467682,5.915030,2.793339,-5.673723,-4.209275,2.740765,1.856230,1
1.024960,1.851742,-1.444868,-1.181601,4.301384,-1.896837,-0.760674,6.551332,0.122810,4.279926,0.928188,1.372122,1.241121,-4.332911,-0.844385,3.995922,-0.292675,-4.502941,4.524401,3.665588,-0.181976,4.580124,0.675907,-0.320356,3.210957,2.566389,2.881531,-0.885794,-2.655344,-0.969591,1
2.635155,1.694067,6.153179,4.941233,-2.156181,-2.781933,5.714277,-5.483612,-10.160938,3.941643,7.446423,2.720114,-0.282190,-6.016221,-4.546683,-0.816090,-2.566334,1.144472,3.890497,-1.032274,2.483881,4.456104,0.561829,-3.073666,4.923004,3.091825,-0.995346,-0.758318,-0.223200,-0.812483,1
-3.692099,-0.468313,2.355610,-4.761352,3.564888,0.832731,8.505699,-3.345320,4.173334,-6.020329,-1.693106,-4.541205,5.516376,10.263823,-2.299582,8.634140,3.195358,-4.084692,7.488989,0.381800,1.307224,3.505178,-1.729866,10.750557,0.119728,-3.773493,3.058992,4.106564,-0.773104,7.319025,1
-3.833787,-5.319799,-1.119625,-9.907140,-9.124181,-2.758341,-0.582670,-4.668757,2.743523,3.052523,1.956533,-4.059586,-3.256287,-2.408611,-0.710161,6.961325,-2.054033,-5.999371,0.247774,4.398420,5.436569,-6.614751,-0.786745,-0.193455,1.779570,10.837112,1.481169,4.030785,7.612919,-4.833269,1
8.064394,-7.623532,0.992039,-4.184957,1.029531,-1.444775,0.603054,-0.628380,4.375748,-1.090124,-0.454266,1.973270,6.188126,-5.264515,-2.804365,0.833862,3.119125,4.613983,6.345322,-0.280531,-2.595564,-2.782331,-0.986303,0.350203,5.153028,3.357008,3.373940,2.593126,1.583897,1.282448,1
11.181770,9.338005,1.681900,-2.454035,-0.499235,3.364761,3.643747,3.325958,2.705517,-4.127802,0.741148,-1.165287,10.234732,5.307571,2.827620,2.085268,3.215828,1.028824,6.126366,0.646448,-2.120749,2.830339,-1.264820,-2.142664,-3.421787,-1.479744,4.770662,4.926102,-3.201384,-6.550552,1
3.562452,-4.108311,0.937481,4.472563,2.481733,-0.961943,-2.674555,5.334143,-1.058647,6.504250,-1.591671,0.078085,1.347715,0.178627,0.189402,-0.744343,0.322315,-11.690857,-7.461403,1.822140,-1.755064,-6.079894,2.829500,-0.906412,2.496260,-6.741114,-1.156359,0.327124,-2.696642,7.596756,1
2.082100,-2.885069,0.671213,4.084600,5.692921,1.144104,6.101477,0.231115,-6.701763,-3.740907,5.054869,-3.164680,2.140491,-1.773933,3.413921,4.219023,2.797503,-3.966784,2.266403,4.521551,-5.986513,5.133661,2.255608,-0.786995,2.836739,-2.188553,2.708887,2.398539,0.151861,-3.891842,1
0.005207,-0.575157,4.460659,-1.991261,-3.093046,4.162369,6.854322,-2.789804,2.930544,4.517183,1.379726,-4.386627,1.148733,4.243515,4.311640,0.424145,3.866140,-5.615854,0.602484,2.075775,0.333002,-5.396976,0.285686,-0.066971,4.891438,0.817675,3.901375,3.105251,-10.623206,2.248205,1
4.004629,-1.266867,-2.662548,-3.144131,-0.136871,0.493847,-1.213781,-1.316404,0.202492,-3.538002,6.083059,-3.318153,5.092520,3.555403,3.154758,-0.718218,-3.201458,-0.968037,0.215517,-3.267305,-9.888491,1.765633,-1.823542,3.075842,6.300938,-1.079535,-0.322338,4.844437,-2.796532,-0.450336,1
-2.527065,-0.639597,-2.812752,-4.781159,7.154419,4.521311,-0.982519,-6.740993,-0.059046,1.687593,-2.208939,0.508358,6.709244,0.725401,-2.162067,6.327049,0.793327,0.363541,-6.595986,-4.191257,4.331663,2.532871,-0.627455,3.007963,3.442938,-1.231539,0.531149,-6.861065,-1.579536,2.479746,1
-3.651390,2.873770,-2.014320,0.353695,-2.228279,-0.572138,8.279324,0.327089,3.326092,1.613876,-3.533760,2.725218,-2.207846,2.745245,5.709158,-3.725523,1.877468,3.721327,3.746719,2.686125,1.597301,0.476988,8.952856,4.870136,2.415730,1.795898,3.155622,3.434555,0.262665,-3.276661,1
-3.975006,3.794449,-0.323164,-3.480537,1.081667,1.862675,-1.200842,4.686012,-4.104420,-1.767668,0.566841,-2.173706,1.139042,-0.883015,4.250212,0.574713,-0.059748,-7.121221,0.975403,-6.857895,-7.391465,-6.823535,0.004890,-6.758638,5.081137,0.144331,-4.766364,-2.576866,-4.142164,0.247677,1
-1.400322,4.335535,-2.894407,-5.663877,-4.074422,-2.857815,2.774490,5.571060,-1.330563,7.129019,0.385952,4.995523,3.683817,5.487919,0.807327,1.107483,2.065161,2.160444,-1.826979,7.590206,-0.801113,0.266415,0.419365,-0.758329,4.493315,5.544985,3.105352,0.564970,2.230900,-1.165894,1
7.201097,-2.167076,-3.350199,-5.018967,3.180296,-0.631926,-7.467375,0.620903,-6.502984,-3.846425,2.671459,1.974039,-0.922798,-1.714760,5.306007,6.225727,-5.544229,-2.017824,7.933289,3.958950,-1.717058,-3.362364,5.293365,2.227770,3.669401,-0.533751,7.499285,10.499226,6.652510,0.258423,1
-6.832622,7.334064,-2.487289,-3.863816,5.909702,-2.831388,-3.253363,2.863539,2.247717,4.153349,7.568642,0.835655,-1.252058,2.409323,6.576643,2.726133,-0.834953,1.515554,0.917828,-6.349081,5.857985,6.155939,5.221064,2.560905,-2.038754,2.444323,4.743355,-0.903774,-6.544396,3.748201,1
3.895187,-1.024809,-0.729378,-4.649632,-3.781146,0.055565,-0.414810,-0.024183,-2.312996,-1.505505,0.247387,2.540989,1.707277,2.360802,-3.639508,-5.855218,1.171494,8.208687,10.303736,9.642307,-10.495503,-0.776592,6.448576,-9.307023,4.740614,1.981457,2.700291,3.417997,-4.212543,-1.579994,1
-3.483532,5.072542,1.900551,-1.414921,0.331026,-2.650162,0.016243,0.876591,-0.620974,-0.204628,-1.236958,3.312731,2.690592,6.353655,1.578747,-2.658209,4.283195,5.694048,8.492821,1.800415,0.368376,5.991650,-5.468185,7.969427,4.132885,2.133621,8.127148,-3.987837,6.982243,-1.606730,1
-2.753775,1.848604,5.509941,1.581991,-1.763390,-1.128277,6.759302,5.156116,0.820009,4.248726,5.794615,4.218195,1.659773,-3.902212,1.371208,5.360546,-5.679110,-2.108843,0.484310,7.814953,1.181726,1.007725,-1.347166,-3.235590,8.468765,-4.168036,1.710871,1.693024,-2.560583,7.920309,1
3.713669,-4.277891,0.463419,2.940193,3.702187,6.091394,3.196901,-2.632246,-2.816027,-4.817028,1.401257,3.405621,-0.636826,1.695652,3.310469,0.437681,2.204855,-3.471275,2.832617,5.781075,1.163961,4.088154,-0.082741,3.089109,1.063902,-4.668190,-6.472151,-2.465929,1.981443,-3.903730,1
4.678289,12.742432,10.111244,0.785963,0.253134,2.151611,-1.191015,3.791334,-7.767051,-0.300995,-3.234241,-0.532116,2.135780,0.159378,-3.330196,-0.081976,-1.505285,6.101807,2.869907,0.290508,2.941914,2.681179,0.538540,6.338299,-3.979600,-6.345001,-6.390669,-3.153231,11.243553,-0.229609,1
-8.132925,-1.130957,0.075022,5.190413,-0.522543,0.073036,-1.016434,2.089741,3.569321,4.522381,-4.571331,4.176342,0.153566,4.291983,0.267105,8.253206,-1.627649,4.640316,4.906364,3.868879,-0.712856,-3.183823,0.689568,8.941782,7.244953,3.790163,-12.406467,-4.450169,5.855350,6.150364,1
-1.153381,-1.258387,0.492310,-5.896628,2.930708,5.557304,-1.297823,0.759256,5.434158,4.407324,-2.354193,0.810335,3.404903,1.684469,9.879988,2.294712,-2.351950,3.312239,8.595993,-5.940865,3.954523,-1.550360,2.857075,5.803221,5.917252,-3.719419,3.591049,4.980724,-1.408415,14.839714,1
-4.560132,-0.389513,-1.537334,3.219105,-9.730204,-1.401564,7.721367,4.277586,7.659197,-1.085524,-3.948941,-0.410290,-0.564629,2.976616,4.487867,7.750977,0.807280,10.396048,-0.837868,1.958160,1.835466,1.300861,-3.899484,-0.969810,0.852928,1.589838,0.415771,6.464014,0.246317,-0.702023,1
-1.907553,-7.339416,-0.096083,4.789288,5.844435,-7.001149,-5.836710,0.073370,-3.477751,-2.606583,-0.728807,-2.663542,5.545580,0.122137,-0.418444,-2.193157,3.169199,-1.212461,0.394348,7.219601,5.221821,-3.044498,-5.604607,-3.881707,3.436811,7.059410,2.855036,6.956963,-5.400035,5.599461,1
-5.639811,-3.464569,-0.371624,0.030401,1.338724,-1.658506,-4.425910,1.719110,5.983545,5.385447,1.794027,5.723131,3.720222,-2.082098,6.751156,4.268179,-3.048111,3.579060,-1.425070,7.482121,0.865322,-1.792261,2.907724,2.895361,10.179045,3.020218,-3.840828,-2.629553,-6.973915,0.749872,1
4.151337,-0.255146,-4.497474,5.281916,4.458832,1.330074,-5.025796,6.061419,-4.348582,-5.990518,3.086720,6.666637,1.498735,-4.006094,-2.062452,-5.335221,3.033329,-0.086712,-0.750299,-3.521244,-0.773726,3.993940,-0.460041,-0.328598,-4.097694,4.420166,-3.604990,0.670824,1.943680,1.993034,1
-3.462027,2.183123,0.779922,2.289368,8.572971,2.354568,2.328440,-10.276075,-2.595478,7.776648,2.287853,0.745045,1.928602,-3.427393,-0.248634,-3.964226,-0.374359,-3.691102,-0.297363,4.084152,8.595079,1.349361,1.417480,-1.092463,-8.719554,-6.696990,8.481598,-4.755418,-2.256596,-0.110258,1
-2.707239,2.965670,-2.034792,-5.701862,0.191275,-1.653746,-1.152081,-1.513655,1.166883,-5.717697,-4.815887,5.633806,3.945835,-4.336086,-9.232533,1.474895,-2.817596,1.186489,4.367674,-6.813398,-1.947805,-0.810759,3.064339,-6.063609,-0.359810,1.606628,1.326931,3.488995,6.519859,4.905014,1
1.425913,0.583248,0.001169,-3.257906,-1.817450,4.259304,2.983242,3.457775,1.566221,-6.267973,7.334349,-1.757793,5.533524,-0.182489,0.768702,-2.178564,0.002079,0.721182,-4.453492,5.593550,-7.687800,3.121864,4.053492,0.816380,8.532244,3.555887,-2.943331,-3.196226,-0.203423,-3.344637,1
1.977333,-4.192097,3.301380,7.355360,2.414843,-0.100691,5.427612,2.510197,-1.691212,-0.537394,2.623346,5.779293,-4.423498,1.252380,-0.671738,6.899679,1.189756,-0.353331,3.366846,5.212139,0.386602,-0.965485,-0.977539,-1.216814,-3.558685,-1.084770,7.295393,5.790621,4.405758,-4.426766,1
-5.625472,-0.638773,5.025772,2.437887,2.565331,4.652803,4.845732,2.532701,0.714308,-3.170553,-4.880774,4.216194,-1.670485,-2.790466,0.160828,-2.541143,10.054300,-0.429617,5.084970,-1.600344,-2.419222,2.619749,-1.719812,4.202875,-0.309504,3.230978,4.190012,1.415785,1.088621,4.404963,1
3.726208,2.221731,-0.859436,-7.028337,8.519152,0.672857,-3.122864,1.259344,9.220392,8.558472,-1.420691,4.142500,4.413651,-0.255404,2.995920,-3.018230,3.745075,-2.884844,6.137636,-6.843657,-3.755598,3.765413,-0.302998,7.189001,-4.605615,0.176434,4.485968,2.869947,-3.670491,1.633986,1
5.063974,5.680344,6.836309,-5.618428,0.346863,3.179228,-5.572412,-0.003584,3.060972,5.051516,1.158991,3.692427,-5.147485,3.369293,6.836723,-0.384336,-2.210291,-4.406399,-6.733551,3.937191,5.718700,5.596340,3.008438,-6.721778,1.601788,0.218960,-3.393827,-1.935095,6.972609,4.611189,1
3.279041,-7.851254,4.773819,0.634565,8.106228,1.009293,1.473444,-3.984909,5.806732,6.825047,2.237772,-3.996462,1.514799,12.728802,1.773409,5.753197,-4.404273,-4.541017,4.586536,1.827833,3.469271,4.844803,4.426666,0.197817,0.948011,-6.024966,1.164581,-3.827963,-0.156872,5.962296,1
2.765760,4.967426,-0.014467,6.791201,-8.153924,1.548464,0.885483,-0.349590,-0.948723,-4.670192,6.136106,-1.350584,2.042179,6.090136,-0.089403,6.203285,5.274424,1.893379,-5.125742,0.477463,0.125183,4.211828,-1.487923,4.688145,9.803970,0.097431,-7.670859,2.231110,-1.323406,3.237310,1
-0.616840,-4.422771,4.133114,6.710520,-2.372015,7.006536,-0.481724,-2.963516,2.968870,6.331110,3.183884,0.633224,2.539694,7.876574,2.126547,2.541281,6.170422,0.516609,0.546986,-7.886768,-0.749662,3.270782,-3.084175,-2.199383,0.106958,-5.141139,-3.206671,-4.823614,10.654522,1.591417,1
7.320948,4.438379,-9.145823,7.718096,7.369713,1.079983,-5.238756,1.389570,6.682058,-4.724813,-5.368563,6.047541,-4.627847,4.377668,-10.286661,2.855949,8.822002,0.217155,1.721153,3.050951,-0.908730,2.779112,4.981190,-6.168581,-1.569691,6.304461,2.619492,2.022573,-3.035122,1.955866,1
0.531055,-0.827694,3.006378,-3.187956,5.186176,-1.522520,2.779139,-2.553703,0.829262,1.880707,-1.397533,4.588928,2.228115,-0.350130,4.792276,0.131912,6.159082,1.355457,-2.753183,10.002113,4.695478,1.789507,10.021648,-2.502996,4.099476,2.482088,9.286594,-0.069738,-5.315777,7.013237,1
-6.778774,7.036175,7.214457,2.767166,-3.798424,1.018639,0.100403,2.086067,-1.394478,-1.075176,1.499695,-0.995916,-3.330257,-4.793815,-2.226524,-6.366781,1.485596,5.457947,7.491396,-3.824872,0.397709,-4.170236,2.213964,4.231398,8.983810,2.166601,5.068050,0.044167,2.580242,5.480011,1
0.117153,6.286095,4.810688,0.961964,8.903244,-6.977723,3.132786,-3.385612,5.304911,0.662088,9.917885,-0.400726,0.477791,0.194857,-4.567371,-2.716793,-0.089794,0.581062,2.690855,1.854288,4.739273,-2.382130,-2.186047,1.729475,3.072639,6.946922,-0.376301,6.987711,3.877409,-4.674967,1
5.542372,5.200050,-1.811468,3.271608,2.949360,2.276031,0.937361,-9.312854,-7.223321,-2.650459,0.521696,0.005625,-1.518164,2.736357,-0.127752,-0.410673,3.424320,6.001566,-0.222189,4.555984,0.229156,0.498301,3.870979,5.513210,-1.421032,2.429653,5.777647,4.983562,8.168556,3.513458,1
-2.196285,-3.679081,3.550592,-5.543568,-7.909474,-0.494524,2.907356,3.861279,-5.980031,-1.957434,4.927128,8.387011,-1.899490,2.240637,-0.416571,4.843914,1.028231,-2.480539,-3.618152,-2.492338,5.784433,-2.570065,6.554365,-0.757700,-0.438250,2.824804,8.274014,1.833473,3.488113,1.091764,1
3.729193,8.758648,-3.338961,2.202860,-1.889168,2.357618,1.318846,-1.784683,4.210428,-1.271616,0.073086,0.228636,4.766323,1.604935,1.515163,4.683455,7.520582,-3.039326,5.004469,3.422953,4.790236,7.251194,-4.152248,-3.064331,1.438763,3.711552,-1.254133,5.569962,4.160278,-8.410341,1
3.046383,0.098324,0.999386,-4.301930,-3.423861,3.835064,11.058781,-0.122095,12.385683,2.532833,-3.067116,6.561026,2.973385,4.528954,2.456545,0.235531,-1.811834,7.831850,4.065077,0.453733,-0.405214,-9.588975,8.222328,0.884464,1.509008,4.243246,1.581924,-1.875889,2.514017,6.140648,1
-0.841755,-4.240469,-2.988516,-3.742846,-3.571410,-3.127415,-3.545523,0.084732,-1.014656,0.227165,-0.908535,-5.762429,-1.099573,1.151766,-2.820171,-2.802223,3.080395,1.097511,1.845911,0.416153,2.096027,-3.024828,-5.641541,-4.011387,4.143633,-1.409197,-2.400360,5.753923,-1.505426,9.380581,1
9.129225,11.789333,-0.026449,-2.761456,1.016413,-1.468306,2.636803,9.842728,6.206114,3.172031,3.817011,-3.105207,2.026686,3.744896,-8.281807,-0.851213,3.317165,2.569862,3.934494,-3.415312,-2.276485,4.235327,5.199478,-0.822840,-3.417309,-1.427341,4.169943,-2.215626,7.339792,-1.476700,1
0.828781,-3.324030,-1.243481,-3.719562,-1.733887,-4.865012,5.761904,1.449217,-6.750737,3.838007,-1.485313,-1.752851,0.428682,1.634609,0.213905,-0.426395,2.809082,0.050615,5.273729,-0.955753,7.497923,-4.620455,-4.793333,6.420454,3.764360,1.786070,-0.652288,1.870445,3.764013,4.016075,1
3.059082,3.468643,2.047340,3.404097,3.013811,-3.901146,9.736053,1.131399,0.678553,-2.924778,-0.355200,-3.379135,3.900211,7.230125,3.591660,5.644978,2.464354,-6.691577,3.252659,-2.722261,1.221230,0.283892,2.696150,-5.289192,0.021099,6.366108,0.160936,0.145847,0.151571,3.271280,1
3.596178,3.034149,-0.251831,-1.310596,0.257242,7.610901,-6.041633,0.078623,8.017008,-0.897655,1.991480,-7.145889,0.640154,3.087711,7.521227,-5.864190,-3.038015,-0.438475,-3.170506,-2.335394,-1.601336,2.829977,4.710634,3.021843,-1.930838,-3.963078,10.406235,7.147179,8.580139,4.727211,1
-1.450623,-4.075387,-1.270300,-0.184824,-0.525063,-0.704697,0.133545,-0.569910,-2.545326,-1.966246,2.729694,1.085419,1.568008,2.678381,-1.871696,7.021639,3.231833,0.064173,0.552814,2.016525,-2.391121,2.898928,7.070326,1.516682,-1.710114,1.012997,-1.817194,-1.384302,-1.504963,-0.686621,1
-2.634186,6.614100,-2.008615,-6.750909,-2.169785,-5.851356,-1.084049,-4.078664,0.728767,-0.481995,9.472645,-4.855360,-0.062792,7.083542,4.652788,1.524752,-4.900827,4.752131,5.801336,-5.117761,1.667870,-4.407160,5.022221,1.665512,-5.933496,-0.067341,2.498528,4.549520,3.953125,4.760929,1
-0.756016,6.853680,0.732086,4.648788,2.550896,1.968767,-2.413824,1.336533,3.626411,-1.651999,1.342966,2.160625,7.688805,-1.179728,-0.345358,1.711927,2.702267,8.543592,0.783173,7.628290,-0.995726,-2.004339,8.673250,2.540173,3.980947,0.280130,-0.461227,4.177486,2.491663,0.479576,1
-1.612310,5.777615,-4.969457,0.755754,0.095266,-4.028983,1.347704,-3.343344,-5.358621,6.623747,4.549234,4.210032,1.129860,5.640041,1.563211,-2.788013,-2.589392,0.942301,-4.571643,2.813040,0.829865,-4.202530,5.768044,-7.884734,-0.988104,1.498131,0.963335,-2.813913,-1.182684,4.553438,1
-0.951138,-0.345488,-0.020195,-1.230326,4.632681,4.956038,2.534403,-6.135927,3.008904,-0.491568,7.740582,7.593803,1.678514,5.842106,5.553583,3.266207,4.775713,6.474215,-4.208904,8.799898,8.726641,-0.294176,-3.583043,2.022486,-0.905563,-7.838282,0.183386,-3.218508,-5.358880,2.595331,1
-3.291643,-1.257540,2.283524,1.230873,-0.903055,5.940517,1.253439,4.487061,-0.924829,-7.875178,3.177248,3.457436,-2.980198,0.421669,-2.278723,-2.461462,5.666748,-0.697453,-2.758074,1.136482,7.364862,-0.650764,-2.333189,-2.762035,-0.134382,-7.053493,-0.253805,-1.730368,-3.535490,8.227945,1
4.638330,5.488729,5.157894,6.166849,4.454121,4.079441,-1.641569,7.097576,0.655256,0.117756,1.001680,2.142761,5.475441,6.120493,-3.519495,-2.097322,7.429277,0.424725,0.315439,1.397964,2.601778,-4.758123,-2.500645,3.163830,-4.978231,6.125494,7.008224,6.408787,1.771467,-1.878027,1
1.617916,-4.667851,8.464449,-0.489212,-1.388187,2.487366,-0.994591,-1.034166,3.282358,1.190430,-2.665836,-3.043432,-1.595705,1.616287,2.387693,0.682957,-5.333187,0.492640,2.391289,5.349371,1.155302,2.563551,-1.335482,-1.209442,-10.321604,1.667170,0.466572,6.133261,1.111359,-1.219856,1
-5.294942,10.181828,1.571028,3.863152,4.973614,-7.997172,-2.811388,-0.446388,2.784891,5.138660,-0.050871,3.991596,3.176657,1.981001,10.093557,3.101685,-0.945629,-5.728030,-1.500118,2.004597,0.176001,1.374504,6.568142,5.317532,2.305149,-1.235527,-0.295771,-8.249562,4.252949,1.729769,1
0.853876,1.906584,-2.238358,2.149351,-4.183807,9.448669,4.288914,4.893129,-6.343367,-3.197922,3.147503,8.867939,3.549953,-1.167931,-5.525979,-0.669266,1.574799,-7.464651,0.986570,1.453337,0.872114,4.851021,4.943804,-4.120180,-1.483559,3.361366,4.443377,-0.665586,-1.764103,1.399788,1
4.285547,3.624960,1.505333,0.670021,-0.121607,4.182554,5.998390,5.758795,0.912706,-5.911606,5.783522,0.688530,-7.750676,0.753012,4.899120,-1.465364,6.075371,3.603830,1.624243,-3.604481,1.928810,3.971016,6.510584,-4.431633,-6.352365,-4.437270,0.420900,1.088221,-2.461514,5.424665,1
-1.396545,-1.581036,4.877491,1.091072,0.194221,-0.288334,-0.916079,4.018744,4.464321,-0.585457,2.197414,-3.463221,1.932081,7.078810,1.634060,-3.812130,6.999855,-1.049000,-0.291582,2.792135,5.606852,-3.291740,4.077009,-2.608875,1.108294,8.234901,-4.227060,0.972134,1.753132,-8.481669,1
-5.019430,7.183247,-6.919484,-2.059727,-4.148743,7.600506,1.964508,5.594986,7.779661,9.226000,-5.692416,5.119703,1.880938,8.156586,-0.259359,0.126621,5.140808,-1.040499,7.541180,1.175638,-9.028777,-0.909657,3.607189,-2.457306,-0.943411,0.391760,4.140406,5.025293,4.580393,3.845114,1
-0.865309,1.611071,-2.664988,0.311520,-1.873859,4.561008,3.204643,-2.164839,3.870985,2.415213,0.701214,1.257189,0.401970,-2.865822,2.628380,2.295113,0.048738,0.149744,0.480700,-3.386345,1.124010,3.062197,0.387177,0.457890,-2.723087,2.609118,2.427641,1.524162,7.893387,6.928690,1
3.263790,0.961544,-6.059841,3.591908,-6.470274,-6.063311,-6.877084,3.027124,5.285210,5.573246,0.422312,1.283066,-3.306074,3.974144,2.571182,-4.481415,2.729210,2.518322,-2.926767,2.267134,-0.688869,6.033859,1.293062,-0.579138,2.788488,2.273699,1.694521,1.200552,0.997427,-6.237193,1
3.592846,8.977282,2.796350,1.489847,4.445206,0.863167,9.083210,4.870081,2.425137,-1.052298,4.382862,-8.981732,-1.998003,2.014656,1.398361,6.547752,6.577387,7.342489,-0.151749,-3.147945,3.410486,0.377817,-2.021709,4.113403,-2.092810,4.030228,2.067446,7.868782,-1.285677,5.912855,1
1.133272,0.130325,0.445446,5.679482,-3.713839,-0.526005,0.331444,-0.926144,9.062302,1.960041,0.213045,1.570873,5.990829,1.788773,8.642628,-2.156630,2.678669,2.347479,1.879196,0.987778,3.585350,4.801374,-7.631669,-0.728546,0.173441,5.642921,1.244751,-1.473961,-1.385059,2.251425,1
-1.815451,9.994390,0.701719,-0.611744,3.345699,1.469955,-1.420620,6.741238,1.358595,-3.480469,2.580362,4.755873,6.689318,2.356911,3.148203,4.377901,-0.223366,-5.364140,-2.144693,0.239134,6.672394,-4.255919,-0.030668,7.208738,5.942400,9.518724,-3.338058,-4.330786,-1.292383,-8.979733,1
3.837191,2.761749,1.157541,1.710396,0.647945,-2.881786,2.405178,0.010477,8.401104,2.135687,0.460203,-6.345394,2.393448,-3.772789,6.617527,2.667612,-0.085375,3.803778,-0.748135,-4.287712,-0.357578,0.188433,5.854548,-1.805964,0.663342,7.426256,3.773497,-2.745468,4.725353,3.508812,1
0.279295,-2.192888,-0.907288,3.892321,6.122000,3.282377,3.150345,0.221981,2.957600,-4.513254,5.684824,3.692028,2.627424,5.124321,-3.573569,4.470491,0.898193,-4.454652,-5.008409,0.922346,-3.907243,0.201488,-5.411570,-1.710510,0.837618,-0.403919,4.598721,6.162785,5.565826,-1.271130,1
2.240606,-5.344503,2.252586,-2.821049,0.354116,0.806080,3.143032,5.239944,1.225775,-0.173967,-0.457888,5.310076,4.144245,-2.872950,1.424713,-7.768740,1.091700,-5.493023,2.697050,-1.990061,-2.159618,4.815622,-2.786369,0.929647,-0.953487,-7.618481,-0.104025,0.471867,0.518230,6.030010,1
-3.981223,-2.916128,-2.370834,8.341120,3.649195,-7.688706,2.558014,2.433933,-5.820838,0.209030,4.290142,0.625286,-0.992928,1.676100,-0.532349,-0.051891,-0.397520,-3.000111,2.037153,2.455816,-4.474056,2.656815,1.066500,5.462595,-6.012576,-2.432192,-4.232228,-8.805676,1.586397,-0.678461,1
4.636240,8.054737,2.227140,0.942141,-7.799461,-7.222239,-6.294207,-1.978138,-3.126989,2.093538,5.380939,2.201170,2.890659,4.751583,-4.250399,-2.506796,1.260809,-0.974501,10.198908,5.191242,5.107981,-1.690445,-3.568357,-1.854254,1.176302,-0.357281,3.598101,2.697844,0.782335,9.272043,1
-4.387299,2.264790,0.565250,1.524292,-5.920040,0.330698,4.594805,-3.290577,0.158430,4.518322,1.789730,-4.601379,1.217573,1.618635,0.024218,5.892311,0.528315,-0.957945,2.462212,0.863935,1.246380,5.931490,-0.561312,9.983267,2.670010,10.831583,-10.101657,2.624500,-10.442190,1.271231,1
3.922482,0.757607,1.742031,-2.383575,3.894800,3.636427,-2.435589,-5.434944,-0.803833,-0.771362,-0.434813,-1.242432,-9.876742,4.387613,2.456402,10.108719,1.654179,-1.290840,2.498028,3.791826,2.144520,-2.676527,5.491888,0.904388,2.355581,5.724848,2.820612,-3.026066,-6.093190,7.138657,1
7.630569,-1.704762,-3.638086,-0.592459,1.538403,5.505030,-0.277884,3.129890,1.196564,8.234737,3.074648,1.972961,1.867762,0.875376,-4.855484,-7.136968,5.715860,-7.377555,-1.982748,1.805826,2.652012,-0.580233,-3.949666,3.085062,4.003244,-1.424984,7.125273,-0.262524,3.181047,-7.845839,1
-3.125351,0.226748,-6.434938,-2.795052,1.799427,0.587097,-1.498732,7.075872,4.516363,3.511129,0.048269,1.680719,5.186646,-3.401863,-2.400507,0.805000,8.250359,2.161343,-1.241310,-0.856871,5.251930,7.767588,0.490053,-2.546968,-0.883917,3.212278,0.315594,6.598118,1.757627,0.344416,1
-1.921902,-1.101385,-1.406965,1.636772,0.989491,-1.971279,-6.323157,-1.984407,-5.709537,-3.851277,5.743162,3.906670,-0.225611,-2.060091,-6.827783,1.443737,4.956343,7.693855,-4.929439,-1.887754,-2.891153,1.325613,2.892742,6.901722,-0.312923,-0.295584,3.259447,3.943428,-9.192670,-2.458464,1
3.069344,0.259943,5.069229,1.521692,7.987425,7.669685,0.043262,7.980305,6.762203,1.523903,-1.561666,-1.282537,-0.303780,-4.649986,-1.537415,-3.254988,-0.774364,-0.541304,5.280552,3.394655,11.441557,3.436932,2.245636,1.425091,0.288614,0.750059,5.253580,0.922575,3.053677,0.052839,1
-1.446608,6.672361,7.070433,2.333525,6.675520,-5.592244,0.712847,-1.311920,-0.799694,4.157001,-1.877924,-8.317363,2.006954,-4.361562,-0.753382,-4.140699,-2.890982,-2.258633,-2.352406,-0.940060,1.182808,-2.319422,-3.453966,-1.368221,2.848488,2.765079,-3.947682,6.343689,8.343481,3.604654,1
1.922972,-6.112193,-4.772013,-1.896143,-0.062340,0.393322,1.898209,-6.687724,-0.365969,-1.434378,-4.023167,1.280600,5.781641,-6.013935,2.531820,-2.592081,-7.830093,-4.184395,0.373379,-8.164863,-3.288036,-4.285006,3.985939,-7.506847,-2.648598,6.785469,-1.429041,-1.903347,1.346575,0.038485,0
3.018675,-2.280796,-4.913710,-3.661840,-1.197332,-7.493590,2.088762,-2.369343,-1.544336,-8.704616,-3.188980,4.622194,-5.830352,-2.131111,-6.065455,-3.425636,-3.048336,-0.915028,0.559895,-7.599369,-3.966944,-0.744553,6.031349,-6.194390,-1.121149,0.914312,0.463274,-1.164579,0.758354,-4.375660,0
2.164112,-3.541748,2.671282,-7.101999,2.789413,6.320271,2.393959,-9.541945,1.486141,-0.529551,4.676149,-2.078123,5.576082,-1.977468,-0.577662,-3.766651,-1.699543,-5.100943,-6.211637,-3.896755,-2.020050,-1.276802,-1.945269,3.912292,0.689587,-0.624327,8.289610,-4.689991,-6.135122,-6.760185,0
3.984255,1.890575,-2.068787,-0.808502,-8.299246,-2.715860,7.241898,1.104347,2.932644,-4.364601,-5.333359,3.019289,-5.935425,3.073189,-3.530144,-1.530994,-0.832907,0.799072,-7.535711,-2.734560,-2.970154,-2.202814,-2.776079,-3.115334,1.736101,2.000965,3.767958,-2.356855,-1.396429,2.115828,0
2.161119,-0.409700,-3.016985,4.987280,-4.198435,-5.092482,5.584560,2.558983,-6.685940,-3.104118,6.249418,0.949812,4.043882,3.917065,-2.283682,-0.106529,-6.483699,1.064947,-3.397261,-4.081251,-6.482132,-4.876970,-2.137516,3.840870,-5.425461,8.564993,0.622440,-0.183588,5.410082,0.542366,0
-2.255356,-2.167412,-4.916845,3.389339,-7.360229,2.287561,0.658804,2.143957,-2.033615,3.666142,2.360283,-4.185726,2.401733,2.481852,-0.452175,-10.440894,2.168432,5.558895,0.299444,1.606915,-1.184788,-1.739735,1.157093,6.736490,8.309078,-4.928373,-0.254524,0.791054,5.525518,6.093197,0
-3.956413,1.580845,-4.099913,-1.576315,-7.071758,-0.919914,-0.825821,-3.026508,2.948483,-8.474814,2.290834,-5.598884,1.666096,2.340332,-0.049547,-1.104162,-0.199871,-6.032504,-0.002741,-2.445494,-6.293507,8.049955,-2.271814,2.689581,0.093637,-4.068745,-7.243600,-8.406602,-0.347382,0.052174,0
4.818647,-0.657698,3.688162,-2.755192,0.602318,6.715906,-6.641574,4.036715,-4.752674,-1.063540,-5.168962,12.018364,3.874012,1.470560,-2.315184,2.338118,-3.007801,0.856752,4.701263,1.766317,0.926535,-1.950880,-7.497889,-4.492615,-2.447803,-0.270981,-5.515762,0.386633,-9.713542,-1.186329,0
-0.717560,-2.103823,-2.514711,-1.201298,-5.599648,0.704554,3.242252,-0.613600,1.567102,3.058908,4.429806,-6.897646,-1.978153,2.297071,-6.373843,0.499004,0.819901,-8.599009,1.102776,-0.960606,5.993473,2.500164,1.129536,-2.463194,-2.122522,-11.193027,-1.374008,-4.167482,3.023077,-10.628081,0
3.634098,-4.186459,1.612732,-5.438812,-0.965849,-2.927502,-4.965372,-4.611374,-0.701015,0.651093,-0.894129,-1.291071,-3.112911,1.443447,-0.936155,-3.695610,1.958324,3.071611,1.290869,-1.524967,3.773575,1.111635,4.852558,-4.873268,2.335379,-0.429363,6.058104,1.830637,3.384573,1.274658,0
4.460279,-8.743663,1.568037,2.024809,-4.195724,-1.966640,-1.173912,-7.696900,-3.878700,-0.555593,-5.204653,2.131258,3.650564,-0.684307,-6.045221,-4.167963,3.683491,-5.726828,-1.350332,-3.285082,-2.618952,7.292988,-9.482697,0.419823,-2.712677,-0.114515,-1.043303,4.103271,-4.819763,-4.549641,0
-3.254839,-5.721464,-1.488234,8.370867,-5.391066,-1.444441,0.294998,4.133642,-3.885067,0.237160,-2.104437,5.025730,-0.505983,-2.768503,1.657045,-0.253654,-10.207499,-3.427191,-2.498142,-0.183413,3.377283,3.266226,-1.071798,1.330343,-3.215790,-5.164515,-13.948309,-0.617641,-6.223076,-0.017525,0
0.484524,1.957272,0.704618,-4.012711,-6.353092,-0.967800,-7.283116,1.126810,2.618620,-1.354620,0.767647,-1.921825,4.487438,-2.658018,3.392282,2.735498,6.669167,-5.609821,-2.550301,-5.628773,-7.440648,-4.076607,-1.430470,9.695251,-3.051836,-4.438293,-2.010437,4.322824,-2.887409,3.752991,0
-6.179273,-3.969963,0.193726,-7.243458,3.627745,-1.553463,-4.334156,1.850458,2.522390,-1.863649,-2.109108,1.625597,0.583006,-0.522598,-1.166473,-0.792547,-5.556076,5.303547,-5.789091,-4.724081,2.054853,-1.668289,-5.819468,-1.335493,-2.921921,-2.766392,-1.299931,-3.172829,0.371374,-1.093307,0
-3.819765,4.368628,-0.911219,-1.842619,1.096104,-6.076180,6.310543,-1.489359,-4.339605,0.630323,-7.786651,-4.837467,-1.236216,-5.068020,-3.190037,0.332205,-2.981823,0.018307,-2.887344,2.637522,-2.154072,-1.395571,3.754122,-0.548664,-2.030743,-4.586409,-2.728954,-1.701759,-0.604742,-0.007721,0
-0.342409,-1.219126,1.057409,-4.447584,-5.226210,-2.553995,-0.501532,2.374420,4.106773,-4.261860,3.391024,3.735058,1.504328,2.813036,6.685583,-5.071180,-0.821524,4.006994,-0.445364,-1.479696,0.056074,-2.906765,-1.983734,0.382938,0.230032,3.225206,3.243649,-1.045502,-5.580756,-6.672184,0
0.214394,-3.948595,-3.058739,3.648344,-0.169479,4.571091,-1.709345,-3.223492,2.083414,-3.341085,-5.785117,-0.868481,-3.867550,4.793341,1.795254,-5.332413,-7.057646,-6.109345,3.233833,-3.330080,-1.461700,-4.141256,-0.810827,4.708502,0.937635,-6.190273,-2.061579,-1.133881,-2.221338,0.911751,0
3.053436,7.133801,2.638414,-4.161119,-4.215105,4.403324,1.833788,-5.708548,-4.256931,-3.263987,3.146633,4.715477,-3.472546,2.699726,-7.975273,-0.140102,-1.529703,-3.951088,-4.252832,1.901945,-2.279388,-1.455070,0.573902,-0.337624,-3.150396,-4.958607,1.305639,-6.595656,-5.358398,5.894901,0
2.160057,-3.896950,3.333879,0.391670,3.124533,1.675056,-2.863752,0.211515,-1.598783,-4.784252,-3.020689,-5.506792,4.430601,2.559889,-5.374010,2.664339,-1.248615,0.460768,-0.072104,-7.983747,-5.548820,-4.022802,-4.599485,9.459087,3.532419,-2.547760,-8.100255,6.255779,-2.973457,-4.499224,0
-2.775097,-1.752602,-4.316271,-3.694021,4.128235,0.481838,-4.102037,0.504704,2.455359,-4.773279,3.351814,-0.207474,-3.285536,3.260698,2.255215,-4.533766,-3.419054,5.540947,-5.845075,-8.111538,-4.811733,0.828726,1.011217,-8.549539,1.917160,-1.797705,6.667595,0.904459,-3.689394,-2.003191,0
5.568329,5.265585,-10.246175,-2.747030,3.891556,-1.388617,-9.197155,-4.679577,-7.628261,-6.785915,-5.263432,3.626072,-4.880980,8.645105,0.292048,3.643223,2.604303,0.232141,-0.467884,-3.702974,-2.697002,-3.305569,-2.849825,0.927996,7.595955,-3.734406,7.106005,-7.598853,-0.268816,1.855722,0
3.726875,5.262211,-2.896780,10.271191,-5.290789,6.573349,-7.288594,0.848900,3.059740,-2.125029,-2.092596,-2.703016,0.913340,-6.446733,-15.131908,-2.815247,-3.378420,1.638695,-2.227127,-2.690947,0.505615,-8.859434,-0.554054,-6.813298,5.881104,3.072433,-2.129585,4.142828,5.829266,-4.723930,0
-0.286915,-2.676949,-6.874251,-3.471579,-4.945068,6.485132,2.141674,1.095375,2.599598,-6.114229,2.930639,-5.046009,4.703119,-1.393707,0.527153,2.301497,2.197561,-0.451229,-0.447025,3.745796,-1.767715,-5.234200,-1.755108,-0.521889,3.104181,-7.150009,-1.877478,-3.099337,1.397902,-7.375069,0
2.671419,3.986359,2.241537,-3.298887,-4.781580,-5.669635,-4.720419,-0.023634,0.896452,-3.681534,0.595585,7.269867,-0.094105,1.060127,-1.022730,-2.788273,-2.543909,3.855324,3.379347,-3.082481,-3.002905,1.525515,-0.471237,-2.012489,1.410273,4.380651,-3.642481,-4.314074,-3.371315,-3.803495,0
9.424255,7.844770,-3.931934,-6.141320,-5.243620,2.695589,-2.722515,4.068174,3.743433,-5.696765,0.473305,-6.292786,0.826187,3.569033,-9.664200,-3.715618,3.404570,6.418425,-0.620998,8.381516,0.640247,-0.037664,-6.627237,2.358412,-5.179090,1.851830,11.304691,-1.404352,1.699173,-0.637180,0
-1.527622,3.670670,0.934006,4.875309,2.818419,5.649122,4.494108,0.970030,-1.135956,0.637997,-5.479282,-6.500982,-4.781610,-6.140909,-2.099030,-4.019415,0.295158,-8.081092,-0.703554,-0.161781,-0.693420,-6.668522,-1.262611,-7.460093,-7.541267,-2.993387,-0.986574,2.679930,-5.777170,-1.328932,0
-1.962633,-2.519375,2.682766,-5.976476,-1.472992,4.707464,-0.256628,-1.470413,3.357880,-5.620182,1.568146,-0.271915,-2.557821,3.106258,-4.418842,5.930140,-3.075350,-1.211927,-0.259424,2.456215,0.248245,-4.004610,-4.220556,-5.628482,3.121365,0.354107,-0.176117,-4.392450,5.935047,-4.701796,0
-3.158833,1.492035,5.711245,-3.467392,-0.405254,-1.555582,-0.755363,2.178024,-3.776852,-5.452354,-8.208056,-0.893583,0.505140,-3.219198,0.779058,-1.270752,-3.756529,-2.573128,2.041611,-4.198284,3.287283,-4.156343,-4.943474,-9.419846,5.345093,4.060339,8.832375,2.900696,-2.904453,1.166235,0
5.428297,-1.257589,-1.031246,3.295057,-1.556883,-2.422091,5.593605,2.378670,4.340906,-6.392155,1.050591,5.056982,-0.833881,-6.279146,-2.478899,-1.061457,-2.079782,0.464161,-2.864647,2.813175,-3.626575,-1.123207,-0.226374,3.136316,4.801817,-8.941032,2.533340,-6.552344,-2.725073,-0.191925,0
-0.148186,-4.132652,-1.841986,1.858286,-7.370396,-1.137781,-7.481047,-6.249406,-3.947594,-3.127726,-1.151423,0.199591,3.935085,2.919535,3.173132,2.641552,2.235867,1.039053,-1.278540,5.830605,5.338448,-4.205462,-1.518858,4.166439,1.728561,-0.580654,2.118769,-3.255531,-2.930372,-6.517305,0
-1.968071,0.878370,0.892082,0.528843,-1.420696,-0.893816,-2.990734,-3.583500,-5.236708,-9.344141,0.911915,1.768524,3.025663,-5.648587,-6.701701,-1.424570,-2.991743,0.824591,-1.981012,-3.921043,0.459156,0.931297,-3.984184,2.075617,-2.355186,0.986742,0.288015,-3.648193,1.116264,-0.877859,0
-6.027379,-5.330698,5.581144,-2.629250,0.418890,0.586836,-2.208162,0.032444,-6.339147,7.057165,-3.564650,-1.075838,1.954609,4.867352,-1.310129,-4.197094,0.608835,0.021156,6.498526,-1.666206,5.604445,1.993547,5.756159,-4.854073,-2.572931,-6.794681,-7.110541,0.309576,-4.765022,3.812885,0
1.296331,1.366264,-8.758564,2.029020,-6.867372,-1.132887,-6.064727,2.475384,2.546295,-3.872875,-5.841523,0.074419,-5.484093,-1.781538,3.120066,4.099453,2.917826,-7.932681,1.504450,3.625334,-2.982687,2.298809,-1.353008,4.830919,-2.511148,3.850111,-9.450757,9.190851,-3.244608,-2.999714,0
-1.956141,1.907715,0.889088,-5.445312,1.683786,1.303410,-2.116880,2.284662,-0.103323,0.108364,-5.723026,1.266869,-3.754318,1.983662,-2.272463,2.296253,-4.523865,3.030432,2.878529,-3.264957,-0.454298,1.032507,-3.982044,2.231550,-2.298508,-0.135656,0.486753,-2.218063,-3.918356,-2.735529,0
-2.445848,5.232630,-0.246691,-0.505493,3.259836,0.899517,-4.401157,2.609804,1.842913,-1.373837,-3.409395,2.513294,-5.658011,-6.321728,8.575439,-10.390077,-0.964460,-5.013542,-1.392994,-6.173270,-1.577177,1.040295,-1.062113,3.920410,3.271391,-9.829889,2.658203,-3.920116,-7.790218,-1.023674,0
1.765537,6.321684,-5.141167,-0.707016,2.121790,6.183804,-2.508217,-1.914484,0.042585,-1.101311,-1.445646,-8.748726,-3.176687,-1.072218,-4.414465,-0.450882,-7.728591,0.933672,1.584604,5.859972,2.897253,2.799822,-7.558856,-4.442028,-1.807621,-5.728813,-5.165968,-5.479681,-0.669285,-1.533142,0
-4.037432,2.852695,-2.164080,-3.431019,-7.355013,-9.519017,-1.782598,-5.052702,-1.995930,-6.011272,1.187965,-3.201963,-3.288345,5.700766,-2.196007,-6.532658,-1.517656,3.260311,-2.976309,1.815035,-0.382629,-1.017885,7.180244,0.417982,3.693644,4.263474,-6.977643,-4.209333,-0.346962,-0.839796,0
7.483095,-2.554043,-2.129681,-5.682171,-0.745478,-2.730892,1.676212,4.905952,-1.051441,-7.825690,1.565664,-7.612331,-7.666678,-9.480872,-1.646181,1.859150,-2.608419,-4.859236,0.674896,-5.087904,-2.553812,-2.222700,2.988142,-1.087156,3.884130,-6.692662,-2.855038,-9.061871,2.664192,-2.574429,0
2.338581,-5.422077,-1.665180,-7.385058,-7.263270,1.613655,-0.143969,-2.714006,-6.904340,-7.090662,-1.498026,4.085045,5.295170,-3.280275,-5.362869,-1.783527,0.143745,4.935102,0.396265,4.475233,3.808533,9.024683,1.938595,-4.452620,8.312113,0.102707,-0.262867,-7.663426,1.378057,-5.543898,0
-2.080359,-7.539721,3.719225,-0.691378,-7.930022,-2.928082,4.202343,-5.567399,7.756384,-5.206041,4.579367,-3.851616,5.131533,0.308119,-0.370720,-4.639265,-1.397400,-9.004908,1.928995,-2.933798,0.933323,-1.410170,1.575935,-7.602304,6.988644,3.465210,-8.658596,-0.719894,-1.812305,-1.132338,0
4.026819,1.008512,3.402361,5.505646,-4.060076,-4.423981,1.373573,0.257048,1.675676,0.556841,3.614647,-1.184980,-1.658043,6.882963,3.581484,3.175552,0.501822,-5.408339,3.995070,-1.855383,3.154181,-1.860865,0.158167,-1.731277,-4.482021,-2.067945,3.244596,-5.716027,-3.970270,-0.367510,0
5.574268,-3.015320,-3.336521,-1.288731,8.126303,-4.510715,2.167528,-4.614273,-4.721590,2.067341,1.871840,-4.768856,-2.294958,-4.645061,3.990297,0.850687,-3.776817,-6.757058,-3.181292,-5.968458,-1.374250,-4.930014,-0.176378,-1.001373,-4.339867,3.456022,-4.053391,4.071850,-1.826960,-6.040733,0
2.062746,2.995211,2.826578,-0.359240,-4.054230,5.650324,-1.415686,-1.399250,-4.067251,-5.689749,-2.470785,-4.164782,-5.109564,-3.837740,3.636219,0.068258,-4.679646,-6.659709,-7.436570,-4.205362,-7.545510,-2.476389,-2.558105,-6.921710,-6.579358,0.148289,-3.523195,-1.478449,-2.502136,-5.009914,0
5.042929,2.846119,-1.072731,3.814581,-4.479549,-3.053759,4.623392,-0.057098,7.024036,-3.636326,-3.783360,-4.031540,-2.123838,-2.426676,-9.907963,1.075319,1.216948,-1.479380,-6.128036,-2.085306,-8.622191,2.313540,4.547888,-1.456642,3.541405,1.204458,-6.167601,-3.728472,-8.100044,-4.441422,0
2.932634,-8.036678,4.194616,4.552185,-1.822439,4.081417,0.260176,5.173254,-3.186754,-6.452177,-8.255354,-1.156725,-7.449217,-2.091883,6.052414,-1.412638,-0.712675,-4.581642,-6.332436,0.347807,2.848555,1.122570,-3.897341,1.194412,4.996428,-3.300987,-8.624312,-1.258514,-4.755470,-0.395176,0
2.160328,-2.771971,5.200096,-4.298832,-2.238041,2.614147,-2.833878,8.522833,-4.819889,-2.305693,3.439320,6.031858,-1.412214,-1.927580,-9.381275,6.587942,-7.945047,4.374239,-3.798628,2.420321,-1.598774,-1.678944,-4.111523,1.292398,0.173376,0.378107,-4.530649,-0.087313,-7.510498,-8.100284,0
0.087202,1.061541,-0.606468,3.177605,-8.586626,-6.741945,-4.923265,-3.689270,-2.291014,-2.101198,-4.690598,0.858728,-1.300978,-2.104650,0.652193,2.361824,1.363638,0.021742,-6.184686,-2.684223,-1.984926,-0.715715,2.845856,-1.937889,-4.607254,1.812695,-3.569843,8.923100,3.273190,10.366293,0
1.623276,-1.789026,-3.601557,-1.439381,0.857096,4.099957,-2.501263,4.293541,-3.801456,0.029606,-1.947054,-3.135103,-1.916988,2.478285,-2.313070,-8.433049,-1.170938,-5.792016,1.668491,-11.703754,0.284613,-5.140753,2.683405,-2.531216,-0.188221,-1.185606,-3.508450,-2.464745,0.660904,-6.418776,0
-6.039880,-2.729374,-6.724440,-0.571335,-6.790398,-2.914791,-2.777269,-3.415825,-3.086626,2.457407,2.030100,4.775454,-4.797215,5.057863,0.751966,-9.167176,0.074387,-2.456488,-6.902428,0.764458,-6.274666,-1.900501,-5.151142,-5.676350,-6.480727,-0.617741,3.915915,-7.158092,-2.033922,-7.804310,0
-1.433855,-5.730369,-4.089611,-2.169846,-7.627276,0.894154,-2.947901,-2.985188,0.204491,-1.050116,2.047434,-10.116534,-2.043150,-4.248423,-2.539314,-0.932478,-1.023222,6.400564,-4.764767,-5.956179,6.139326,2.545805,-1.799318,3.018929,-2.758820,-0.383965,-1.718077,3.198189,-1.188919,0.160891,0
8.499277,-2.696318,-5.562976,-0.442337,1.016701,7.705578,-1.412773,1.982769,1.017365,-1.665539,4.676270,-5.934457,2.520147,1.128359,-6.225969,-9.633363,-1.106878,0.585484,-0.444752,-1.606125,-1.425840,2.082939,-2.221622,-1.901211,3.877220,4.429094,-7.343499,8.099558,0.322290,-6.300550,0
0.384295,6.117155,-3.365055,4.718103,-5.433693,-3.663275,3.452456,-5.617655,-0.273808,-5.951173,-3.995630,3.044724,-6.783019,-3.115026,-5.148674,2.353037,0.346958,-2.785866,1.686306,3.312170,-2.482851,-8.627882,-4.782591,-4.480394,-2.762714,-6.469340,-5.818925,-6.787046,4.592299,-4.503561,0
-0.607960,-2.558872,1.246710,-1.312401,1.042648,-0.131678,-2.573927,-8.098670,-1.864305,-3.691320,-5.358953,-5.242920,-3.001123,-0.973475,-1.130672,0.435350,-1.183176,-2.050009,-0.742990,-1.344849,-7.544322,-0.562662,-2.136044,-6.850700,-6.477776,7.229425,5.063942,7.727438,-0.788939,1.305075,0
-4.074436,0.354065,-1.298281,1.729036,-1.124418,6.288465,-7.733072,-1.166580,-2.279585,-3.320332,3.471632,-0.231707,-1.287554,-7.527493,-0.600483,-3.505886,-4.507845,10.095428,2.235996,-1.173281,-7.297120,-0.739231,-3.648287,-4.558987,-2.813148,-5.659618,10.459677,5.341139,-1.785761,-3.878111,0
-3.457273,-2.558817,-2.259861,0.654972,-2.410862,-1.433290,-8.277181,-1.356798,-7.461883,3.651289,6.804672,-5.497004,4.871452,-6.812742,2.589788,5.709354,-0.253958,-4.410133,0.694544,-0.064873,2.596708,-2.927935,-1.752541,1.725126,-2.156084,-4.726875,6.568085,0.859150,-5.582885,-6.348731,0
4.627216,-6.974685,2.070786,-1.025221,-1.735577,-1.098660,-10.020468,-2.490084,4.220739,1.438629,7.293833,-3.301888,-1.320990,-4.518425,8.773756,-1.307533,0.714861,-1.200022,2.457218,-3.766140,8.088848,-2.361595,3.470392,-3.131693,-2.951153,7.931555,1.588495,-5.606060,5.073099,2.459799,0
-0.441830,3.605396,-2.143795,4.238768,-0.213717,5.752085,0.774956,-3.950937,2.456474,2.060801,8.866514,-7.658943,-8.928534,2.037104,2.840464,0.256905,-1.543989,-7.262944,0.019333,-6.663259,-6.188256,-4.792698,3.055748,-3.436625,-1.933521,0.978916,-1.201605,-6.878854,-5.016737,5.497036,0
3.217054,1.452787,-3.402771,1.176741,0.454025,0.505596,-11.170909,-0.359846,11.110023,1.322294,4.353199,5.006723,-9.788819,3.213924,-3.947809,-1.921892,-4.391634,-3.200994,0.680384,-6.977166,-6.034482,-4.330971,-10.463693,-6.724195,-2.293983,2.246716,-9.995782,6.695486,-0.496630,-7.271166,0
-0.089573,0.085567,-2.872250,4.097109,4.171448,1.546179,-4.191162,-2.767651,4.831945,8.135574,3.352930,-2.822838,-0.069632,-5.346970,0.944120,-7.106417,4.296396,0.396580,-5.194935,1.439936,-1.817606,-0.784081,-1.755510,-6.390599,-1.616249,2.763380,-1.210421,-2.335983,-0.430082,-1.687618,0
-4.307375,-4.219606,-1.332277,-0.090471,3.276026,1.304960,3.176329,-6.555061,-5.735356,-2.933407,-11.207457,-2.435225,-4.083395,0.795120,4.745228,-2.401299,-2.886379,-12.136996,1.031601,-1.710272,-3.380861,-1.565207,1.979399,-5.753503,1.602745,-1.322630,-0.239176,-1.426655,2.162584,6.315186,0
7.588053,-0.406055,-7.869405,1.060965,-5.932014,1.000097,-0.540457,-5.041946,-0.155619,3.284180,-5.739467,-2.990017,1.872894,3.938156,-5.344978,0.781124,-0.088261,-7.662178,-3.789396,-4.195084,2.987158,-6.323307,-0.503019,-4.260635,-4.549215,3.155159,-0.765873,-2.420330,0.022539,3.236183,0
8.371212,-10.640865,3.617588,-2.922098,-3.375761,0.948889,-6.141681,3.687334,0.240517,-4.117399,-6.502242,1.979515,-1.658787,1.029776,1.824846,2.066591,2.140125,1.020885,3.218258,5.075117,0.072348,2.687511,3.455782,-0.364525,1.600842,-5.844292,6.865049,-2.524418,2.060825,-8.461182,0
-1.472593,-5.026344,5.862469,3.263765,7.200796,-10.442667,-8.637796,-1.785498,-4.444262,-10.092860,5.495380,1.946560,0.888571,-3.540607,-5.232107,-5.089136,1.244181,-1.916523,4.686798,-0.263300,-5.152292,-0.120234,-1.225657,-1.447706,-1.629314,5.384291,-1.627998,-1.387911,2.711334,-6.581915,0
-2.899282,3.806551,-0.709763,-3.728794,3.068615,-3.470299,-2.170786,12.029163,-0.706020,0.273340,-4.847689,-6.438619,-2.483459,-5.719080,0.050842,2.157709,1.910002,4.473581,-1.861937,-3.671797,4.631180,-5.929154,-4.803171,-4.127888,-2.861300,-4.335196,-1.743336,-4.557615,0.824968,-1.294573,0
-1.145302,-6.191178,-2.908819,-1.970242,-0.550097,-1.045498,3.319666,-1.617100,6.048782,0.406723,4.140402,-6.508367,2.027864,7.078863,-1.180441,8.973364,3.075342,3.647369,-0.163982,-1.529322,-3.530899,-12.709563,0.449259,-2.419741,-3.401775,3.122202,-3.465952,-0.636795,-9.962722,-3.101089,0
-0.814266,-2.789267,-1.833458,-3.714211,-0.987597,2.571880,-2.316099,0.172459,-0.052839,-6.592517,-7.387774,-0.329395,-0.035639,-3.143175,-3.184969,0.786360,-1.013590,-2.824169,0.242437,-0.867317,-0.046080,7.413296,-6.210608,-3.876898,-3.189291,-0.522387,-5.234188,0.202623,-3.560707,-2.196424,0
-6.030011,-2.127384,-5.659526,-3.437677,0.831198,-1.319527,-0.028681,-1.609379,-0.489298,-2.038158,-2.810472,-9.373004,4.165371,3.122421,-7.184282,-0.611431,7.052240,5.217113,3.904570,0.058733,4.505320,-7.903851,-7.482826,2.148062,-9.184870,1.276220,7.489376,-2.311020,2.648756,-13.966677,0
-5.593439,-12.949946,2.742167,-7.354517,-2.750521,-0.921658,-2.252190,-1.136755,4.028059,-3.395655,-0.211802,2.826365,-8.975929,1.473490,-1.092077,-10.239497,-4.941422,-7.404458,1.913485,2.658138,-3.215021,-3.079927,-3.266130,0.593161,-0.519848,-2.255413,-4.548630,6.375544,-7.092927,-1.428566,0
-0.663092,1.626226,1.666862,-10.259575,-1.634592,-2.386246,-2.100281,3.454004,-3.509222,1.058815,6.162514,-0.359541,-6.213646,-4.706579,-0.885231,4.165998,-3.872553,3.825478,6.061234,1.074114,5.851357,-7.388309,4.209671,-0.591972,-5.520903,6.785629,-3.448540,-1.604069,0.063305,-6.961995,0
-4.076439,-0.340672,-0.780975,0.067896,-4.959955,1.984283,-4.253832,-1.335705,-0.219473,0.553871,-5.020884,-1.982786,3.618721,3.644939,-10.178221,2.027971,-0.219687,-2.005638,7.042679,1.238192,1.140858,-0.920214,7.958399,-2.159897,2.835730,-1.560352,-2.529800,-0.497738,-3.725811,2.593048,0
0.849718,-1.191940,-0.833305,1.487020,-2.465984,-1.655802,0.593517,-5.725760,-5.224979,5.940834,-2.210510,5.631918,1.774426,4.142643,1.214163,-4.728653,-8.615069,3.397228,-4.876129,-5.586108,3.617960,-5.741650,1.412088,4.120762,1.573874,3.795734,-1.845932,-8.095520,7.413483,-1.200066,0
0.092155,0.081348,-1.291134,-3.182611,5.054605,-0.412348,0.792662,4.688816,0.091721,4.877295,6.605812,6.846743,-4.680258,-3.769590,-0.927713,3.323984,0.000601,-6.288540,-1.310566,-0.221914,-0.042902,-2.010468,-2.536283,5.773926,-0.181997,1.590733,-6.740485,3.059074,1.876888,-3.526442,0
5.646811,-6.257132,-1.817883,-5.404964,-7.205862,0.476761,-2.318016,2.977779,-2.803082,-6.625038,7.258215,-5.882633,-2.863344,-2.257730,-6.950776,-0.310402,-1.932802,-3.611099,3.774939,-8.094772,-1.756130,-5.623582,2.160313,-0.838968,2.306843,-3.208967,0.360407,-0.470482,-1.768129,-8.240157,0
-3.276594,-5.079412,-1.909321,0.830284,-4.141468,1.452299,-2.945520,4.173550,1.723740,-7.475684,-4.636183,-7.351082,-5.046173,-7.380132,-0.014009,5.735067,1.065130,3.321907,-3.535452,0.574299,-0.632900,-0.845716,-7.930289,-3.164085,3.353662,-2.072365,-9.013236,-7.040403,-1.513540,-2.950987,0
-1.589596,0.379299,-3.863516,1.068333,-3.331818,3.354988,2.056749,-1.617779,-8.202458,-3.150585,-3.606644,-1.977901,-2.785303,0.500648,-7.497872,-4.158192,3.867237,-5.573367,0.961836,-2.311953,-2.418953,-2.334293,-3.146326,0.502180,0.631624,-3.816553,-3.138716,4.970234,1.526854,2.410406,0
-5.649128,-4.306522,1.950348,2.384693,-1.690525,-6.315976,-9.328398,-0.979773,7.299957,-2.379814,-4.248068,-3.063148,-4.039177,-7.058748,1.604944,-7.761984,3.432602,-2.687321,-6.294594,3.873724,5.398636,-0.692524,-2.513308,-5.790933,-0.254768,-9.554929,-6.833232,2.133474,-6.266496,-1.794575,0
-7.094930,4.610390,-2.114058,-1.308889,1.079180,-7.890168,4.206362,-2.537859,-5.548287,-0.201130,-0.919182,-1.569815,-7.939629,-1.430365,4.146910,6.066534,2.924904,-10.940392,5.559252,-1.879124,3.425436,2.644569,-9.587715,1.179399,3.052755,2.768961,-3.059464,-0.201666,1.502337,5.741285,0
-3.384930,-1.066126,-6.426688,-2.117950,1.844934,-3.469290,-12.176376,-0.011284,-1.779608,1.702049,-2.872974,4.192678,-0.006521,-6.721312,-2.211662,1.902824,-3.524885,4.825382,-0.901443,-1.827478,8.870356,4.042294,-2.811859,-2.572315,-0.306971,-5.725203,3.693539,-8.581819,-3.302505,0.777550,0
-1.468596,-5.748229,-1.467829,-4.633444,-10.619793,-1.223396,-3.021786,0.200571,-1.598465,-4.247931,2.779169,-5.708293,-4.703472,-5.410513,1.640093,3.000008,-0.372028,-5.215170,-3.780439,-6.913637,0.190092,-1.563210,-5.510658,1.443611,3.774672,4.802618,-8.191753,3.521324,-2.706591,-5.864675,0
1.421412,0.831966,-2.525330,-1.597914,1.146059,-4.270805,-1.245459,1.994026,-0.966362,-0.658300,-8.126809,4.866058,-7.012704,-5.777645,-4.032513,-2.556004,-2.362562,-1.141106,-3.195305,-1.857777,-1.456799,7.369480,-0.480152,-0.890265,3.096741,-3.178312,1.188408,-4.899113,-0.241985,-8.716117,0
0.138628,-1.841818,-4.995533,1.036488,-8.545465,-4.462343,2.785011,-5.212988,-0.973610,-0.244745,5.704830,-5.738487,5.271084,2.574921,-4.791592,1.170538,-1.589008,5.768072,4.745232,2.512585,0.335337,-2.314207,-3.951704,-9.922963,-6.394180,11.628815,5.900408,-0.407478,4.174044,-3.213541,0
-2.670839,0.719454,4.332947,3.877848,2.290079,0.483822,-2.387733,1.172400,-1.688871,-1.450397,-0.744757,-1.297983,-2.966932,9.634932,2.950800,8.057228,-1.460945,0.703449,-1.306124,4.161533,-5.587841,-4.242186,0.886911,-3.516346,-4.787884,-3.162718,3.480040,-0.218281,-0.267231,-0.206017,0
-12.446861,-5.955152,3.774612,-5.070932,-4.215378,-3.151052,-0.758406,2.425587,-4.196552,1.843433,-7.685219,1.851322,4.017803,-3.416876,-4.553221,0.564888,-1.358065,-6.326415,0.397089,0.672441,-3.387756,1.921432,7.689095,-5.098116,-2.192945,-5.772056,3.608625,4.134432,-7.954225,-6.876392,0
-5.837517,-2.484148,-8.864100,-5.050533,2.072916,-1.129429,1.841715,-3.892506,-2.210629,-7.041901,3.743715,-4.123388,3.735950,-0.433777,1.214247,2.226286,4.778389,-2.495054,-6.416183,-3.602438,1.664608,1.619701,-1.502638,0.205648,0.348244,0.000154,1.515387,-0.078430,-2.254351,-5.037607,0
-6.168033,-0.341772,-0.839417,4.338915,0.984608,-1.898212,1.717480,-4.076004,-0.389385,-9.825045,2.809671,0.859575,2.359283,2.135271,-3.650637,1.910187,0.346418,-4.825956,4.922928,-8.089706,-4.329458,1.626972,4.465538,-1.750174,-1.048107,0.654346,-5.975728,-2.795225,-4.287550,7.484520,0
-0.507864,-1.641611,0.915163,-9.000400,-4.962292,-0.123852,1.312738,2.667713,-2.662022,-2.831625,-6.589028,0.901302,-12.683777,8.560629,-4.026497,3.324198,5.869968,-7.669571,-0.972137,-1.775846,5.030861,2.072153,4.024012,-4.280958,1.343132,-5.713959,-9.932719,-2.932045,-1.047104,0.887896,0
-7.441772,-2.546249,-0.909939,8.516390,-5.434267,1.905155,-2.556293,3.389120,1.851591,0.460037,-2.028591,-5.516459,-6.274918,-1.901833,3.638033,3.222063,10.709877,-5.203903,3.329962,-1.987907,-1.085033,1.540375,-0.569008,4.669588,0.609138,0.408100,-0.783150,-0.566282,-6.218207,2.578693,0
-1.040100,-6.637221,-3.151260,-4.419367,-1.771793,-0.471094,-8.756953,-4.186678,-7.847521,-3.134937,-6.573819,0.763853,-4.545788,1.958340,5.000551,-3.353027,0.816233,-1.848755,-6.189788,-1.504198,-2.236879,0.813484,-7.528501,12.553066,1.737572,-2.929989,-4.154932,-1.048939,-0.617729,1.926928,0
1.058887,3.535061,-1.079472,0.856001,0.400558,-6.444164,4.273642,1.975330,-10.598785,-4.763306,-6.985929,-0.206173,5.384932,0.836691,-7.694901,-0.710770,-5.243780,1.384247,-2.929745,6.768600,-4.648361,1.852720,0.391466,0.710009,0.788868,-3.108170,5.829382,-6.500785,3.596817,-2.019991,0
-0.237947,0.927549,2.633017,0.194553,-5.052479,2.221621,-0.929726,-2.342543,1.425999,1.689617,-1.696434,-6.420535,-0.079458,-1.895559,-6.265665,-1.244436,0.760248,-6.253794,2.828817,-5.655083,0.899117,3.457632,0.832142,3.787527,-1.234053,-0.182518,-3.901022,-3.143471,1.039433,4.525038,0
-4.997139,-5.341198,-5.368692,-9.123740,-1.977448,-10.398320,-6.351493,1.924011,0.691628,2.325466,-1.314255,3.920429,-6.239213,4.665325,4.588877,-1.393007,2.787739,-8.904674,1.983963,-1.861200,3.941359,0.699450,-5.508026,6.529442,3.037069,-5.872624,-7.532974,2.194227,-3.191427,-1.621208,0
1.844294,-3.215279,-2.897062,-7.126779,-3.347034,5.958401,-4.893318,-6.068269,-2.636305,-1.037521,-3.943861,4.359814,1.125143,-2.811466,-0.344397,4.082273,1.059174,3.482866,4.426418,-3.340977,1.054739,-1.701118,6.124817,2.081831,-1.170589,-1.349081,1.842363,-8.055544,-4.542988,2.497469,0
-3.342205,3.304445,-5.371864,2.096718,0.449490,3.797455,-2.425945,2.948595,-1.715075,-6.448586,-0.034939,-4.584955,5.559744,3.213110,2.476355,2.360500,-8.853627,-2.680002,-1.509670,-1.492329,4.740818,-0.205887,7.113525,-0.148527,3.239025,3.808407,-6.374388,4.139250,8.109703,0.728842,0
-0.318039,5.417576,0.662846,-8.045709,-8.593799,0.068546,2.295334,2.362711,-0.785257,-4.508751,0.902836,4.044872,1.905975,3.660872,-2.584246,4.388878,3.932915,1.199701,1.981850,6.788225,0.518921,-6.220196,2.779539,-4.708183,2.534119,1.176775,1.950087,2.722000,3.937542,-3.161795,0
2.486202,-5.367062,1.548853,5.822697,-2.257669,-0.943232,-3.213131,-0.801979,5.353668,-5.173014,1.253431,4.953342,-4.516964,-3.875996,-1.746397,2.766577,0.043320,2.039864,-1.028854,3.151573,-7.652680,3.219320,-3.482437,-3.670391,-3.157495,-2.227901,-4.028469,-3.346981,-0.191847,-7.287804,0
-0.582184,-1.368917,-3.135561,2.173199,-1.581432,0.321259,0.213034,-3.992157,-3.875051,-2.002073,1.488096,-0.812405,0.282885,-2.114634,-4.099468,-0.076908,0.756811,1.988607,2.016937,-4.066212,0.319525,-5.179947,8.108326,-7.345538,-0.148664,-5.742498,-7.904182,-0.286137,3.974281,5.523050,0
0.113720,-5.224119,1.520788,-1.928883,-0.418692,-1.479404,1.482336,-2.739138,-2.276669,5.468468,0.971113,-3.459959,1.222891,-1.458794,-3.116991,-0.007786,0.045628,1.597031,-2.611511,-0.300489,-5.726205,1.363316,2.015627,2.642475,-2.318018,3.803053,-5.177113,2.388525,1.397511,-1.702246,0
-4.546762,-2.204435,-2.672821,-0.460836,7.855490,-6.913000,1.896099,-5.744656,-0.145521,-4.531635,-3.542549,-5.781770,12.048969,4.942310,2.011820,-0.262272,3.149986,-4.092117,-3.802021,-3.017509,-3.843004,-4.090019,-8.891068,-2.621933,-7.310178,2.595354,-8.285400,6.484838,-4.751514,-2.311411,0
-5.374832,2.661993,-1.542795,3.112602,5.333229,-3.657238,-4.095098,-4.147427,2.465107,-3.291908,0.708473,-7.604912,-5.466858,-1.901993,-2.394306,2.349689,-2.193371,-0.389452,2.912069,-2.285078,-3.090158,-0.455524,-1.420101,4.846094,2.180246,2.240341,-3.556984,-3.762863,-7.732175,1.101395,0
-2.768885,-2.196604,-7.446467,-5.751320,3.495726,5.750256,-6.344143,7.239086,2.457067,-6.382340,-0.035629,-0.870438,-3.979441,-1.640215,2.013659,-2.126513,-0.624626,-6.539084,0.730862,-4.829569,-0.784927,-1.151863,-1.001169,2.768072,-11.187435,-1.717102,-0.852280,-8.242172,-1.054266,-4.821529,0
-2.008217,-2.535315,-6.961580,-5.201950,-2.007484,7.266645,-1.604076,-2.367182,-2.223053,-2.333847,2.573166,2.753798,0.105844,6.971256,-1.389784,0.340473,-4.220217,-3.997906,4.495707,1.496138,-4.328287,-0.186253,-4.093639,-5.078587,5.065769,-2.341265,-0.246620,-0.213423,0.921572,-1.994604,0
0.730949,-3.603745,1.745562,0.073730,-9.892969,-0.036371,-7.021439,-2.883760,5.802191,-4.379326,-4.038324,-1.570587,0.094061,2.525890,-8.732329,2.968349,-8.379375,-0.016642,-3.778910,-6.850619,-6.452894,-2.524544,2.722906,-5.073233,6.962383,-2.441442,-0.125959,-6.169452,0.686201,-1.229527,0
1.126478,-3.332418,1.594734,5.131058,-1.546986,3.135052,9.641420,0.096069,0.695360,-5.324183,-2.737110,-3.866415,-0.013391,0.905256,-1.032270,6.342327,1.257448,-5.461643,3.474897,6.081434,6.366222,-8.402955,-2.789896,-4.099077,3.242395,1.711578,-6.144370,0.401342,-5.691479,5.032295,0
0.068134,12.058334,4.316883,3.253502,0.958086,10.543259,2.669271,3.587885,-6.738239,-2.508581,1.482418,1.250912,-0.575020,2.041754,-7.326706,-2.082769,1.900526,-2.459871,5.712927,-1.072411,-4.428381,1.257366,-6.162091,-1.985365,-8.522318,1.200739,8.151831,-0.985531,3.149826,0.264925,0
-2.516506,-3.734568,-0.464849,6.696041,2.779703,3.019083,10.708679,0.041887,-1.636606,-2.803009,0.869898,8.534534,-7.504845,-4.033371,-5.243431,-1.670650,-1.587963,-1.016085,-4.855085,3.468342,5.608139,7.462944,-2.536819,1.104250,0.987461,2.993254,0.525070,-3.164410,-4.702154,-1.805504,0
-1.123669,-4.304060,-4.000956,-3.211916,-2.429899,-4.814333,-4.204405,-1.716839,4.722982,-2.052515,4.257528,-3.054508,-5.637705,2.953547,4.258032,-2.791786,-0.930298,2.113272,-11.018163,-2.666275,10.749584,-2.283379,0.053751,-6.386418,-4.289858,3.885548,0.583460,-1.992533,7.660337,-1.357267,0
2.130592,2.691500,0.465092,1.039112,-1.665255,-1.637186,8.580149,-2.899685,-6.502039,1.438913,-6.061542,-4.873606,2.130558,-1.111059,-7.950368,-3.417477,-1.860504,1.475998,-6.838216,3.722305,-2.836670,-7.643407,1.641424,-0.294182,-0.481657,-5.846445,-2.503458,2.506090,1.479687,-8.271341,0
-4.860039,2.420343,-0.245998,-1.800501,2.655487,-8.840695,-0.939493,2.194036,0.170200,-3.131376,3.296242,-4.982531,-0.071104,-4.087961,-5.899287,-0.748812,-0.951397,-3.626478,2.685154,0.679346,-5.734279,0.767733,-0.395832,0.660717,-4.767109,-2.301901,-3.500307,-2.941376,0.009239,-4.459980,0
3.735069,5.767376,-1.590948,0.612059,-1.486261,-4.134720,-3.666399,-2.224869,-6.204724,1.602610,-5.050714,-2.503851,-0.748327,-1.384102,1.879951,2.505320,-3.145462,-4.967810,6.818802,0.264767,2.893837,-3.266069,-0.471739,5.751106,6.455023,-1.493122,-1.012114,-0.013615,0.095638,4.792978,0
-0.556370,0.593493,-2.863253,-1.046703,2.314800,-6.626518,-12.579808,4.713928,2.872246,-2.236908,-0.057520,-1.736179,-1.321901,-5.231382,-2.957380,-2.245129,0.970789,4.381590,1.716101,0.533522,0.410521,-7.614590,-2.819584,-7.268627,0.181980,-0.569307,-2.856102,-7.140299,-0.248775,-6.181435,0
-4.245333,-0.878843,-5.469042,5.932821,2.207554,-8.674258,1.487923,-3.079056,-5.277514,-4.484751,3.077042,7.034821,-3.607603,-7.140333,-2.460035,-4.256830,-2.280888,-8.720474,-1.331781,1.064592,-1.628845,-4.469805,10.409235,-1.328228,-5.139492,-8.250088,-2.372959,2.152563,-0.947775,0.376602,0
2.896284,-3.958620,2.695713,-5.637824,-2.043898,-8.952446,-3.460876,-9.613851,-2.356318,-2.941534,-8.109079,-10.582682,-6.718951,0.243910,5.068703,-6.153769,-5.911433,-0.265383,-2.528940,1.022320,0.825571,-8.331881,4.765430,-3.107594,-0.661354,-3.557695,3.695654,-7.727224,0.962704,-1.484518,0
1.298876,-3.194931,-3.567797,3.562887,-8.647026,-4.736231,0.369570,1.421768,-3.541342,7.221390,6.781031,-4.805502,6.230682,1.817957,4.675905,1.787683,-7.981492,-0.862732,0.169651,-5.425785,0.154810,4.063400,-1.715509,0.540302,-1.293575,-4.518610,-3.405939,-3.030973,-6.806244,-3.063713,0
-2.660185,-10.735417,-6.998646,0.988756,-2.245972,1.193729,-3.953583,-2.438488,3.107338,-1.186621,-4.695227,-4.951269,-1.465967,1.033358,-1.160738,0.054686,2.560177,-6.180459,-7.366534,-0.439823,2.096624,-3.169193,-1.849379,-5.420866,-2.876245,-2.602419,-0.032265,4.754686,2.221333,-1.191578,0
3.898010,0.804741,0.201218,-6.361024,3.134256,5.453939,4.329517,-0.799053,4.615660,-1.472878,-2.132826,3.508085,-7.500539,-0.198666,-6.399922,2.076473,2.833979,-4.096844,5.322777,-3.913706,0.597458,-4.392855,-2.545717,-0.496168,1.733868,-2.606937,4.880285,-5.194326,-8.766603,-0.809856,0
-2.323111,-4.190929,-3.283308,2.139172,1.149145,4.944078,6.943235,4.098793,-1.936829,2.855215,7.491924,0.721783,4.865292,2.457087,1.084471,-5.140615,-1.541462,-6.371998,0.922216,-7.889184,-4.357851,3.694412,0.229349,-0.301559,-5.002926,-1.375217,-3.882246,-1.559050,-0.687954,5.527868,0
-3.096523,-14.300698,-3.784964,1.470051,-1.807177,-3.310520,-1.012318,-2.000151,-9.380191,8.166277,5.903946,2.857374,0.429085,0.411156,3.206470,-5.168049,-3.351904,-0.640697,-6.009037,-1.128004,-6.225959,-1.349586,-3.858196,-7.820224,-3.317013,0.675632,8.861483,-5.023359,-6.943812,-2.421066,0
-0.153477,1.482073,-4.327431,-0.665936,5.269297,-6.371561,-5.136633,3.198013,-4.691004,0.486347,-4.963982,7.182489,-0.774145,4.883570,-1.342186,3.378483,0.909264,3.943621,-0.962017,-2.394003,-4.533813,-4.253052,-3.181700,-2.527651,-5.208761,7.842279,1.658270,-2.606020,2.770164,-6.113087,0
0.001108,-3.577272,-0.599283,-6.550447,1.821667,-6.964299,-2.706566,-7.283689,-1.822399,2.151608,-0.675678,0.949490,-5.962918,-6.675941,-0.077482,-1.374290,7.253473,0.740639,-4.301683,3.419502,1.304892,6.769909,-3.727903,-3.111469,1.533644,1.892920,2.513165,1.545553,-9.704459,2.284996,0
7.282001,4.249306,-6.742528,3.384624,-3.522711,-0.012173,-6.641331,-5.223806,-8.449376,0.144201,1.020678,-5.438019,-5.302364,-8.253971,0.806210,-1.414398,-3.496965,-1.970989,-6.613441,-2.148998,-2.080280,-6.725700,3.428329,2.626661,7.304827,-3.502127,-2.214010,-7.964620,6.520477,1.921957,0
0.700216,-5.705648,-4.137426,0.663921,-2.004528,3.199574,-5.939082,-5.470469,-2.502420,-5.290213,-3.992767,-3.002178,-0.167202,-7.954696,1.070274,-0.720179,1.306942,-3.039686,-1.006422,4.741453,-3.802145,4.858561,-3.688086,-1.337383,0.933939,0.823898,3.117575,-0.534763,-2.435373,-12.058858,0
-4.645958,-1.947088,1.296272,-4.768251,-0.451538,1.515177,-1.195097,-3.100307,-2.413136,-8.450189,1.492302,-4.584051,-7.731179,3.479475,3.558731,-4.520567,-2.926771,-3.967085,-0.233295,-7.145110,-5.824025,-5.928287,2.663460,-0.732861,-3.529749,0.145956,-0.653543,6.256540,-1.766287,0.158995,0
-2.422573,-3.167482,-1.197536,-4.312641,1.051165,3.021324,0.142624,-3.330997,-2.205532,2.356558,2.754637,-6.053549,-1.273422,0.651438,1.080713,-9.786762,-0.076639,-3.827333,-4.290483,-0.425274,6.354609,4.495188,-6.019238,-1.606684,-3.532164,2.005949,-3.873411,1.799906,-6.586632,3.680927,0
-3.081379,-2.356817,-8.135252,1.040920,-1.586096,6.561560,-7.343491,3.155397,0.347279,-3.529545,-3.860575,4.833429,0.478672,-6.829032,-0.793972,-4.286386,0.289244,4.219124,-0.792419,6.283060,-8.355679,4.469299,-3.047342,-1.599674,-0.357269,5.067493,-8.872733,-1.428604,-4.888828,-8.642736,0
-1.019642,1.792629,-0.068638,-1.970905,6.739664,-2.545006,5.768675,2.570599,-2.381659,-3.032619,-5.487457,6.010321,2.856056,2.830603,-2.790070,5.512066,4.464533,-4.557045,1.267990,-3.156818,-10.329439,3.746376,-1.105808,-2.490900,4.728758,-0.047100,-1.936794,-3.676388,4.104836,-4.958761,0
