-2.512592,3.592113,-0.572245,-0.502041,7.449129,-6.205568,2.094629,-3.388327,6.908228,-1.369394,7.913406,-4.855991,0.170511,-0.837719,-3.392115,4.968216,-0.251507,8.894457,-2.200884,5.515139,-4.105730,7.550516,2.677931,-0.288897,2.598461,2.664028,0.923294,-6.497407,5.062471,9.433846,1
-5.127039,0.777674,0.025951,-3.734779,-3.813205,10.851036,4.936344,9.310438,2.437763,0.124592,2.573906,-5.023229,-3.856240,2.120617,-2.236242,3.725935,1.892202,0.337358,-1.598005,4.571762,6.030441,0.863789,0.807430,1.878021,1.016739,-7.761577,0.972723,-2.415455,-0.563829,7.192760,1
-3.365879,-2.855461,5.555914,6.467876,-1.565153,3.827238,2.733282,3.445776,3.970121,4.907219,0.198853,-2.619637,4.746922,5.915522,-7.461192,4.346720,-1.264811,4.077908,4.367811,0.716030,5.011410,-5.306583,2.289232,4.900414,-2.025349,6.585302,8.658623,-2.183659,6.035948,-3.253769,1
1.759922,12.114208,2.804541,4.285862,6.858957,3.278412,3.119484,0.345234,-0.070965,-1.746134,5.899393,2.744513,-0.904224,0.204367,-4.155722,-1.913263,1.385077,4.945168,-1.887669,-0.503620,0.157869,5.899780,-1.104416,3.956783,-7.011648,1.024654,-0.900089,5.638807,-2.717533,-0.591055,1
9.023417,6.063869,3.278719,-9.388088,-2.081709,5.589880,-3.258326,0.276136,2.370070,0.158951,5.145464,-1.370861,2.991695,-6.939617,1.731621,3.293341,6.659719,-9.790823,1.006929,2.194504,-1.698612,0.165876,7.503540,4.903898,2.211077,-0.044060,0.224504,4.796837,-4.473440,-1.281174,1
3.129835,-4.135345,3.597694,-4.411373,3.460045,-4.882019,-2.965511,10.624819,-1.431629,-0.338461,2.047144,6.002344,1.170647,-0.981251,-1.951015,0.065222,5.168446,-0.888794,-1.781271,-0.379656,3.652550,-1.293964,0.904953,4.183708,8.014019,2.030323,0.502483,1.537678,1.186188,-2.398117,1
9.307199,-0.478569,-4.021982,-4.513074,0.005970,4.122566,1.702814,-0.986443,0.933411,-2.526871,3.862202,-0.215111,6.140278,1.199772,8.764004,4.426952,0.394432,2.373737,0.107927,-0.261686,-0.552000,-0.827452,6.043753,2.192156,6.747536,-0.764542,12.664330,4.216652,-3.249811,6.340633,1
-3.905831,5.921825,-0.009897,-1.818649,6.139088,-0.215063,2.041922,-2.696281,5.220633,-0.151236,0.430235,-1.916655,2.254118,3.581837,-1.769735,3.361280,1.441462,-0.178055,2.644159,-1.326645,0.159910,-3.354042,0.406822,-2.080643,-5.272936,3.816040,-2.788385,-2.674757,1.586859,-6.157051,1
-5.891769,-0.164927,-5.954413,-3.251068,1.297522,8.853378,3.667076,1.161198,6.605162,5.986591,-3.631142,-2.485821,6.139750,0.080656,2.871426,0.591778,-1.047039,3.246881,2.368801,8.014744,1.730677,1.485441,6.965807,-2.040468,1.100561,1.730873,-7.254766,-0.451931,-1.852009,-1.885082,1
3.860506,2.554655,-0.188526,0.483114,4.748644,2.077675,3.189220,-4.482700,4.772434,-0.707521,0.295862,0.182739,3.520155,-1.006458,1.124063,0.551270,3.106018,4.921789,0.773916,3.575802,-0.075527,1.501266,5.833986,-0.577152,0.896914,0.954502,-7.838061,6.880272,9.174358,-6.443337,1
2.045647,-4.056334,3.450512,-2.351938,11.745140,3.858364,-0.733633,-0.060911,-4.652951,-4.102264,3.809498,-2.562675,2.590044,-6.274139,-1.121700,0.817312,8.485411,-6.094512,0.921648,1.506247,3.440041,-0.699808,0.100849,2.565828,-0.510530,9.737911,-0.213224,6.906109,1.034197,1.411531,1
4.030523,4.224739,-1.404726,6.649734,5.551311,-6.684446,2.240685,2.049284,-0.840416,-3.737316,6.789043,0.649075,1.418066,1.424850,0.874439,3.231174,-8.615877,3.882114,-1.903181,2.235043,1.052109,9.668264,-0.961142,-1.843100,13.600040,-0.218245,2.956745,-0.993048,0.090528,0.802368,1
-0.145462,-1.277143,-1.485983,-6.332921,-11.228573,0.583059,3.360672,-2.551973,6.439241,3.466654,0.648396,4.280792,-1.727324,-1.819096,-1.225042,3.634411,6.927347,6.586899,-1.083582,-4.085126,2.669132,7.721445,2.374077,1.904577,-2.893171,1.939180,-8.045875,10.309696,-0.857178,7.305956,1
-3.223103,-3.461227,-3.066574,-3.928387,1.384216,0.796070,-8.095807,-3.417402,5.113867,2.028866,-6.830052,-1.826784,-0.899944,-2.022476,-1.752512,8.187807,3.298489,-1.234800,-1.566345,3.873741,3.564445,-3.396490,0.257803,-3.911654,-5.618045,-0.589985,6.638645,-9.960328,-1.707380,-0.330927,1
0.627800,7.469328,4.517286,0.949213,0.795691,4.170664,5.145601,2.257002,6.610361,1.614597,2.365541,-2.062469,5.643272,-5.684149,6.264030,4.601816,4.810383,6.785442,-6.587510,-5.208669,9.827417,8.488878,-0.775963,-2.388393,-1.422342,4.181042,-4.863443,-1.548565,-0.019703,4.281630,1
5.605618,5.514425,5.279615,4.538153,3.832933,1.010788,-5.383732,2.926985,-3.936188,5.529531,1.478537,-0.399103,-3.251976,6.878401,5.730579,8.148985,3.813416,2.165113,3.760378,-0.667061,1.259735,-1.533033,2.384291,-0.975121,8.670061,-5.981996,-1.409620,4.375771,-2.196924,1.330465,1
1.231291,-0.394979,1.247757,1.941925,-0.383112,-5.138971,0.690298,5.594805,-6.944995,-7.197810,-3.516142,1.796650,4.021597,3.708508,1.804649,-1.483955,-8.492139,1.871778,0.658682,-0.186447,7.961214,5.720892,3.810671,1.275534,-8.353270,12.640499,3.983133,-2.864096,2.421230,0.592793,1
8.812159,-2.343281,-4.764341,5.418840,1.391281,-4.553518,2.761290,0.664431,3.207775,0.100906,-6.856815,5.037489,4.608791,3.516548,4.017776,-2.103384,-0.096239,-3.891879,-0.339911,11.656996,7.300035,-5.990913,-4.000077,-2.201923,-1.321432,-4.485862,-0.166973,12.540771,3.895927,2.315458,1
1.984215,-0.228497,-4.074845,0.075258,-2.109760,4.564960,-1.949163,-3.799159,5.207758,3.681839,2.075958,-1.798758,3.260025,-3.102337,-3.016638,-1.465153,-4.862067,0.194620,-0.936892,0.064959,3.855377,8.144339,-4.114092,3.134970,0.769899,-5.424379,1.862167,6.578693,1.737965,-0.566765,1
6.538795,1.584585,-9.443048,-0.815067,-1.588823,7.607931,4.823366,1.030729,2.017849,2.972567,0.083426,-2.921160,4.334120,0.031818,7.924734,6.369781,0.688347,-3.526798,3.096397,-1.800180,-0.584858,-1.710672,-3.132553,2.437706,-0.358946,-2.958485,2.467052,-1.516880,-1.254395,0.436644,1
-2.801744,9.788746,-1.691805,-0.692883,6.426191,0.047672,-0.260855,-2.091093,5.865990,-3.467804,-4.329290,-0.926365,2.492147,-4.103873,4.718485,0.820297,1.911392,4.276693,3.275745,-3.752517,-1.215393,2.657190,4.489542,0.631283,-3.104792,-1.087147,-0.217356,6.877314,1.152100,3.044235,1
-3.306843,2.635981,2.299902,8.113003,2.110111,-4.254452,-2.624689,4.779587,0.942274,5.082804,-9.892333,0.479490,4.621140,-1.822088,-3.487165,-4.706638,-4.222160,7.661396,-1.582582,11.271362,9.639612,7.362425,-0.508005,-1.458050,2.178865,2.524622,-11.852485,1.143059,1.060469,3.991928,1
4.346416,3.991642,-4.134912,1.175011,-2.267710,-2.164982,-0.779654,6.222231,8.989550,0.875628,6.695042,-3.724751,0.011271,4.496067,9.087086,-0.658096,7.526745,-3.727693,3.598955,5.925367,8.108622,3.633492,3.929937,-2.596384,-5.243978,2.481956,-1.870630,2.410488,9.961348,2.175417,1
5.623608,-4.803101,2.889053,-2.559629,1.307898,-5.041364,-8.871964,-4.057281,-8.242735,-3.022854,5.322824,-1.271610,5.733187,3.189756,2.049858,-0.048920,2.711069,-3.895104,-5.487420,-0.118958,-1.124859,3.259193,-0.482569,1.059700,0.944843,2.487196,-3.625232,1.848194,-4.086866,0.668163,1
3.863646,-2.944536,-6.567909,3.587721,0.501472,0.513027,-0.067600,2.758827,-0.996223,-2.515528,3.108170,3.545921,2.147327,2.832224,4.239986,7.501171,-6.006785,-5.654292,0.604729,-3.820656,1.716324,5.230982,7.495209,4.017239,2.315153,-6.367433,-1.922846,-3.210571,-0.159941,2.721880,1
-3.872811,4.748783,-4.054852,0.633049,3.192364,3.099014,2.322264,7.411560,-3.859342,-3.164444,4.667681,1.943300,2.701448,9.722872,-9.231202,4.130342,-4.435612,0.974644,6.360336,0.467155,3.808723,-0.314852,-5.234254,0.891903,2.511028,-0.294615,7.103235,1.122356,4.854309,2.255672,1
11.234087,-7.169587,-0.492096,-2.336151,-0.311701,0.338087,9.952578,7.114637,3.569088,-2.952330,-1.307295,7.726732,-2.060493,3.156523,2.264431,2.547092,3.308401,-3.838708,2.014660,-0.413670,3.897572,0.767073,0.607782,2.178093,-5.730922,3.990885,-1.810232,1.614258,2.164333,3.661892,1
2.840986,-1.726892,7.990749,11.707167,0.162146,2.949297,-2.074095,-6.759276,7.706488,-2.683191,-0.160713,0.058266,-3.558243,-1.611994,1.835484,4.823227,0.276215,0.156061,-3.927054,4.928337,-7.686151,-0.640965,-2.026026,3.063704,6.423677,-1.226759,-3.016476,2.410767,-2.650372,4.816095,1
4.277346,4.228966,1.873508,1.165602,0.467209,3.530895,-0.214504,1.768896,-1.757797,1.821531,0.739983,-1.087919,-2.210182,-2.030104,-2.614050,-1.770634,-1.954901,-3.856072,5.162039,-4.225652,-2.606300,1.689707,1.864912,0.983112,7.567926,1.292830,0.985666,-1.905041,7.514650,5.876545,1
4.366396,6.761961,2.562481,8.329443,5.892353,4.632835,-2.109575,6.382341,2.844816,-4.398113,3.111877,7.089111,-4.844354,-3.069038,5.619667,-2.761286,2.937025,-3.664373,-2.343784,-4.760345,-1.302580,-4.603673,-2.762197,3.568089,-3.398228,3.599131,7.923824,2.918482,0.409182,2.443010,1
-4.615445,-0.469812,3.289717,3.466311,1.055803,-1.558403,-4.492292,-2.395941,-3.036600,2.866879,-6.930631,0.865707,0.213545,5.909487,2.102768,-6.060190,3.495865,5.618010,-3.257174,-3.317999,-0.604719,0.184349,4.426678,7.338976,-0.337255,4.468998,1.857145,2.164501,4.313448,7.831516,1
2.145357,2.988670,4.326731,-2.143656,7.768564,-0.219400,5.655502,-3.207268,4.658934,-0.442699,-0.330168,8.912773,7.554892,5.052795,-2.992990,5.162378,-5.174690,5.534033,-0.852070,1.111248,-4.260575,3.162201,-0.451094,5.840471,-1.981466,-4.853254,1.761679,6.746288,1.842665,9.802837,1
0.526268,-0.699238,-1.217407,5.383806,-0.943417,3.473364,-5.514437,-2.055733,2.375891,-3.227486,-3.120981,5.573336,10.256592,-3.560435,1.390537,3.534657,-4.255080,-1.764862,3.186966,-3.169106,3.496492,2.064648,-0.778957,0.969442,5.645258,0.518757,-8.276706,4.605425,-1.781982,3.579142,1
6.067808,0.912836,-3.168097,10.836655,-4.823845,1.943823,0.645544,-3.637074,-0.555803,2.413946,-5.931257,0.066696,1.502161,1.811029,4.424299,-3.471567,0.238522,0.296448,0.906969,3.075634,3.373352,-0.357372,-3.961761,1.531624,0.477947,1.728018,3.641689,4.013445,2.140127,3.174839,1
0.941578,-1.443419,5.469990,0.868008,-2.889952,-3.138617,5.380840,1.912884,-2.578125,3.340845,1.511383,-2.071333,0.439425,3.418453,0.363909,1.692795,-4.195339,0.426050,-1.718912,2.448069,-1.627562,-5.847440,2.001055,-0.919495,0.980310,-1.452461,1.608932,-3.343390,4.575474,2.501360,1
5.412300,0.860146,2.697029,-5.207654,-3.001122,-6.006307,-2.891249,-2.230862,0.309259,0.810019,8.455709,-4.819565,3.306345,-3.005571,3.699434,-6.624486,-3.631019,5.199678,2.479492,3.732208,-2.751665,2.402094,-0.786943,-0.913582,2.021839,4.805321,-1.858011,1.155111,0.332634,-3.172176,1
1.587254,2.715710,-1.914606,-1.019800,6.942692,-2.166447,-0.403116,-5.219739,6.409086,-0.242853,-4.641692,0.820402,-2.910606,1.814032,-2.031387,3.366730,-0.340385,1.338514,4.057066,6.288960,-4.862186,11.861757,2.259718,6.410540,6.264606,2.518307,-3.851989,2.217970,-2.408489,7.078568,1
4.749060,7.181292,-0.195387,0.294233,1.041237,9.647141,10.529579,4.085009,4.596590,5.906204,6.213446,6.306910,0.342531,10.002872,0.839624,6.187548,-4.062610,1.824148,1.109137,6.466206,-0.627495,1.691118,2.575037,-4.517138,-2.701641,1.464405,4.372574,-1.165220,4.330029,1.387341,1
-10.363248,7.363148,-5.862512,-2.357306,-1.399977,1.805031,1.229872,0.395725,-2.952436,0.913902,-0.681175,6.049635,-1.693214,4.693798,-6.026788,1.443998,-4.060042,-6.497897,12.568748,7.788616,1.214024,-7.961884,-0.894840,0.030693,1.529287,1.065723,-1.568819,5.603535,2.337030,1.345831,1
2.320887,-6.157934,0.137770,-1.803259,10.801414,3.703316,-2.229662,3.908760,6.282177,-0.259752,3.314074,4.021318,5.039949,-2.716076,2.021008,6.076218,-5.866405,-6.344139,4.034611,10.401354,-0.088039,6.248199,-0.023024,1.231886,5.589611,7.665142,-2.256266,8.176136,-0.957087,6.226513,1
-5.677576,3.234861,3.980640,-1.486118,-0.148548,-0.805328,5.713442,-5.004921,-3.014639,2.231682,8.188551,3.001450,0.525333,-1.678459,0.789370,2.337513,5.546490,6.738621,-4.131373,2.307970,-6.105955,-0.092796,1.792889,7.141174,6.201637,-2.569323,5.281775,3.582592,6.698578,6.266411,1
5.222071,7.719069,5.415155,3.303495,2.799372,-4.049385,-1.465237,-7.957606,5.195589,2.909302,2.970291,4.830379,-1.738163,0.358307,0.855558,2.103539,-0.186337,3.644567,0.878279,3.938148,-3.860584,7.885481,2.833458,5.533728,-4.449231,1.245359,3.640720,-2.942226,1.455212,-2.393738,1
6.040024,1.491550,-3.011148,-4.371672,-3.927559,0.486780,-0.226051,3.554668,6.082880,2.895121,0.045408,-0.830402,-6.009151,0.828306,3.998814,3.230394,-1.981153,2.475203,4.053940,2.170938,4.608521,1.164867,2.196224,4.735497,-4.577442,-0.665754,1.367805,4.539623,5.930416,-1.318911,1
8.219698,-6.841136,2.771994,-4.242768,3.367329,-5.097451,3.071459,3.853399,1.683760,3.078850,0.272825,0.463959,-0.129177,-0.004278,-2.658964,-0.053232,0.160091,6.967173,1.747492,4.095444,-3.187681,4.013865,4.126150,-2.491718,-1.466806,-6.509236,-2.278778,-0.898417,0.159264,-0.357801,1
-1.280977,11.239351,-1.994768,-1.509787,7.414577,5.582081,6.095798,0.970272,3.700541,1.377127,0.895338,0.636988,1.136812,4.898464,3.220167,-6.650679,5.998316,3.074629,0.818285,0.174816,1.502834,1.337244,0.066147,-7.050814,-3.144590,-2.594009,-5.719496,-0.573462,-1.899515,0.179188,1
2.208469,-0.290955,8.284651,-1.128551,5.674627,0.391176,-4.356569,-5.966124,1.427309,3.251881,-1.400932,-4.410749,5.423298,4.249783,2.112429,-0.702007,7.923923,4.346004,-2.789610,-4.646548,0.070457,-3.385630,-1.128180,-0.210073,-1.860460,-0.466520,9.074259,-0.113489,4.329107,5.044344,1
-0.322666,4.625748,2.939013,-2.075684,2.504318,2.719894,10.359211,-2.175177,2.939486,-0.265837,-6.944366,5.543371,-0.977570,0.804443,11.816399,2.357344,-0.564926,-1.999691,1.609253,4.078299,3.518276,0.687737,-0.460918,1.047634,-0.094112,-0.052933,4.025539,-8.752252,-6.633142,1.894609,1
-8.538334,6.368198,3.846348,-4.439590,1.179262,1.128506,1.669807,4.678032,-2.533865,-4.314179,7.824593,4.847176,2.321358,1.801725,6.454443,-1.174873,0.300278,-2.148659,-7.031302,-1.731504,2.707588,2.773321,5.634832,3.363075,-0.053740,5.949730,-2.728361,2.326447,2.055929,-1.080933,1
-0.595266,2.791693,-1.552547,0.152695,3.102022,-3.188250,4.248796,3.164202,10.485086,1.703783,3.705553,-3.191057,2.107412,-6.268645,7.501150,6.403986,-3.105062,6.241781,5.362001,-4.325148,8.722420,-1.325907,4.267385,1.750130,6.772087,-0.599617,6.737595,3.612995,2.377939,-4.976575,1
4.472433,1.535355,0.960228,-0.044399,4.286257,2.681194,4.423027,4.152441,3.571344,2.665483,1.951748,4.507147,5.997276,-1.393017,4.881233,-5.642115,10.226711,1.889524,0.415573,8.312586,4.548012,4.451893,3.489063,-0.508942,-0.531675,6.872244,5.979296,3.458773,-3.208750,10.051878,1
-0.665623,4.680668,-3.985269,7.890417,0.984961,0.810411,-0.070086,1.651886,5.629429,3.122646,3.793297,-3.975674,2.455963,4.108688,6.461454,1.266836,-0.931549,-0.558319,2.170004,4.363113,2.108610,4.748308,2.899511,0.762423,2.825092,-2.923727,1.980671,-0.239191,-0.720274,0.252741,1
5.587343,-0.051220,-3.747727,6.512264,-0.132656,5.648026,-3.178667,4.084705,-4.270363,7.020945,-0.805914,6.716038,0.148672,-3.321651,5.192678,-2.589045,0.908918,4.223251,5.481081,1.122210,4.320154,-2.902170,2.686678,-3.604838,1.273521,-4.624901,5.267088,-5.472288,-0.692154,0.702238,1
-5.744246,4.058832,-1.552052,2.908789,-3.469234,-3.543490,3.695032,3.959749,6.179098,6.111900,-2.188431,-0.867731,7.942677,-2.768051,2.871180,10.606533,-6.741865,-7.887629,3.580164,-1.274221,0.862123,-0.829943,0.558187,4.809965,10.473133,-0.266901,-2.781448,1.303511,8.274160,-7.002875,1
5.182652,7.245113,4.076708,-2.918417,4.838665,7.493340,4.205030,0.905815,3.000879,3.787634,1.658829,-1.931496,3.209949,3.586565,1.375683,0.327789,-3.977962,-0.511780,3.323402,1.072069,2.441458,1.220858,4.591455,-0.908161,-1.658691,11.581352,2.087051,5.722164,0.615654,-2.870230,1
-1.578632,4.058920,-0.969582,-1.049818,0.116325,3.856670,-4.359627,3.435703,5.029600,-1.554430,2.981810,0.699879,-1.231987,-5.818864,-0.867531,5.991110,8.914595,1.660456,-0.504385,2.485809,8.713242,-4.522243,1.250233,2.670185,-6.429320,-2.859797,-2.637430,5.058126,-5.959539,-3.425680,1
3.012032,6.294291,-4.117437,2.794212,0.160435,5.348604,4.459829,3.777344,4.146772,-0.301353,-1.124882,-1.290951,4.513802,-1.133883,-2.623606,-5.333011,11.212305,1.156578,6.496292,4.274656,-2.698603,7.178440,9.543367,7.313437,-3.568761,-2.557337,1.736542,7.380711,-1.491161,7.164076,1
-2.127337,0.177933,-2.951319,1.260176,1.361006,3.846581,5.103985,0.636168,0.863428,6.348673,0.748306,1.081993,0.648159,1.574408,0.438307,3.841448,5.348297,4.415819,3.471815,-1.168428,4.362911,3.449776,0.898748,-0.004547,7.234987,-2.057823,5.184128,-3.481461,-1.276434,-4.678693,1
4.511127,7.092697,4.726019,0.783543,0.002527,1.138882,4.910770,6.333294,-4.294523,2.634747,1.775240,-1.762445,-1.157610,6.677694,0.462530,0.393557,1.694307,9.421890,2.020164,2.948729,0.388760,0.423138,-0.021765,6.455748,1.158407,0.403992,-3.627108,7.987846,0.574570,-1.505503,1
4.613104,0.099712,5.968689,-6.217030,-0.249592,2.669966,3.165392,-2.184147,2.962305,-1.320560,-4.969487,-0.993507,-0.215544,1.601665,1.088640,4.118095,1.031691,-5.163054,3.224602,-2.676758,3.296728,7.110790,5.144854,5.423649,-5.453679,3.512686,7.746027,8.573410,-3.988868,-0.425167,1
-3.226887,1.208500,3.119707,1.444122,0.373022,-7.192569,-1.791323,-1.719151,3.371645,-3.585364,3.371058,-2.272943,-0.426378,2.199156,3.761009,-0.653208,1.749237,7.551888,1.538170,3.614273,2.349382,9.706890,-4.300492,3.301184,2.466196,0.422880,-2.305178,-1.597418,-0.497799,0.610901,1
2.362782,1.491886,-3.944921,-0.963465,0.531456,-1.881445,2.341799,3.777700,-3.356983,-2.504498,-0.736128,-1.523052,-5.600552,4.034479,-3.020252,0.693563,-2.788906,-0.007795,-1.111668,0.854027,2.729515,8.213345,0.747971,5.267815,-0.017241,0.090117,0.332584,-0.253847,-7.694058,0.429119,1
4.659447,1.103493,3.608810,-2.794289,-1.200087,4.846663,-1.122227,2.197880,-5.804486,3.609781,-0.038841,0.649115,5.843914,2.130957,-5.803001,2.580513,-1.713692,2.591419,-1.375048,0.030611,5.029652,5.012117,0.671946,0.514883,0.669701,6.941620,-4.057805,6.481249,4.352953,-0.505230,1
5.716030,-4.509859,-5.917711,5.528915,4.087286,-2.942509,-2.259970,-1.967129,0.796221,3.043467,-0.633881,-0.636868,3.530563,5.076653,3.315094,2.993620,1.039156,4.388330,2.154240,2.015295,-5.390466,2.307497,0.253853,4.211781,0.363825,2.588579,0.277208,-0.291868,-1.237019,-1.798164,1
1.838417,-1.930140,1.154943,-1.433870,5.837925,6.525799,3.105318,-6.299603,1.000637,-1.617161,-0.589048,8.094940,6.352518,0.463957,-7.091614,3.794176,5.704180,-1.056808,2.111172,3.582207,-5.196170,1.184160,1.270357,3.516241,-8.326578,-1.051886,5.160967,5.222460,5.459997,9.399399,1
-0.934303,0.615412,-1.205265,2.459583,-2.926098,7.760899,11.043877,7.746202,-5.083155,3.230873,-0.434406,5.585333,-2.244579,-0.049641,6.702955,8.351562,2.210167,2.247017,1.092159,-2.522938,-1.697460,12.285709,-5.641379,1.969620,-6.438631,6.910110,-0.320992,-2.933775,8.132620,-0.463678,1
1.613482,-4.285598,-4.557005,7.040602,5.258284,0.751488,1.109404,5.778320,5.820751,-0.635015,5.279404,3.493111,1.860224,0.682009,6.061846,9.884851,0.535973,-2.421768,9.096224,-3.085978,-2.952271,-3.166317,-1.591228,-3.898090,2.310276,2.397427,6.526970,4.039635,-0.150175,0.600224,1
4.130289,2.667580,4.006416,1.543673,1.234951,-4.691561,2.422215,0.888357,-0.876608,3.494699,-1.726723,-7.804891,-3.679978,-3.446522,4.965937,5.686119,7.486393,1.393902,4.515690,3.241222,-4.568933,0.345564,1.745705,3.219975,6.413460,-1.774393,0.003437,-3.755688,3.954123,8.076990,1
0.665094,-2.036388,1.096045,-0.810202,1.769011,-3.472240,9.441776,1.816263,1.880550,-4.831020,-6.954228,0.768435,2.643097,1.800329,3.033060,-4.718587,-6.928630,4.984686,-3.480768,-1.605810,6.095253,-0.580219,4.313976,-3.792786,3.498106,-4.906233,-2.024401,5.923986,4.987730,4.230955,1
4.769773,1.963076,3.518492,0.046133,6.609274,-3.386648,-6.748274,5.436804,4.558125,-2.035769,1.922310,-0.437702,2.146944,-2.804392,1.323122,-5.789735,-3.592446,-1.867085,1.948309,3.593937,-4.679800,-1.435097,-3.346746,-4.204185,1.755989,1.460163,4.865355,-2.516230,0.890890,-7.416803,1
-5.625515,2.135769,-0.083475,-1.422915,4.178671,-1.544052,4.806828,-0.986029,5.684471,1.746546,8.794945,3.603119,4.782114,-1.867512,-4.056285,-1.614258,2.324373,-1.559296,8.752857,-1.886135,1.943506,2.016531,0.284389,3.017500,5.581856,-5.714958,-1.175377,0.187090,6.045103,8.791710,1
-0.368650,-0.013086,0.977972,0.260551,-5.517458,2.636698,-1.351803,-3.825795,-1.803444,4.839922,6.791367,2.661928,3.608931,5.201941,-1.460243,9.217394,1.757650,7.826818,3.401167,-0.425694,5.767694,-0.241421,0.627672,2.940516,-5.893848,0.473030,8.635214,3.098909,4.415743,3.108067,1
6.329014,-2.408018,5.426582,0.155619,-0.154827,-0.530283,2.526947,-1.231522,-1.223034,-3.401464,9.571482,-1.243952,7.449123,2.454971,3.581600,4.105028,2.730888,1.993311,-4.579736,-1.222208,-8.436867,-3.304045,-2.841295,3.267897,4.329439,3.332743,-3.014828,-2.319916,0.980244,7.942162,1
-1.812950,-2.351204,2.320484,3.058411,-0.691515,-4.647572,-2.067896,-1.509338,5.595602,2.164457,-3.138388,7.550211,3.225836,1.362637,0.839560,-0.605244,-4.854135,-1.790966,8.405403,-5.034435,-6.652041,8.760672,5.803831,-1.669621,-2.917812,-4.616116,-3.593516,5.615469,4.553871,-5.253076,1
2.791588,-1.894634,5.845842,2.521086,1.624846,-8.092755,3.364140,5.544226,-5.149944,-0.596857,2.633133,0.244654,0.446995,2.856581,1.041441,3.010313,10.125181,0.142027,3.627264,0.797533,2.325230,5.572620,-2.914236,-0.093855,-3.899309,5.681078,2.823263,3.072336,5.112978,-2.399988,1
-1.542107,1.049870,4.861879,2.523338,-5.958895,-1.380432,-2.402975,-1.005064,-5.778117,-1.636917,3.372259,-6.521531,-2.602839,-1.796341,4.248737,-1.729710,2.650501,0.674143,6.234470,-4.411784,-6.387535,4.505592,-3.236944,1.235296,-5.666477,-0.994915,4.488449,-6.037456,7.322464,-0.307745,1
1.501232,2.112989,2.692415,5.436344,1.155130,3.191341,7.536224,-1.655197,-4.706553,7.505636,-6.029480,7.421143,3.125860,-2.780054,7.686117,-0.905174,2.113451,5.711863,-3.220322,-7.652573,-1.216928,3.836218,-4.459599,-1.824966,3.936497,1.443392,0.408575,2.573690,3.308632,1.767815,1
5.506159,3.891392,3.538019,-2.253458,-3.651062,-0.182364,1.647934,-4.162663,-5.134610,-4.675566,3.057449,-1.207649,-0.102026,1.805088,1.954231,7.929335,2.418444,1.351480,-6.933300,-1.020775,-0.068417,0.175938,2.609636,5.832790,3.009216,0.268015,2.478167,-1.704597,1.661961,-10.593886,1
5.404852,7.366512,-0.942421,-1.568060,1.069262,3.823324,0.569710,3.567139,2.009005,5.014627,0.798498,-2.514168,0.029278,5.905127,0.270630,3.590794,-4.725655,2.905107,-1.803669,5.685280,3.138182,-6.310253,-4.338737,0.283365,0.635708,3.213366,-0.131367,1.389538,7.738054,-2.484150,1
-4.263604,-2.673138,8.437395,10.621567,13.234600,-9.813113,4.511789,1.583946,1.524366,4.099087,0.651241,-0.599644,-0.668682,-1.918474,2.229153,-2.279556,5.848257,-0.309328,4.014286,-3.356184,1.355284,-0.268333,5.025936,2.642557,2.012133,-1.756605,-0.805195,3.803724,-0.303574,1.823240,1
-1.242496,0.468311,8.406649,-1.707172,1.190861,-1.542318,0.101603,-2.206549,0.392511,-3.354877,0.608910,-1.006163,2.503788,1.504107,3.127419,6.140881,-0.215775,-1.702549,5.162371,-2.479420,-3.419769,2.344145,8.445517,-2.073423,5.980433,7.782194,0.626400,0.470266,-0.918865,6.616989,1
-4.001685,2.827423,8.007446,-5.107181,0.875334,-1.356716,-0.241344,5.748066,-0.025112,1.965027,-0.272797,3.965866,2.077671,2.399490,6.309565,4.187244,1.816948,-4.359720,5.354351,-4.394920,11.340099,-4.107871,4.897169,4.119730,-3.529411,2.196600,-9.308066,1.988813,2.399136,-0.029327,1
3.915949,9.342943,10.313236,-1.023384,-5.288172,-1.456383,-3.039053,-2.767853,-4.139969,10.113207,7.266560,1.751747,2.550333,1.414370,10.632139,0.678881,5.770729,-3.776434,2.617025,6.570917,-1.492376,1.210560,1.086201,-2.627939,-0.010130,4.150366,-2.139933,3.780884,-2.552212,12.924168,1
-2.293982,1.571085,8.386936,7.596766,-0.544724,-0.762470,-3.033535,6.310373,8.337961,3.645552,-2.618839,-1.215824,5.368843,-5.855034,1.179197,0.095543,2.720461,-3.242409,13.367489,5.969776,5.889757,6.751123,4.955809,7.188892,6.110592,-6.601341,0.981836,3.980879,-5.843016,2.238794,1
-5.267699,1.944979,-2.391598,3.111628,1.684917,5.193769,-2.171965,0.083824,5.872013,0.746536,-3.389778,-4.531365,-0.801374,3.421270,-0.940252,-0.481676,2.928297,1.087194,-0.415270,4.167362,3.131704,0.717981,5.436903,0.444677,1.533422,1.433937,-1.581575,-3.481153,4.891876,-8.288782,1
5.241026,-6.176504,7.003817,-7.060717,-1.062431,-6.705438,8.621183,-0.533188,14.833633,-9.523895,7.377481,4.598579,3.376411,4.526625,-1.468586,2.651258,-3.356451,4.460514,3.247606,0.360777,3.124264,-0.479992,-2.683954,5.644085,3.789942,-0.962435,1.788950,5.561407,6.108551,-5.488540,1
-5.960287,1.843018,0.928267,-3.558552,-3.083925,2.478792,-1.081249,3.792358,-2.220474,-1.713535,-3.690940,5.811583,0.333771,2.251091,7.238558,-4.379728,-5.260859,4.961092,3.346449,4.621225,-5.471738,7.241640,1.458309,2.743834,0.485386,8.043482,-1.059053,-2.418846,-5.110351,1.641935,1
6.245869,9.927845,5.739607,-3.907211,-0.774462,-0.614082,-10.979998,1.261681,9.142164,3.601957,2.403233,-2.018583,3.066404,4.765741,0.500862,-2.573799,4.837181,0.943417,-4.169578,2.791147,-0.471937,2.586258,-3.781002,-0.057852,-1.607187,7.749844,1.016546,3.103626,-4.599324,-5.631951,1
-4.997171,2.524357,0.762615,-6.452696,4.807272,6.267849,5.302671,2.007317,7.033232,6.991711,2.235598,-3.708652,2.510813,1.797035,1.519499,4.110231,0.278770,3.309568,0.197937,0.999594,0.804771,-0.917959,5.734602,3.714918,-5.377746,-6.496457,-2.268185,8.423641,1.013575,1.553097,1
4.142227,1.019972,7.129684,-1.547972,7.665281,-0.146774,-4.535556,-9.298591,-0.739799,0.259356,0.467154,4.165178,-9.051487,4.706505,-0.753820,-3.541181,5.768093,4.807199,1.008615,-2.885183,-2.912039,1.639181,8.049326,-0.810577,-3.292040,-0.730827,5.754622,0.560095,4.511112,-7.474236,1
1.781900,0.305641,9.789370,6.590567,2.345577,3.604359,-3.703772,5.213614,-1.093037,0.718904,-4.867045,5.474987,5.665808,1.180531,-5.950132,1.402826,2.218071,-1.471876,-2.205441,-2.704998,-2.278542,3.390057,0.322260,-1.723902,-3.277399,0.995722,0.983614,-2.881954,1.564577,-1.544353,1
8.441128,3.459448,-1.867405,2.938705,-0.128492,-5.129569,-0.404486,-0.359554,2.823530,6.122017,6.060638,1.078516,8.723570,3.447634,3.120752,-0.500040,9.525331,3.562153,-4.456491,7.432642,3.828608,-0.112179,1.104208,0.416195,7.337057,-4.549832,-4.002406,-4.472479,-1.451336,-3.393028,1
-3.412184,3.988924,-1.837160,-3.950871,0.971222,0.243620,0.090349,3.141489,11.199358,0.082993,1.395164,-0.282921,3.440027,-1.286882,6.198793,6.904781,1.207851,2.784700,3.215805,5.554626,-0.517136,-0.870594,0.453812,4.687416,5.317125,4.109476,-2.147547,0.642887,-1.968561,3.041250,1
3.882877,1.005711,0.314142,9.278814,-0.098619,-1.024019,4.244091,1.500214,2.474518,4.715839,-2.064053,4.175673,-1.184656,4.381586,4.541576,3.508251,1.946733,3.444571,-0.435743,1.513643,7.629276,2.169239,-3.346115,-0.832146,-1.762712,0.127993,-0.299953,4.039242,0.221050,6.062700,1
0.256901,-3.841582,-1.347311,-2.129082,-1.840847,-6.373744,6.684063,-2.178696,-2.125406,5.395407,-5.251468,4.406219,-3.520262,4.461920,-3.800482,1.933371,0.542986,-1.911060,-5.703795,-1.457344,0.327587,-2.501797,2.044985,-5.126756,0.384096,0.507494,3.254841,0.487888,-2.771841,1.248163,1
0.651371,1.695463,-5.882421,-0.863125,0.213203,6.023058,9.209536,9.027210,6.547850,0.420139,-0.407526,2.249495,3.677505,0.756588,3.356615,2.128553,-1.978106,2.840725,3.755590,6.242292,8.602551,-1.188833,-3.173246,2.380377,-2.739883,-1.390610,-0.441519,3.035109,1.394066,-1.019938,1
-1.794538,6.097603,-5.026039,3.796385,1.406914,-0.512877,-6.238186,2.955530,1.080370,2.466314,-2.733795,0.684830,5.195217,0.895145,3.723503,-4.152490,-1.170124,-3.489691,6.689627,-0.995335,5.963886,6.249493,1.726530,0.845631,1.753826,4.528557,3.722733,-2.889429,4.859222,-1.077469,1
-1.908030,-0.440294,-3.560671,-6.595968,1.369247,4.117449,5.195717,-0.923222,0.065210,2.970259,1.507483,-0.824911,0.205795,1.042240,0.938463,3.925966,1.101484,10.976139,3.332895,-7.930852,7.022066,4.394823,2.860250,-5.486747,-7.401361,3.488852,2.863848,3.657036,-8.070140,-0.028637,1
4.189880,0.656227,1.761480,-0.135778,-4.770263,2.264591,2.433924,1.130129,7.055733,-0.983644,11.726685,-3.701674,5.198521,2.785908,-1.318048,10.233410,1.853041,-5.307585,4.928745,-2.090117,3.145199,4.856934,4.915556,-2.760622,-0.581984,4.023930,1.631828,5.527098,-1.778358,-5.349968,1
2.779642,4.158882,-4.064505,0.565996,-3.938916,2.921890,4.224531,-4.972167,2.650631,-0.784338,0.827457,3.770580,-0.719217,-3.390514,3.514494,-0.884344,-1.452311,7.919964,0.825846,-1.573351,3.377029,2.904743,4.269066,-0.393103,7.254271,3.227831,-6.147876,-0.468824,2.295221,-2.385061,1
-2.052149,-2.996357,-0.752966,0.763086,-2.660753,0.721136,-4.651168,-1.019938,2.534649,3.031483,2.538433,-1.926849,2.093489,-1.284340,-4.517029,-5.413499,-1.163380,-5.031527,1.003080,2.600477,-2.365591,2.000978,-6.125829,2.194775,4.020727,0.026447,2.998487,-0.832270,5.339397,-0.023716,1
7.322067,4.430706,-2.627638,-1.662386,-0.852753,5.632284,8.864891,1.811327,5.123659,-0.137899,-3.284517,-2.620497,-1.200466,5.265623,5.416611,4.576008,-5.446424,-1.320456,-3.127077,1.779457,-3.562332,-6.747240,6.058208,3.258110,0.224861,3.996252,0.007519,-2.093229,-0.957409,-4.332567,1
3.839766,-6.219295,0.650476,3.464756,5.568207,3.105331,0.158749,7.521521,0.014051,1.870348,2.560505,6.631643,0.408964,0.410669,8.530510,4.502565,1.460293,8.018173,0.871382,2.574833,4.888277,3.206499,-0.925034,-2.945498,1.318739,-3.617347,8.072033,-0.681135,2.086870,-2.469149,1
-1.957838,-6.363523,-0.958214,9.347067,0.966234,1.924759,4.723362,3.366446,3.500748,3.206274,6.577520,-7.848775,-6.253215,0.231771,-0.633627,-6.006350,2.179094,1.652706,0.279352,6.509747,0.618044,2.606339,4.387539,-4.571273,-3.735214,-4.348066,1.145947,5.361134,-2.290648,4.327812,1
-1.194931,-2.429857,4.759506,2.681589,2.918385,-5.062821,0.181881,2.279810,-5.652265,-2.737120,10.947729,3.061396,-4.521105,2.816660,-3.437922,-1.157246,8.720486,4.497940,6.546171,3.470949,5.739418,-0.701479,1.806955,-3.121759,1.861929,0.852810,6.684019,-1.525524,-0.100185,-0.515699,1
2.928080,1.020098,0.677187,9.094229,-0.390713,-7.680241,-1.242773,2.143950,4.797520,6.407597,-7.636287,-0.218010,-2.906439,2.011475,-1.500334,5.286007,1.663267,-3.408508,8.589054,6.624256,-7.626588,3.350544,3.216152,-5.029067,-2.716602,-1.716631,1.468422,-8.008212,2.154198,-5.510739,1
0.498871,-2.628462,-4.362319,0.444468,-4.010451,9.227549,-2.092628,3.861237,-4.130911,-0.806396,3.703985,0.104017,-2.786499,-3.555463,-0.443073,-4.867852,2.576513,0.866714,2.669405,-3.135868,5.248873,0.238876,9.010460,1.799154,2.494165,-4.414936,2.849222,3.630604,-8.921937,-0.282532,1
-1.636261,2.776358,3.914148,2.613813,-2.598640,-1.576723,3.191654,3.068830,4.901310,-1.839046,3.998426,-1.291086,-2.946522,-5.796147,1.031885,-1.321556,5.632364,-1.799980,4.942179,1.468424,-6.032266,-1.641003,0.155144,1.737839,4.253941,5.408304,-1.261496,-1.189199,1.527889,3.655489,1
5.410732,-1.734629,-4.105959,-2.030828,1.536440,-1.629368,-1.683540,-1.492496,3.004532,-7.620408,-5.042647,0.630152,-1.803431,2.864258,-0.169647,5.857191,2.312054,-5.180983,6.351276,3.452681,2.407043,-4.038476,-1.907295,-3.335787,1.507887,2.977737,-0.781378,-5.136978,4.593266,3.373873,1
-2.532328,4.057514,-4.078014,-3.253010,0.502264,-1.916363,-5.001266,-1.664299,1.479467,-3.643859,3.552551,4.282900,2.802359,0.370724,2.076456,4.694426,8.999651,0.048048,-9.972750,3.296989,-4.397891,1.983772,-0.874954,1.708937,0.616171,2.749292,4.845743,6.656057,3.460222,1.193180,1
8.919733,-2.572691,-2.160076,2.409847,-3.306095,-0.397985,-5.686531,-0.513369,-1.438810,-1.330824,2.788157,-3.946643,8.838202,0.316383,-5.178432,0.775421,-1.321047,5.383213,5.352652,1.470636,-0.821245,-2.294407,7.196144,3.401117,9.947088,-1.316101,-8.659719,-3.143251,-4.978068,-6.771089,1
-3.913240,7.264904,12.855232,4.027304,0.185148,1.365839,-0.070818,-2.107012,-2.775072,7.463961,-1.751442,-1.527832,-2.355387,7.123442,-3.885971,-0.901426,2.641638,5.105434,3.433359,1.786720,-4.467715,0.240801,-0.561121,-1.360117,2.851379,-5.468424,1.856749,0.676859,-1.467472,-1.729195,1
7.713366,1.221470,-1.410339,-1.462141,-4.063228,-4.812707,11.376205,0.003222,-4.976864,0.836311,-0.562706,-1.694561,9.406393,1.740877,1.599804,2.569422,9.021215,1.062525,2.785273,-0.049934,10.272537,1.153799,0.813572,-13.393777,3.772263,-1.664875,-3.803047,-0.502571,7.956995,-1.083677,1
-1.269152,-9.765974,-1.415573,-0.413258,5.042305,0.315464,0.398952,3.244314,4.449205,0.360708,-1.264103,7.067545,1.083307,2.374336,2.553654,-5.878032,2.210821,0.742016,0.011246,-4.857156,-9.196877,7.404148,2.030544,-1.868044,5.839327,-1.570065,-3.171278,-0.062147,-12.942024,5.825682,1
1.752613,4.034000,0.868700,1.913923,4.309526,-3.276781,3.535053,1.874050,4.654928,4.367706,4.960175,2.861347,1.057558,3.734697,-2.690475,-0.881578,0.201113,-3.103384,-1.315804,5.877913,-0.136044,-1.341295,-0.519392,-5.186657,1.646030,-4.136664,1.543331,1.822378,-3.634536,2.776880,1
-5.587585,10.886414,8.150160,4.626169,0.701132,3.986706,-1.944016,5.021978,1.058332,0.583967,1.972120,-2.829748,0.733126,-0.427576,2.897722,-2.581200,7.750919,-0.135815,9.871380,5.643427,-6.099545,1.200371,6.576750,0.275146,5.475128,-1.701159,2.676598,1.774809,7.867823,6.398438,1
-4.224836,3.536985,3.839100,4.687735,7.132572,4.872837,-1.675821,11.319223,10.324516,-1.258753,2.672600,-2.433960,10.974806,1.165228,1.886415,3.522503,-1.260115,-3.067104,0.990189,-4.521765,-1.603046,-5.667181,0.792307,-1.999971,1.032074,1.531376,-5.383091,-1.908085,-2.168276,-2.458546,1
9.530231,-2.065159,-1.379908,-3.405203,5.429491,5.443197,-0.641487,2.370565,-1.100737,8.430704,-2.497381,8.272804,0.452690,1.121557,5.188791,-4.667504,9.490225,4.709721,-10.013054,2.913738,2.507494,-3.351784,-1.908119,-10.583141,-0.426981,3.866896,-0.466986,6.819101,3.768404,7.550081,1
0.521751,-0.168921,1.601686,3.971621,3.993124,7.532902,1.028193,-4.326501,-3.648211,0.801626,-4.404027,6.384977,2.348085,3.547033,-1.930937,1.628546,4.549887,7.143867,2.808691,4.840549,-0.454567,4.130650,-4.264791,-9.280955,2.284136,-0.222336,6.711702,-5.744075,1.798300,0.271734,1
2.676811,0.843863,-0.977867,4.440481,3.707167,7.223162,-0.513771,2.319965,-5.128049,1.113216,5.444923,3.846445,4.595211,-2.744062,-0.088938,2.063040,2.474691,2.345884,2.150581,6.640869,1.421274,1.051313,7.492146,-2.047026,0.328920,-7.960653,0.844345,1.007259,6.139368,-3.129675,1
-8.378870,3.260893,-1.962505,0.940737,2.691053,2.081161,0.661150,6.743927,-3.376747,3.305954,5.371239,3.411907,2.308331,3.108238,2.665539,3.111773,-1.840828,5.028843,-1.676868,2.662962,-2.799789,5.245766,-1.569988,4.466728,-5.887506,-0.073841,0.821384,0.475124,3.258575,1.947050,1
7.120653,2.259150,-4.989377,3.908802,-0.331345,-2.451866,-4.291157,11.205980,0.444832,-2.745926,-2.609781,1.945910,2.906157,2.410315,-0.568186,0.989716,2.482023,2.090540,3.904249,1.066969,4.989119,-1.192635,3.401688,-0.078787,1.207331,-5.292445,-4.453057,11.571951,-1.987240,5.390871,1
1.934036,2.376541,-3.999215,-3.024080,-1.317728,-0.930593,0.603266,-2.265884,-1.204306,-7.969819,-3.445589,1.485611,-0.460184,3.869110,3.020014,4.550800,-1.638803,0.447853,-1.733244,-0.116869,2.379770,0.683554,2.244629,-2.081577,-5.031881,-2.790154,1.405191,2.178455,-6.135801,-1.011822,1
-6.540319,-4.937895,-6.141603,7.274872,3.098263,4.526602,-0.114618,0.563663,-0.027414,0.857748,-1.950264,-9.501580,2.431162,0.386637,1.340750,-1.052860,-1.269596,3.490496,0.279932,0.871302,4.970459,-5.631151,7.768299,2.515766,4.531918,3.620533,1.784498,2.045750,-1.126299,-7.337843,1
10.343103,0.587990,2.004395,2.298988,-4.969280,-0.756029,2.317154,-0.565899,2.642698,6.291698,5.814590,15.406528,-3.584217,5.167208,0.067116,-2.946636,11.407930,4.314945,-10.304696,1.751375,3.589622,-3.520676,-4.603178,1.904430,-1.655020,-0.022701,6.802544,1.090891,-0.515749,3.495052,1
1.872095,-9.023416,2.724760,0.397047,0.232897,-4.689260,-6.463965,-3.980356,-3.911088,4.077288,0.248762,2.163168,1.149427,5.069307,1.171537,10.739355,7.568926,-2.310543,5.272291,0.181776,-1.540743,-2.479637,3.572672,-0.500486,-4.183553,2.275494,-0.672775,-2.671558,3.880323,1.344954,1
-6.846813,2.253134,1.731989,0.637562,1.219732,0.153156,-2.489779,6.035904,-2.366423,-0.846684,3.624052,-0.718552,0.044014,0.813171,-0.505920,-1.811628,-1.801971,0.140713,-2.457884,0.840158,1.428152,-2.678375,-4.663868,-3.468859,-4.830608,0.625517,4.425194,-4.665846,-6.515619,4.290747,0
1.667429,-1.264439,5.950560,4.058733,-8.507735,-1.929815,-8.244908,5.635410,-1.729057,-0.480703,-4.188368,-0.226236,-4.562765,-7.882066,-0.045832,4.705616,-0.299961,1.388380,-3.157881,-5.126703,-6.149858,-1.977724,-1.467525,-6.171214,-2.078379,-0.591650,-1.659626,4.996582,-1.569113,0.771151,0
-0.289770,0.479061,0.159365,2.416742,3.962210,4.309221,0.089342,1.725428,-4.161697,-5.762394,5.583721,0.535652,-7.548317,-4.864117,3.543562,-2.428799,1.540569,-1.177959,2.700901,0.932205,-3.515146,-4.369547,7.085081,-2.493063,0.105143,3.079060,-5.951005,-0.636810,-2.873611,-2.945129,0
-1.668177,4.072382,4.895927,-2.924553,-1.088745,-4.666286,-2.721704,4.423136,-1.010529,-9.273470,0.635309,-3.995165,-3.647520,2.504320,-2.817749,-6.910754,4.374569,5.370731,7.621246,-0.990976,-1.960772,-2.224018,-3.284798,0.917248,-7.453583,3.548712,-6.310146,-2.561846,3.163256,-1.160303,0
-0.747478,-2.565569,-4.202732,3.435278,-5.456541,-5.774881,2.998404,3.956781,-1.446457,0.411272,-1.868759,0.747915,3.651999,-6.234945,6.524950,4.352686,1.144356,-3.738527,-0.369604,-7.933635,2.326574,-3.815142,-2.123854,6.451315,-1.452095,-0.525581,3.220509,-0.789019,-2.669464,1.075020,0
3.072071,8.254942,2.648699,-4.259899,-0.432966,-1.858633,3.692909,0.915417,-5.660060,-7.329776,1.489996,2.166395,2.500555,2.349190,1.100199,-4.416889,-1.492496,-2.901976,-0.813213,3.708300,1.803120,-3.382622,4.850828,6.798037,-2.159241,-2.636564,-2.055601,-5.636488,-7.843273,0.755177,0
-1.486128,2.539177,-0.751146,0.963583,-0.307058,-0.253889,7.803843,0.045473,-3.102095,7.676630,6.992392,2.194059,2.916052,1.300274,-0.827833,1.580336,-2.102812,-5.862194,1.158834,-5.517756,0.899628,2.312511,-0.515278,2.118332,2.625401,-3.523735,-0.356611,2.755136,5.459311,0.254482,0
-6.279660,-1.502775,-5.895338,1.085260,-1.354359,-3.671721,3.216820,-7.029175,-7.343855,-0.294998,-2.106171,1.191034,-7.293714,-7.472159,3.863398,1.609470,-0.981604,-0.696039,-0.486435,3.010118,2.305241,-0.508718,-3.515083,0.911425,-5.202972,-2.655087,-3.556856,4.695637,-2.592669,-4.613943,0
-5.020071,-0.316809,0.146940,0.361353,-1.795452,4.802656,-0.902111,1.344210,-2.604151,-2.301647,7.872810,-3.151693,2.867653,-1.254768,-8.182115,-7.285840,0.186752,-8.970260,-4.972342,-3.077707,-4.959572,-0.462391,0.868061,-8.329823,-10.497690,-2.803259,-2.521839,4.033730,-1.672348,13.889740,0
-4.221548,3.759945,-11.091258,2.814190,-2.414259,2.967873,-0.062510,4.705158,-9.753667,-6.217711,-1.340155,4.733484,-1.652143,1.192781,-7.794084,-3.315773,-4.636383,-0.780256,-2.427691,-2.652308,3.381971,-2.724054,4.558813,-0.981550,-12.460781,-1.128021,-0.655869,-0.529385,-2.825779,5.122236,0
-9.731601,-4.470646,4.379574,3.809916,3.164021,-6.927872,2.630487,-4.904400,-3.470318,-8.995955,0.820683,-4.642653,-4.769838,-3.357393,2.163599,4.444731,-1.103342,3.451006,-1.510672,-1.389559,7.211472,-3.176203,0.560198,-0.303493,-4.805149,2.421711,-1.243645,0.144773,-0.171211,3.405252,0
-2.325041,-1.207611,3.527451,-4.095985,7.598988,-2.231157,-1.821180,-1.282904,-0.586502,0.125914,4.886459,-10.802099,-3.100588,-0.617290,8.258404,-6.873246,-6.019264,1.326393,7.109842,6.627502,0.235998,1.516293,-0.757292,-10.065352,5.824158,-3.479769,4.083420,-4.724585,5.599649,3.885487,0
0.970427,-7.702396,-0.567514,-6.540615,5.712719,0.349024,4.949083,0.669374,-7.314992,0.517593,3.072382,-3.473228,1.317286,-1.024719,-3.981100,-0.170757,-4.042559,1.556271,6.760195,-5.890574,3.433987,-2.788210,-3.026867,0.517765,-0.059965,-6.776928,-1.602713,-0.295666,2.258589,2.346069,0
2.476669,1.199627,-0.863590,-1.329353,-3.645346,2.556047,1.494640,-4.925608,-3.961243,0.962814,3.027706,4.025824,-1.015324,-6.522747,-2.874783,-3.821266,-11.172209,-1.765860,-6.527826,1.620836,-4.034199,2.393667,-1.275330,-8.316230,5.918505,4.039196,-1.415295,4.563837,2.163322,0.397957,0
1.069542,-6.579848,0.389660,0.367062,-0.484854,4.283747,5.693703,-2.037130,-8.440640,-3.671007,-3.700289,-7.428543,-0.439402,1.478691,-2.836666,-6.022187,-6.446903,-2.680593,-4.481667,2.858063,-6.982573,-2.743538,-2.814903,-2.940056,0.733179,0.497856,-2.522451,-4.235519,-1.942575,-3.794748,0
-5.404085,0.383619,-2.486977,-6.039892,6.172071,4.811083,-3.718803,0.290388,3.058634,-1.274078,5.169889,-6.284153,-2.508799,-5.927842,-6.084472,-7.427550,0.016047,-4.394783,1.321068,1.973803,-2.033936,-2.200346,-5.019098,-3.390156,0.521801,-2.165890,-3.930645,-3.432884,5.005205,1.067411,0
0.191744,-4.271805,3.685932,0.552366,0.179754,0.480999,-6.033088,1.552933,-10.443043,-1.645836,-0.194174,6.274918,-10.912001,-1.504341,0.944120,-0.219599,-5.556411,-0.513050,5.347620,-3.138340,-0.936054,3.054590,-6.289090,2.491045,-7.081795,4.912918,8.664013,-0.435301,-1.052719,0.579107,0
-3.233232,4.639677,-5.149347,3.921785,9.979750,-1.354237,-1.886450,-2.242903,-2.462917,0.789196,8.755741,-0.137850,-2.096151,-6.029781,3.149200,-6.782207,-4.774544,-6.519531,-4.024559,-2.254904,-6.206304,0.701431,1.304626,-1.810257,1.612810,3.655577,-0.033533,-11.068056,2.669756,-6.503090,0
-6.680032,1.725344,-4.627922,-0.509747,4.268793,-1.092915,7.628052,-1.472786,6.820127,-2.096634,3.659477,-5.825877,-3.355051,-5.828284,-0.131504,-5.018715,-7.888417,-0.759575,-1.475548,0.306953,-1.563738,1.521666,-4.652973,4.048655,3.578455,-3.837111,2.327835,-8.570026,8.484179,-4.066198,0
-3.046690,0.333220,1.967360,4.769564,3.815668,-4.906303,0.631668,-0.742338,3.886572,-5.439112,-4.441898,-3.365396,4.351896,-2.854462,-5.932435,4.540804,-1.433756,4.825462,-4.616549,4.996723,-4.275291,-4.412670,-7.113610,-6.113445,-6.331780,5.822844,2.409798,-4.674128,3.170797,2.179314,0
3.967670,-10.057498,-2.805359,0.091619,-3.914301,-1.574594,4.107777,-2.012032,2.150476,-0.165627,-7.231834,0.265259,2.475401,-4.745485,0.405394,3.430796,-12.445176,4.112118,-4.943060,-4.886927,1.874941,1.833454,-0.659542,-4.689501,0.574400,-8.550489,0.187042,-2.637291,-2.769903,-4.898491,0
-6.445817,1.926516,-5.357708,0.636374,3.053263,1.988827,2.863525,-0.687393,0.155643,-5.077213,-6.005774,-1.672266,3.017942,0.352892,-4.563349,9.564774,-3.928108,-5.898189,4.525633,-7.332406,-3.175867,0.516752,-5.335838,4.438204,-5.580381,-3.947012,-0.314287,-0.956047,-1.649376,-9.149466,0
-2.994064,-4.621618,-1.542646,4.061285,-9.035716,-0.445583,0.468929,2.880159,-3.436111,5.660860,6.890219,3.905657,-3.431515,4.456398,1.728674,2.864357,-7.242644,3.642710,3.470427,-4.656347,-7.443340,1.503361,-1.412525,-6.918186,-4.355999,-2.892878,-2.498850,-2.416687,-6.137225,-1.166290,0
-3.719830,0.003164,-8.907713,10.020678,-8.136967,-4.024082,-3.593069,-6.170499,0.949385,-0.991333,-5.426281,-5.637987,0.161682,-1.165983,-6.282199,5.644318,0.962425,-10.215184,-2.838844,-3.620504,-7.654622,-0.482679,0.780977,-2.950180,1.842340,-2.261574,-5.678017,-2.355688,2.514856,-1.605186,0
2.359171,-8.424641,2.271530,2.105167,-1.651350,-1.531855,-2.719231,3.031187,4.676348,0.853983,-5.385864,-3.602255,-6.868807,-1.284002,-2.711454,2.278179,-1.532129,-1.913748,-6.640283,-8.737452,-1.629803,1.063421,-0.992538,5.271818,-0.302145,0.904001,-0.903320,-0.914307,-7.132343,0.619320,0
-0.050943,-7.368293,-3.105387,-8.165021,-5.284966,-1.424410,1.368601,-3.557888,-4.814245,-6.118118,0.968502,-10.142323,-1.096930,2.766865,-2.913681,-5.157846,1.766626,3.953405,-5.601373,-6.233872,-7.808351,-4.889168,-0.712486,-0.627291,1.907276,0.320837,2.230883,1.513695,4.484047,-5.708009,0
5.275711,-7.255484,3.371851,-3.339611,-5.565620,0.531389,-5.298628,3.654736,-3.377268,2.488733,-5.665140,-3.840075,-5.150015,1.569012,2.430197,-1.563499,-4.419718,-0.434431,-6.243873,2.249891,1.658581,-7.114495,10.017891,-4.715183,-1.097815,-6.227125,0.374720,-3.998289,1.288258,-0.856823,0
2.146780,4.633827,-3.789900,0.701193,-6.766256,-1.437517,3.309988,-0.672215,-3.408010,0.520981,-3.315023,-3.678061,5.569063,-0.520981,-0.529324,6.233723,-4.343180,-10.063181,0.394888,-4.438902,-2.717989,2.312708,-3.793549,-5.339254,0.146076,-7.633112,-1.073792,-8.387450,-3.356600,-11.630032,0
4.806824,-8.641248,-0.105419,0.142389,0.296957,-2.233099,3.535915,-1.412724,-4.954569,-4.212593,3.901731,-4.604000,0.916033,3.760984,-3.711058,1.002558,-4.332064,-0.856865,-1.825647,0.314156,-2.473654,-4.638187,-4.123047,-5.434963,3.854612,-1.389380,-1.965408,0.238506,-5.538395,2.086206,0
2.688160,1.330406,-0.850204,-1.269270,-0.004671,-3.518780,-4.450399,-1.691616,-0.935543,-0.605337,-3.628531,-5.651910,0.895226,7.259985,4.124359,-0.923153,4.826462,-5.114065,7.365953,0.731472,7.138674,-6.328595,0.556398,4.759615,2.545586,-1.997940,-6.571337,2.726664,2.851646,0.218910,0
-2.668165,-15.231730,-1.018076,-2.775051,-1.454655,0.366539,-4.803627,0.508354,-5.979830,1.164305,-1.040697,-2.784328,1.286432,-6.408263,3.098587,-0.709404,-0.611675,4.146423,1.877613,1.352219,-6.718891,0.288774,4.884750,1.020002,2.067846,-3.483547,2.225557,6.514608,-7.082289,-2.548719,0
-0.778584,0.483150,3.294640,-5.266312,2.028828,-8.447648,-3.063286,-3.372488,2.254230,-1.874842,4.119514,3.276907,3.846603,0.302580,-4.637560,-2.444389,2.687679,-1.773563,1.841526,0.075760,-4.403587,-2.691681,9.119368,-2.897902,-0.743397,-4.167473,-2.374722,-2.779760,0.805014,0.206518,0
-2.917219,-2.700184,3.392529,-1.793222,4.662909,-2.605568,-0.833124,0.218548,-4.741798,2.386137,-0.906412,-0.643826,-7.445859,-6.257525,1.648596,-1.542337,7.546875,3.814552,-2.562065,-2.670038,-4.015209,2.974596,-2.109659,-3.965885,3.377214,-8.253171,-7.126644,-2.140196,5.616987,-4.845951,0
-6.042229,-0.862045,-3.101524,6.454454,0.426985,-4.253889,-5.529469,-7.210228,0.683205,-3.627150,-8.713964,-2.871145,2.850599,-7.315119,-1.924971,-0.119743,1.340305,-1.325792,-3.303816,-1.736088,6.110893,2.282484,6.729755,-6.924986,0.515572,-2.617208,4.609638,0.445843,-5.133804,1.091278,0
-9.215064,-0.881596,-1.351772,-8.505911,-8.358581,-5.661158,-7.524224,0.505671,-0.600870,2.031855,-0.159819,1.181847,5.112423,-1.523272,3.103672,6.169910,-7.605244,5.440609,1.362068,-1.576275,-0.287689,-0.491865,-9.299537,-5.923197,-5.618579,0.688377,2.492109,-1.306650,-7.697385,-0.074448,0
4.333050,3.296106,-3.848436,6.130636,-7.599397,-7.747262,-4.821995,-4.156563,6.999371,4.514475,-10.583935,-3.802462,8.160995,2.114454,-2.808947,-2.262531,-0.338072,2.715862,1.576435,-3.247385,-1.353437,-6.203830,-3.517412,-6.610061,6.301025,-5.433533,-1.192211,1.750389,-0.442801,5.698175,0
-1.956661,6.304955,2.649763,-0.598696,-8.170076,-5.074499,-1.165850,1.855803,8.468842,0.038521,0.227953,-2.676245,-0.240795,-4.897036,-0.890833,-5.652506,2.775669,-4.650942,9.042606,-6.160525,-5.549639,-2.857960,-9.475038,3.413235,0.217840,0.024343,6.222364,1.244141,-0.768475,-7.363693,0
2.246172,7.902908,-7.505198,1.072611,-0.735943,4.156143,1.615828,-2.921452,-1.245407,-5.094395,-0.325552,-3.637278,2.436165,-0.706583,-7.200979,0.036896,1.856836,-9.745143,5.369215,3.430962,0.312077,-0.918367,1.109987,-0.840931,-4.412395,-2.441071,-1.072535,-2.130465,-4.038710,-2.096720,0
9.554924,1.285017,1.626043,-4.041332,4.899897,-4.271841,-2.976301,-2.978100,-10.593757,-5.363644,3.413517,-4.108309,0.369417,1.184801,-2.003054,-4.241268,0.197275,0.865593,7.402603,6.717978,-2.627512,-5.256279,-10.994980,-0.612301,-0.604494,0.585705,-1.394426,-2.386938,-1.681879,-4.761427,0
5.485622,-5.696450,-3.824392,1.772495,-3.786919,-3.452875,0.887318,3.439665,2.446016,-4.782028,3.381252,-5.069500,-2.320293,2.974995,-2.519262,1.471054,-0.013287,2.342129,-2.672977,0.421377,1.565008,4.648716,2.177961,3.524778,0.750797,-8.850872,-2.250860,-1.514071,-0.837137,2.109232,0
1.693970,-2.658382,-0.031979,-0.905951,-6.567853,-1.375006,-5.587680,3.027609,-0.965746,-1.517433,5.341700,1.886559,4.534714,-3.943918,-0.339390,-3.528971,-2.294903,0.381212,-2.417603,0.106716,-2.175005,-1.733162,7.507929,-0.125759,-2.699785,-2.454977,-5.251940,7.501884,-3.512131,-1.557814,0
-2.063467,4.045029,-0.994486,-1.256014,1.731941,1.885685,4.246563,4.927038,0.734219,2.711130,-3.450203,1.782406,1.122246,9.715771,-2.090137,5.296484,-0.420984,-2.742357,-4.713205,2.312063,-2.604525,3.863577,3.177965,2.745136,-2.073721,-3.929777,-2.884995,-3.146309,-2.493219,4.252300,0
-0.433172,-3.487114,4.083189,0.540529,6.614119,2.851171,-11.442059,-5.713434,1.957592,2.032120,-2.944925,-2.038137,1.448668,-2.573460,-4.269527,-1.188745,-2.950958,-7.744784,3.670313,-1.911718,-0.574165,-0.691505,1.916500,-9.983606,-1.058729,6.122215,-0.144207,-3.170408,0.328314,1.678894,0
0.657276,-3.530827,4.358627,-6.529593,5.275473,-6.099479,-4.048010,5.223202,-3.325109,-5.482262,-5.651320,-4.826679,-10.007913,-0.766577,-3.261629,-4.050049,-8.181094,-4.931759,1.679310,0.201347,-3.676945,-3.450680,-2.234457,-0.846397,0.848417,-2.488787,-3.737831,-4.857040,-2.408716,0.806839,0
-4.868324,2.337603,1.453533,-3.719522,0.170504,-3.599892,-5.665816,-10.608908,-3.242245,3.359943,0.768932,1.936783,-3.203060,-2.797394,-3.275434,-5.293858,-1.372864,-1.375988,1.038946,2.809565,3.383566,0.865108,-4.410799,1.137451,0.577677,-1.782444,-5.686337,-5.838197,1.575382,4.220131,0
1.516638,0.473511,-2.785034,0.560354,-4.051325,-1.125872,-7.137039,-5.378622,4.703272,-0.067715,-2.344938,-3.255325,1.196709,-2.303364,-11.109943,-0.205248,-5.292274,4.914255,3.291708,-2.198093,-3.585648,3.046354,-1.072615,12.071224,2.277571,-4.732639,-2.732307,1.188112,-6.190931,5.429296,0
-0.148329,-9.603282,-6.809562,3.363550,6.185953,0.731094,-0.034060,1.647821,-1.582062,-3.506624,1.235025,10.972683,-3.685429,-1.676163,0.566435,-7.775951,-8.718452,-4.086622,1.172073,-2.064959,-3.378527,-0.276680,-3.727617,5.393202,-1.275225,6.761091,0.875963,2.118069,1.765793,2.747278,0
-3.386646,-4.570713,-1.087040,2.774298,-2.386635,-0.964781,1.251026,4.644156,-3.216711,-8.081017,1.022678,0.671207,-2.218390,-1.151413,-8.512344,2.395451,-0.009663,-0.640642,0.095295,3.203552,6.976988,0.102081,-2.677240,-8.029308,0.861919,2.978815,0.939789,-1.342117,4.419340,3.842012,0
0.222826,2.386980,-1.830063,-0.734543,0.362207,0.589928,-8.110238,4.330141,0.352261,-4.096447,-3.238407,2.297846,-3.113081,-5.499557,-4.569937,1.280581,4.237108,-0.640528,0.293030,-0.807589,-0.498577,-1.068316,-8.035052,-0.340847,2.294518,-4.490822,-0.395388,4.800865,-2.253191,-1.842119,0
-5.148098,3.368429,-1.847536,0.361210,-1.132729,-8.690641,-2.966497,-2.535097,4.928846,0.055164,-6.068419,-1.046883,1.087070,0.295809,-3.911650,-0.849421,-8.952093,-7.764347,-1.030914,2.308067,-3.432434,-5.623858,3.471313,-5.983970,-6.361277,-6.770329,-2.522665,2.623936,0.056606,-1.725380,0
0.480188,-5.842037,1.693016,-0.293629,-7.796590,6.240850,-0.341328,3.805922,5.514055,-2.878651,-8.765484,1.337482,-5.864655,-1.399487,5.769867,-3.180162,-2.015945,-18.263332,-4.624249,-0.132248,-3.741867,-0.680676,-5.496397,1.350903,0.006203,1.462656,-6.045400,-2.697479,-2.397390,0.923876,0
-10.008279,-1.137964,-6.577645,7.659325,8.737230,-3.947563,-1.562740,-2.631512,-12.771217,6.668505,1.953295,-2.661043,-6.192780,-5.258165,1.383175,-6.374037,4.314693,-0.897476,-3.339668,-3.205341,3.638885,-5.874894,-2.551212,-3.593210,2.349861,0.584171,-1.575615,-0.159838,1.175867,0.681557,0
2.357466,-7.508997,0.386805,-1.402029,-4.488005,-2.664803,-8.369879,1.684330,-2.621296,1.105230,-5.501713,1.383305,2.367638,10.224957,1.944275,-4.062384,-1.122702,0.583937,-6.310054,-0.822165,-1.301510,5.619879,-11.426104,-0.611317,4.085768,-1.206636,-0.874866,4.158579,1.836353,3.794416,0
-2.202431,-1.427794,-1.825808,2.326946,-3.565092,3.517389,-3.911180,-11.871940,-3.186308,-0.458364,0.337046,1.176212,-0.041569,-9.419328,0.203056,3.793129,-1.795458,-6.688336,2.024979,-1.252651,-1.530098,-2.636368,-1.399998,-0.448524,2.437012,-1.542048,-1.440828,-1.193491,-5.604532,-2.167339,0
-2.704180,-5.997849,-7.219105,-0.965418,1.194477,-3.359367,-1.992813,4.016315,-4.664185,2.903793,-2.591568,-0.765917,0.086231,-3.980293,-1.505333,-4.117159,9.936422,2.462704,-0.006428,0.421003,1.505867,-4.672813,-7.507598,-1.208649,-4.965872,2.346331,-0.919067,-5.170538,-0.288448,-9.929492,0
-5.603576,-8.702643,-1.612385,2.715130,-4.977798,0.751184,-8.144092,-1.965548,-4.169731,3.521235,2.735878,-1.062626,1.776417,-4.715921,2.780748,1.258516,-5.371895,-0.971222,-0.685305,1.833647,6.448084,-2.122561,-5.741381,-2.773886,-7.872061,-1.648382,-3.540989,-8.281037,-1.074089,-5.211214,0
-2.746931,-0.343662,1.749331,4.550480,0.646917,1.855820,-1.862267,3.754435,-4.018175,-1.028166,-1.315928,-4.091562,-2.918171,-2.651917,-3.202637,0.499105,-4.056072,0.719858,-6.306962,-10.323861,-3.854986,-0.463974,3.569540,-1.786968,3.996544,-2.664104,-0.138044,5.245840,0.064299,1.987465,0
1.855972,-2.639774,5.032343,-0.615391,-0.213812,-0.644964,0.591213,0.546898,-3.240185,7.541615,-4.928762,5.669407,-3.825748,-2.316019,-1.497452,-7.010798,3.723234,0.158276,0.898140,0.663593,-0.671911,-6.941654,-3.802568,1.945591,1.967054,3.185814,0.322037,2.170633,-2.421991,6.396309,0
-5.355837,-2.535418,-1.772814,1.350584,1.495876,2.475096,5.734514,-3.814327,1.477240,-4.039619,3.247419,-0.774904,5.945347,-2.537100,-3.856594,8.437181,7.958090,-6.286893,-2.395868,-9.206004,0.824247,-4.094633,-5.450865,-0.513683,3.218943,0.143629,-1.661062,1.354006,-7.822419,0.155470,0
-0.306618,-0.405306,8.088751,-5.829485,-1.955080,-1.703360,-1.810524,2.273289,-1.597700,-3.790026,3.328049,-0.518032,-0.412134,1.098030,6.013224,-5.286428,-6.620929,-4.602633,3.124010,-6.918497,-5.211681,1.657148,3.318075,2.406481,-3.900600,-4.308676,11.344864,-6.722141,6.820543,1.794498,0
-2.258425,-1.026878,1.743113,-2.220011,3.950359,11.205578,-6.729459,4.945925,1.814522,0.872704,-8.466477,-4.127472,6.560596,6.776558,-0.300097,-3.055946,1.972218,-1.745667,-8.785925,-1.422419,2.286476,-1.981159,9.617149,-3.479099,-1.958326,-5.858207,3.818319,-2.672894,-4.647417,-0.435431,0
-1.140934,-10.543839,7.175209,0.695415,2.166727,2.868855,1.705711,-11.183210,2.028852,-4.204863,-5.537624,3.294260,8.975676,1.984228,11.519371,-3.622831,-0.723381,-2.992529,-2.301165,-4.681225,0.598471,-2.813698,-1.849104,3.892204,-1.311338,-7.542827,0.193312,-1.364506,6.168100,-5.887757,0
1.369387,0.688965,-6.279345,-3.365223,-3.906916,-5.296175,-2.754372,-5.245972,-1.577314,2.226921,-2.868582,0.339970,-5.975808,1.108547,-4.437166,-2.588272,-2.044346,2.449369,-4.851515,-1.719242,4.917364,6.803688,-1.205006,0.181723,-2.986650,-4.687170,-3.555222,3.744896,-3.940752,-3.415808,0
0.970596,-4.729954,-0.481905,-9.323162,-1.553915,0.234873,-0.266340,-7.591282,-4.014841,5.767721,1.049992,-3.355875,0.482166,2.380995,-2.079298,1.947783,0.048628,-2.683218,-4.332090,7.865551,0.617643,-1.419510,-1.761766,-6.804824,-1.835796,5.820589,0.917068,-9.260379,4.166763,-4.729420,0
-5.133644,-1.902891,-5.666520,1.543406,4.940542,3.973341,-3.529696,-2.486141,-2.462999,2.693232,-1.845360,-4.040998,5.874237,-0.546482,-5.425751,0.098257,4.745102,-1.321297,4.337051,3.417168,-5.326290,-1.122801,1.483351,-2.804819,2.654186,3.796062,5.544046,-4.837952,2.891785,1.082603,0
-2.434948,-6.381109,-6.652882,0.964067,-4.855719,0.225288,-4.969540,-1.437082,-2.465017,-11.496923,-2.601772,2.470230,-1.325806,2.568655,-3.065676,2.240822,-3.590904,0.714525,-3.608749,0.142481,-6.272111,2.841240,1.748470,-5.158625,1.969458,-1.977919,0.246666,-0.119635,-6.538740,2.824415,0
-1.500587,1.845018,-1.068399,1.786488,-1.287817,2.606306,-4.108641,8.896721,-4.646868,-4.258635,-9.016993,2.653383,-2.008432,-3.204329,9.899975,1.122110,-2.310848,-1.196276,-3.502275,-3.204437,-2.412518,5.294813,-4.403683,0.658606,1.373905,2.594301,-3.097607,-3.093197,-5.947368,-0.987322,0
4.982077,3.081810,-1.911701,-1.151136,1.420013,-4.473421,-3.852097,-1.805725,9.486254,-1.680653,-4.632456,-8.115586,0.911907,6.844128,-11.000159,2.786728,1.305655,-4.023233,1.470896,-6.510121,2.250519,0.866442,-1.250763,-1.704060,0.212255,-6.956657,2.282972,7.849813,-8.906718,-3.360567,0
-0.679867,-11.414565,-4.186998,2.134209,2.443325,-5.192558,-2.503756,-0.789848,2.711754,-4.311214,-3.078306,5.318661,4.198854,6.237501,-2.825924,1.496069,0.818127,-1.629099,-4.802626,0.387762,-9.742889,-1.442059,0.032694,1.466171,-7.698222,-1.756769,4.001301,3.242180,5.156389,5.780954,0
0.570482,-1.046064,-2.207354,2.905632,3.415598,-5.898046,-3.146868,1.124893,-0.399677,-3.812712,-1.682043,-0.231926,1.925440,-6.559186,-7.510420,0.473747,-1.951385,-3.502583,0.987843,5.197737,-3.044840,-1.063082,-0.451500,7.152529,-0.500521,-10.185107,-6.225438,-0.958412,-3.681639,-1.031178,0
-7.342360,5.834209,4.432495,-4.940905,2.262251,-2.971643,-2.455118,-0.639446,2.286800,-1.538504,-4.654467,-1.852749,-5.087641,-4.876457,-2.744427,4.002853,-0.527575,-11.222313,3.662033,1.550020,1.984598,2.492540,-0.479172,0.718779,4.756908,3.744135,-4.721266,-0.124733,4.365833,-1.931330,0
-8.328665,-3.899935,1.947231,-0.112183,-0.008375,3.567539,6.408018,-2.474834,0.722963,-3.282204,2.085491,1.765537,-2.835712,3.650135,-5.165844,-2.083065,5.644104,8.349577,-1.524927,-0.169533,-0.939745,7.179979,0.769342,-1.294308,1.115149,-0.406477,-7.107980,-1.200945,-6.948260,0.768269,0
1.652796,0.251732,1.582045,1.228634,0.098909,7.401251,-1.914692,0.635218,0.394487,-2.510149,-1.414434,-4.661587,-6.196747,-1.644716,-6.061321,-1.835941,-0.589676,0.082945,-0.507671,-0.635803,-4.797140,-0.512430,-8.075582,-2.446125,-9.037675,-4.675457,-0.375877,6.988636,0.318773,5.311005,0
-5.535089,2.804964,-1.068119,-6.348140,-1.193726,-2.549643,-0.808664,0.805840,-3.052782,-3.329933,1.425394,-0.156212,-5.992485,2.991024,2.507923,9.673840,-0.292875,-6.732146,-2.564583,9.573200,-0.681952,0.455797,-7.258347,-1.211494,1.227072,-5.143604,-1.284845,2.840130,-3.523638,-3.700018,0
0.645292,-2.823782,-2.197475,8.051180,-2.599659,-0.916029,-2.700249,-4.219494,-6.680559,-0.746954,3.082001,-2.735415,-2.068851,-0.324453,-2.752680,-7.003374,-2.425072,2.579191,6.325190,-2.958273,-1.434675,-3.771706,1.055420,-2.250254,-2.946064,8.993498,-5.005859,2.641119,-4.837141,1.369005,0
-4.938992,-1.693153,-3.503811,5.010408,4.809719,5.333511,3.145679,-9.171355,-10.950218,-4.707092,-1.740210,0.225140,0.025991,-2.524809,3.340181,0.998255,5.813229,-3.711807,-4.261108,-0.701771,4.279448,0.133581,2.403019,0.911612,3.867033,0.068752,-6.836175,-0.492880,-4.414082,0.071146,0
-3.475746,5.067978,-4.043547,-6.110855,4.299387,4.585876,-7.098141,-2.341452,0.118034,-5.778809,-6.588724,-1.817612,3.635376,0.942463,-4.201727,0.861137,5.496824,2.725590,-3.129232,4.814108,3.981565,-0.196280,-0.091780,-3.133942,-6.873758,-1.092724,-3.856443,-12.094474,-0.349262,-6.314651,0
-9.000805,5.157393,5.324942,-0.111448,-1.172588,-2.670088,-2.550518,5.083685,-5.617873,-4.650091,2.744383,0.047415,-4.427855,-8.048758,1.491566,-6.390182,3.002676,-0.908403,-4.862114,-11.577913,0.219477,-1.893515,7.746450,-10.580143,4.290127,4.932741,-3.692703,3.237480,0.948902,-3.400135,0
-4.216051,-3.198299,2.213890,-3.526728,1.942493,4.389318,2.909281,-0.993732,5.198627,-7.032899,0.593033,2.354141,-2.434429,-5.707296,-1.571146,5.802042,6.645435,2.265236,-0.363316,2.322554,-1.744211,-2.092701,-3.151251,-11.110290,0.425594,0.599333,-0.025137,-1.126396,-1.367794,1.742506,0
-5.829514,-2.255802,1.620668,3.344721,5.462486,-5.367147,-3.044792,3.635695,2.692690,-1.511534,-3.477800,2.575996,-1.931433,-5.711418,6.127415,-2.838329,-7.983859,1.789557,1.883274,-4.696352,-2.328178,-5.426575,5.159647,-0.749210,1.069283,3.033554,0.009491,4.515011,4.905313,2.066359,0
1.478010,-4.514767,8.864714,-3.640888,6.610632,-3.768385,4.421240,-4.332558,1.236712,-2.605742,4.815086,-2.148224,-4.142693,-4.563715,3.548599,3.241024,-3.590069,-0.766216,-3.230013,-0.140862,-1.622576,-2.869274,1.950544,1.021940,-1.254240,-0.892500,2.209494,4.939367,-4.485962,-2.943844,0
3.945990,1.617004,-3.488127,-1.929462,1.702387,-3.542889,-1.458820,-4.475910,-2.873825,-4.042799,-5.961998,1.238558,-2.475309,-2.973246,-0.470093,0.359419,-5.693367,0.801584,-6.996995,-3.217751,3.528400,0.314322,-2.549101,3.744736,0.726954,-0.710915,-0.171101,-0.051731,-1.543699,-0.795244,0
2.234488,-2.637142,-3.801050,-4.449057,-1.740276,0.425318,-3.341211,-1.570934,-2.622574,1.766102,3.231594,-6.660696,1.588535,-5.184631,-4.276646,6.007799,2.041090,-2.521902,2.080175,-4.655352,1.882191,-3.914848,0.119337,0.563595,-6.838052,-6.850512,-1.879017,1.111616,1.545376,0.299774,0
-4.942171,-6.047032,2.135002,-2.445797,-4.091337,-1.047897,2.486109,-0.621212,6.753403,-7.062792,0.725828,0.537073,3.139900,1.462797,-0.041309,-1.430691,1.207357,-1.028322,-6.343427,-1.991385,-0.661188,3.912498,-1.160419,-5.405058,-2.260775,0.690182,-2.172100,-0.659119,-2.879866,-6.797399,0
1.395187,-0.355846,-5.492445,-6.913234,0.535547,4.352926,4.974371,-7.604153,1.246628,-6.741775,-4.140987,-5.184359,-2.519331,2.489737,2.513714,-5.887283,0.354370,-7.836358,-3.426180,7.354719,-1.448235,-5.907279,-3.328728,-2.065893,6.345840,0.061007,-8.140630,0.840517,-0.407745,-1.991373,0
-2.374947,-9.052513,11.089035,0.082642,0.858925,0.046650,1.035385,2.879211,2.469904,3.286997,-1.547390,-3.980583,-11.492460,-2.440157,-1.439692,-10.151453,-0.660467,-2.036787,-2.460751,0.990566,-1.873154,0.857916,1.038305,-1.494331,6.612181,-1.272110,-8.092628,-3.497538,-0.293463,1.691273,0
-8.276691,0.836723,2.685057,-7.451843,1.831150,2.921606,3.143267,2.622866,-6.267120,7.739836,-6.334682,0.229746,-0.395176,-8.166436,-1.279287,-3.136757,1.584862,-1.551676,0.194557,3.253250,-0.555614,5.321934,-2.325378,-6.787633,-6.576571,4.173622,-8.940582,-8.279292,-6.808674,-3.996170,0
-1.188965,1.159964,-2.270184,-8.056993,-1.707277,6.826950,-0.600178,-2.986065,2.116982,1.342693,-5.529722,-2.225294,0.402927,3.316431,0.887104,0.500340,3.681707,-1.590899,0.678055,3.965448,4.190317,-3.323952,1.729418,-3.317383,-1.179304,-6.593462,9.991098,1.105318,-4.882452,5.654007,0
0.221746,4.142262,5.385109,-1.905890,-0.646204,1.913845,-5.326351,3.963442,-0.653366,7.789328,-5.916509,-0.146729,4.722404,5.405413,4.461420,-2.200111,-3.898396,3.176241,-8.275904,3.784985,-5.709394,2.530895,-2.514826,0.740181,-6.927085,1.851114,-1.891140,-0.017954,8.190414,3.949720,0
0.425739,-0.889660,0.560335,-12.947232,9.247225,-1.471352,-0.057886,-5.147440,-9.111952,5.354338,2.831535,5.485771,-10.618655,10.355167,-9.304111,-9.943403,-6.407541,5.967581,-1.011549,-2.105244,-1.725801,2.437897,0.935087,1.437511,-0.019569,-2.118578,1.254253,-2.092997,-0.541916,3.823181,0
-5.200073,6.221478,-0.497147,-3.544514,-2.796648,4.652838,3.970699,1.527988,0.939159,-2.324089,-4.072100,1.517799,2.225952,-0.070475,5.396700,1.542917,0.858686,3.123638,-2.644772,-2.769028,-7.481749,8.430750,1.014421,3.624889,-2.511936,-5.301588,-4.871389,-2.698565,-0.757980,-3.582966,0
-3.264597,-1.064045,8.889599,-0.155190,-2.954439,1.133705,4.103567,3.270807,-3.404192,2.723196,3.617693,-4.002724,-1.983768,11.482140,-2.155634,1.198679,-5.822947,-2.662542,1.855022,-7.447361,1.022095,0.493994,-0.842747,-4.116682,4.925623,3.122547,1.009405,1.026340,-6.347355,-8.060294,0
0.229942,4.838875,4.829985,-1.640516,-3.994774,4.817646,-3.657419,-0.232073,0.089090,-4.156816,-4.287270,-0.554632,-7.977124,1.198214,-3.533581,3.537003,5.642488,-3.215778,-1.108337,-2.412003,4.180126,-6.090261,0.409578,-0.373672,1.553625,-9.976258,5.650139,4.703520,5.150848,-0.915850,0
-3.377689,0.475328,0.877811,-8.760365,-1.637842,1.988689,1.414284,-2.624203,-4.683468,0.385546,-13.885095,-7.487086,-7.432914,-4.013081,1.199360,-0.781975,-6.390512,3.152708,-0.478825,1.236479,-1.227888,0.974808,-7.980807,2.779852,2.746794,3.204329,3.870512,-2.153282,-6.307305,-0.683109,0
-8.550554,-5.506088,-1.547697,7.942133,-3.061422,-1.434336,-0.773464,1.420059,6.704664,-5.006027,-4.107059,-3.695787,-6.638667,-3.401245,2.966822,3.367090,-7.646474,-4.268116,1.740074,6.168564,4.794590,-0.032469,0.442362,-7.307507,-9.820392,0.409674,1.873983,1.409845,4.816952,0.525108,0
-1.842861,-6.609996,-1.701015,-5.081530,-2.044731,-0.049980,-0.528702,1.472519,6.146564,1.461466,-2.134270,-1.130505,-1.489799,-0.551355,-3.328415,-2.427122,-1.577017,-8.022108,-5.737368,-0.913773,-2.521345,-6.006772,-2.954649,-5.166521,0.075998,-0.855581,-2.331566,-3.288883,4.232597,4.490448,0
1.839827,0.896523,-8.549980,-2.321356,2.843948,-3.786694,0.626518,-4.269949,-4.820612,-8.979704,4.304232,-1.646833,4.642986,1.087742,2.283852,-2.232086,6.708551,-1.271664,2.265909,-1.803102,-9.362535,-3.091881,1.125628,-7.025891,-1.028269,1.561787,-0.626026,0.202650,-0.717800,2.631111,0
-5.984889,-1.494574,1.933044,-7.766257,-6.358677,0.804255,4.253078,3.028351,-2.749989,-1.097210,1.248638,-1.292459,1.247299,-9.682220,-4.531887,-4.687891,-5.599214,-4.796455,1.963711,-9.514112,3.764999,-2.623404,0.934742,-0.194065,-7.087262,1.179674,-1.291445,-3.407890,-2.528519,-8.701864,0
-1.072433,0.032965,0.780756,5.535461,-4.406366,-5.898009,-4.980387,6.779068,-4.538568,-2.134367,4.029150,-0.955488,0.032499,-4.920248,-4.369337,2.361332,1.545053,-2.387600,3.887915,0.645813,5.380476,0.293800,-0.611757,-5.644834,-3.444899,-3.819834,-1.393711,0.892223,2.678150,-5.291445,0
0.493097,-6.233513,-11.905989,-1.233629,0.088079,0.059422,4.451176,-7.427017,4.726357,2.790133,3.650217,2.383329,-2.742620,-3.859797,-1.370296,-0.504223,2.853796,-5.138910,0.117405,-0.745029,-6.479530,-2.114958,2.358860,-3.012720,-2.617271,0.416182,1.598682,0.149338,0.168987,1.290594,0
1.971655,-4.338787,5.232178,-0.823399,-1.059872,0.253025,-2.623747,-2.573881,-11.663260,-1.974865,-0.663860,-6.703609,2.883236,2.413776,1.313799,-11.309140,-4.192751,-2.564995,-4.133753,-1.941206,2.783627,-2.462025,-3.328564,-1.212116,0.645361,4.569820,6.607275,-6.109425,4.248035,1.669647,0
-9.275992,2.838112,7.910738,-7.925987,-3.399115,-3.830080,3.979664,5.310101,-5.065863,0.199369,2.459194,-7.845008,-1.050991,-0.032614,-0.550383,0.741768,8.057981,1.287260,2.044098,-1.353743,1.299944,0.743622,3.292913,-4.271999,5.867847,5.168503,-0.354401,-0.874878,-7.205737,3.966858,0
4.524399,0.540983,1.570494,5.041183,-3.471352,2.673685,1.780687,2.030703,-2.312956,-2.545097,-2.602728,2.625994,-1.168434,-0.559576,-0.980427,-1.499392,-1.695450,8.223927,-1.195150,-5.636037,-1.133297,-2.798851,-5.000650,4.429874,2.377844,-1.886290,-4.017282,-11.927372,3.828436,-2.314066,0
-1.394392,1.502796,-3.379593,2.023769,-4.435604,-0.666605,-5.620727,-0.868746,-0.714937,-0.826454,-3.720062,5.374142,3.001398,4.110561,6.867647,-0.234766,-5.539933,5.841116,-2.534405,-2.137672,1.397224,4.787056,-4.084768,2.286413,-3.983875,-5.494076,-2.257318,-1.596365,-0.448093,-5.949162,0
1.234188,6.548964,-0.541765,3.565567,-1.148207,-6.475358,0.824808,-4.424839,3.228485,4.403835,-6.638792,-8.967214,-4.734573,1.930864,2.437929,6.771345,1.531981,2.651749,2.996393,5.407223,1.961369,0.382540,-11.243279,2.570864,3.011438,4.553011,-10.758145,3.510973,-9.871159,-2.217367,0
-1.850111,-3.771235,-3.876982,2.514347,-1.437077,3.641445,7.746458,-1.761818,-0.631918,-1.828012,-4.868643,4.015783,-4.855698,3.674959,-5.398310,-7.119967,-0.090378,4.259642,-3.538729,5.873144,1.227770,4.442198,8.643488,-5.094576,-6.750828,-7.473515,1.102972,-1.516794,-2.937992,-8.204516,0
0.398569,-3.391506,-0.460756,-3.312206,-1.541594,-2.343220,-4.042723,-2.280769,4.033976,3.483740,-4.033476,3.890102,4.103527,-8.928777,-4.454586,5.350893,1.669922,1.385859,-4.278971,-0.320044,1.381969,-1.392931,-2.485775,2.829597,-1.548143,-0.827030,2.538063,1.180733,-2.039734,-0.238705,0
-0.017178,-6.143271,-3.798563,4.872160,3.982634,1.994854,0.390570,-1.188988,0.602528,-0.819935,-1.024229,-2.624695,-1.375645,-5.647410,3.359756,-1.016752,1.352161,-1.389315,-1.006310,-4.193024,2.120945,5.901283,1.590378,-3.597195,-0.075197,-3.043531,4.377426,-0.239826,-2.388296,-2.133520,0
-6.909991,1.559032,0.195940,-0.084396,-1.187738,-7.581017,5.548283,-3.154108,-7.203248,1.777023,1.548927,-7.693616,-6.620165,-0.859266,-0.781975,-3.402426,5.498178,4.374111,-1.700434,-2.360193,-3.552217,-8.445956,-2.666439,5.466585,-4.460926,-1.529398,-4.082504,1.621801,-9.346141,-0.471895,0
-4.476254,-1.114340,3.630562,-3.468922,-4.082254,1.844755,-2.925159,4.438219,-9.485408,-2.273199,-4.536455,-3.423183,-7.992613,7.290667,1.753656,5.761557,0.955261,-1.721416,0.845175,-6.521238,-10.103241,1.125618,-3.490746,2.625292,2.290133,-5.798430,-1.647038,1.176411,-3.200272,-0.036451,0
1.254850,-3.947142,-8.465794,1.781652,-4.837818,3.913673,-2.818863,-0.621426,-3.169670,-0.190119,-5.394518,-7.271618,3.243124,0.030037,-0.098944,-1.653303,1.962440,2.518515,-3.568560,9.592688,-2.226851,-7.396527,-1.761810,-2.986029,2.805180,1.199759,-3.721045,-0.161507,4.713177,0.957180,0
-0.996740,-5.404558,-3.291418,0.330151,-0.607807,1.742098,-0.937658,-3.071617,2.056402,0.987045,-9.119062,0.776791,4.801453,5.275036,-2.249605,1.361210,2.717815,1.946667,0.141750,-3.347216,-2.623192,-2.766520,-3.645607,0.659422,4.806738,6.760445,-3.382664,3.548420,-7.489944,-1.911875,0
-8.289717,4.524260,-2.244669,-4.869720,0.757433,-2.386696,-5.783127,1.781155,0.239857,0.557869,-7.493705,1.699066,-1.869148,3.527960,-3.705719,3.091839,-0.621099,-1.422186,-7.722999,2.375774,4.702457,-7.424998,5.980530,0.175488,-1.654314,3.654379,-2.711327,1.065289,-6.102953,-3.131449,0
-3.043659,-2.386322,-1.394989,-0.907816,0.194231,2.676975,-5.307110,5.855516,3.714087,-4.856182,-0.043758,2.291101,2.423031,-9.389231,-1.843596,1.941702,4.625811,-7.096042,2.455954,1.560383,5.436508,-1.121979,1.360994,4.212091,4.136412,6.720215,-5.987335,6.688786,-2.827066,-2.506134,0
-3.505581,1.049740,0.008032,-5.710685,9.083195,-2.528219,1.056036,-1.567150,-5.412022,-2.738352,7.028904,0.617561,5.651997,-3.274734,1.037792,-1.389111,5.444569,-1.955902,-3.878649,-1.375639,-1.157885,-1.550436,-1.104269,3.762028,-1.223442,4.588282,2.009232,-6.204656,-5.586680,6.330116,0
10.615875,4.023783,7.065418,0.785852,5.041779,-1.307411,-5.782741,5.053978,-1.656420,-3.834339,4.853693,-0.624971,2.558193,-0.022589,4.303196,6.880951,-3.670044,-6.808395,3.136213,4.733652,5.310101,-2.564976,1.295309,2.820183,-0.181290,-4.098652,-3.142405,-2.182882,-2.144012,5.711897,0
2.827515,1.847549,2.287874,-1.514442,1.183256,-1.008888,-7.634437,-2.874359,2.589912,-4.588583,-5.326410,7.940245,0.211370,-0.605782,-3.149197,-1.237484,-0.444696,1.476730,-1.798916,-4.033112,1.421354,3.928782,-0.114939,-1.469625,-5.997485,1.262299,0.624121,0.241779,-1.157845,-0.002966,0
1.829676,-0.648996,0.576872,-3.845079,-3.975733,-7.476607,-4.367380,-5.154560,2.166655,2.292385,3.643188,-6.938112,0.900928,-2.167458,4.739658,-3.961191,-1.395105,-5.215874,-4.680624,3.306364,-5.768814,2.301611,-4.884125,0.522795,-1.498785,3.348629,8.178497,-4.882818,-4.792383,5.750153,0
-1.170170,-5.623661,0.369349,-1.823114,-3.394369,1.060184,-3.439880,-7.175645,6.695248,-3.154350,-1.295288,2.938765,-3.271481,-1.564100,7.223835,5.070824,-4.410398,0.545954,-5.400564,1.858812,-5.939342,5.629309,0.559347,1.489902,1.296677,-2.564413,3.262447,8.196598,-0.959724,-4.211695,0
-3.354450,-3.587904,5.080856,3.502754,-6.085175,-0.593109,-0.666803,-0.572474,-1.178009,4.539131,-1.833597,-4.506378,-8.399714,1.681915,4.248850,-2.039997,-2.009914,-1.326435,0.264940,-7.385694,2.922726,-6.775302,-3.352682,3.996840,-0.750357,-8.404147,0.324986,2.645977,-2.947464,2.119268,0
-4.842203,1.882589,-9.168263,4.428314,4.143583,3.362932,-2.920555,-5.554013,-0.021925,-2.258045,-7.501845,-0.425230,-2.544430,4.448381,-1.295607,-9.554186,-4.244852,-0.518278,-8.394271,5.578611,-7.578250,-3.487593,-12.293814,2.039816,2.582752,4.122179,-0.728308,7.687181,2.343405,-2.846535,0
-4.605402,4.992828,-3.857136,-1.967855,-1.713642,-0.035677,-6.127429,3.658466,1.965168,-3.362804,8.868975,-1.719919,7.853550,-2.520340,-6.760004,-2.171814,-5.104956,-2.776855,-8.057536,0.601818,4.776215,-2.568424,-0.495161,0.410461,3.423225,-5.905445,1.934437,-3.701935,-4.359697,1.957354,0
1.618214,-1.203684,-3.753529,-0.011576,-1.169165,-1.122766,5.963715,-1.087156,-2.935167,3.939053,-1.388741,-0.044214,-3.122095,6.448191,0.613871,2.711132,-1.613729,2.970608,0.241737,0.967989,-2.603964,-3.339466,-1.508911,-3.570972,-3.518080,2.576958,2.114473,11.161060,1.404434,-0.918362,0
-6.823407,-0.511034,5.722218,6.811611,-1.778751,6.695272,-5.451900,1.276402,3.897295,-2.444405,-2.128962,1.681763,6.059381,5.047070,1.338057,-1.250221,-0.626099,-0.295235,6.766209,-3.408855,1.607950,3.140829,-7.098930,-2.320564,7.840466,3.586599,-4.596521,-4.854544,-0.205605,-0.293962,0
-3.442684,3.198856,-3.725788,-3.868746,-0.940603,-7.022315,1.631481,-3.184504,4.674980,0.216640,1.546515,-0.764048,6.615093,2.779341,9.010675,5.450094,-0.284651,-2.420820,-7.645007,3.764303,-6.453640,-3.401276,-0.711744,-0.770638,-4.173973,1.798059,-4.023872,2.200899,-3.507687,-3.070448,0
