1.150044,0.126346,1
1.159706,0.347381,1
0.272109,0.381832,1
1.412703,0.262330,1
1.467051,-0.120229,1
-0.381298,-0.352054,1
1.076185,1.188241,1
0.580371,-1.169737,1
-0.826515,1.142698,1
-0.397169,0.779017,1
0.689490,-1.110496,1
0.776562,-0.288110,1
0.976178,0.826005,1
1.754291,-0.620412,1
1.349161,1.891372,1
0.982330,-0.044991,1
2.118950,-0.293278,1
0.979323,1.022913,1
2.150621,0.053235,1
1.166957,-2.140613,1
0.686546,-0.026638,1
0.470468,-0.870844,1
1.627573,-0.156618,1
0.904603,-1.098130,1
1.069388,-0.561811,1
1.186411,0.847333,1
1.340920,-0.775533,1
1.844698,-0.599457,1
1.335573,1.137639,1
1.367815,0.836327,1
0.813584,0.511172,1
1.718864,1.297455,1
1.668986,-1.121306,1
0.761015,-1.750271,1
0.284381,1.248297,1
0.239213,0.435072,1
1.691126,0.122720,1
-1.053117,-1.241299,1
1.513811,0.417370,1
0.754571,-0.607615,1
0.886626,-1.117163,1
2.015845,-0.750485,1
0.683158,0.147866,1
0.851475,1.226020,1
0.149118,0.646036,1
0.373352,1.179186,1
1.145917,0.642906,1
0.137714,-0.296876,1
-0.011898,-1.266700,1
0.301910,-0.321737,1
1.274775,-0.246953,1
0.347016,0.520511,1
1.887879,-0.878096,1
0.662604,0.917823,1
1.135420,0.151333,1
0.590470,1.402441,1
1.947005,-0.716303,1
1.763386,-0.570156,1
0.287114,-1.473827,1
1.356188,-1.319543,1
1.730645,-0.066497,1
0.140790,0.994757,1
1.377907,0.154261,1
1.799519,-0.816694,1
1.229239,-0.470971,1
1.774541,0.475275,1
2.097274,0.809591,1
0.235065,0.190291,1
0.328186,-0.339879,1
-0.048065,0.372974,1
0.854260,-0.900309,1
3.299172,1.270606,1
1.636473,1.080004,1
2.064426,0.311406,1
1.871964,-0.388472,1
-0.836153,-0.691604,1
-0.019466,0.333357,1
0.854389,-0.918200,1
1.833797,-1.774088,1
0.464740,0.412776,1
0.313922,0.155684,1
1.189239,0.262638,1
1.398228,0.347724,1
2.369111,-1.243165,1
0.557817,-0.033665,1
1.999134,0.230367,1
1.545747,-0.079247,1
0.801669,-1.126897,1
2.018302,-0.733390,1
1.160604,1.574528,1
1.295978,0.322245,1
1.726166,0.558435,1
2.422319,0.144977,1
0.692448,-0.771989,1
0.804120,1.226789,1
0.772282,0.426384,1
0.368833,-0.516034,1
1.209034,-0.256448,1
-0.142594,-0.149349,1
0.750287,-0.456937,1
-0.101171,1.150514,1
1.388086,-0.338253,1
0.690533,-1.047707,1
-0.147440,-0.155473,1
1.329598,-1.469888,1
2.269087,0.324025,1
0.866845,0.287709,1
1.153368,0.340586,1
1.417325,0.813038,1
1.053752,-2.014455,1
2.403017,1.452037,1
0.855843,0.163135,1
0.315598,0.885069,1
2.542874,-0.975982,1
1.209264,0.452693,1
1.630476,-0.709884,1
1.266537,-1.085718,1
0.164357,-0.600713,1
0.760745,2.171731,1
0.622029,1.435863,1
1.101249,-1.012326,1
0.867838,-1.969638,1
2.013284,0.573777,1
0.105492,0.001225,1
1.382553,-1.252789,1
-1.112682,-0.201504,0
-2.060656,-0.368474,0
-1.636785,0.717909,0
-1.979460,-1.476891,0
-1.533068,-0.257281,0
-0.512252,0.604455,0
-0.029335,0.159595,0
-0.885952,-0.558257,0
0.097313,0.612515,0
0.155391,-0.199416,0
-2.150477,0.571093,0
-1.187959,-1.165196,0
-2.187991,0.111916,0
-0.657015,-0.471035,0
-1.451046,-0.187583,0
-0.112513,0.018436,0
-0.962677,0.735824,0
-1.897240,0.223793,0
-0.973526,0.419011,0
-2.048708,-1.201015,0
0.347091,0.188056,0
-1.942171,-0.223530,0
-1.829576,-1.184599,0
-2.305668,0.053751,0
0.460702,0.116627,0
-0.666679,-0.368072,0
-0.014217,-1.536634,0
-0.374626,0.340438,0
-0.941791,0.374439,0
-0.824049,-1.060014,0
-0.694530,0.060133,0
-0.267861,0.562340,0
-0.392787,1.351895,0
-2.103930,1.553382,0
-1.550450,-0.128690,0
-0.726638,-0.984413,0
-1.114989,-1.586744,0
-1.826386,0.495566,0
-1.367244,0.413780,0
0.021031,1.403894,0
-1.079608,1.214600,0
-0.340310,-0.406950,0
-0.910297,-0.227255,0
-1.968651,-0.507725,0
-1.509917,1.065438,0
-1.808455,-0.594742,0
-0.025867,1.727810,0
-1.079852,-1.345532,0
0.575015,0.269074,0
-1.175133,-0.965879,0
-2.123346,0.655024,0
-0.844693,-0.015993,0
-1.198238,0.928408,0
-0.661363,-1.040713,0
-0.305840,0.494303,0
0.004730,-0.939269,0
0.228070,-0.322746,0
-1.071723,1.562403,0
-1.613571,-0.161185,0
-0.720373,0.477526,0
-0.119476,1.072786,0
-0.568864,-0.171555,0
-0.893287,1.075233,0
-0.278846,-0.146828,0
-0.686063,0.350034,0
-0.393158,-0.320476,0
-1.148497,0.129580,0
0.336376,0.342146,0
-1.270215,0.505374,0
-0.404102,0.872622,0
-1.476762,0.171539,0
-1.607392,0.641700,0
0.057294,0.739328,0
-0.701282,0.072510,0
-0.568611,0.200472,0
-2.053412,0.898479,0
-0.487047,-0.166291,0
-3.597454,0.479087,0
-1.736154,-0.729264,0
-0.283378,-0.410998,0
-1.597500,-1.280568,0
-2.096890,-0.330883,0
-1.443640,-0.284242,0
-0.865597,-0.291371,0
-1.666771,0.229513,0
0.806025,0.786162,0
-1.814987,0.349426,0
-2.122174,-1.182502,0
-0.502614,0.217195,0
-0.498882,0.750818,0
-0.482316,-1.104602,0
-2.276186,0.155270,0
-0.293962,-0.216013,0
-2.457603,-1.597883,0
-0.917659,-0.094650,0
-0.262367,0.168496,0
-1.244061,0.185286,0
0.305647,-0.754826,0
0.195543,0.336130,0
-1.331219,-0.225445,0
-1.093186,0.791258,0
-0.601610,0.352009,0
-1.113677,0.070313,0
-2.587750,0.474852,0
1.039036,0.430105,0
-0.989006,0.379977,0
-1.203369,-0.547298,0
-1.509682,0.307384,0
-0.806977,-0.160061,0
0.500722,0.427389,0
-2.226404,0.543010,0
-1.427108,0.967261,0
-2.094376,0.176790,0
-0.168547,0.446908,0
-0.699496,1.816315,0
-2.443336,0.214534,0
-1.692577,-0.003608,0
-0.841780,-0.676293,0
0.154209,-0.811872,0
-1.406724,-1.133115,0
-0.556121,-1.404316,0
-1.039933,0.689411,0
-1.216021,0.589796,0
-1.716846,-0.687585,0
-0.807592,0.435667,0
