1.323288,2.623470,3.783987,2.566914,2.182301,1
3.479282,-0.525652,1.753614,-1.308256,0.266340,1
3.850277,5.977806,-4.822423,3.029942,-5.210798,1
1.577539,-2.004799,4.020275,-3.632744,-5.772504,1
2.752150,7.123634,1.411768,2.878544,4.338835,1
-0.112569,-2.636989,-1.568955,1.324902,-2.384334,1
0.481636,2.622187,0.083848,8.169741,-1.499335,1
0.928108,2.483009,2.568478,-3.594699,-6.889316,1
7.008039,-2.350654,3.277260,1.752211,3.880365,1
2.545250,0.840055,2.722654,1.107027,-0.497646,1
3.386129,2.686268,1.864878,4.671038,-2.913212,1
-2.735482,2.576643,5.863379,-3.050726,0.140170,1
6.824751,2.064951,0.575331,4.478609,-0.563121,1
-5.455669,-1.651964,-1.199615,-1.668015,-2.701805,1
1.755493,-3.051345,-5.451898,1.927900,6.863676,1
7.635714,-0.765243,-0.897002,1.013968,1.292458,1
-3.316898,-3.052268,4.098124,-1.948384,3.141697,1
2.507915,-4.172502,5.215605,-4.422793,2.575760,1
3.491533,1.101658,1.903454,-2.841246,4.034239,1
1.415970,0.876431,2.829260,-0.558125,3.082148,1
2.882355,2.248791,-0.444681,0.027492,5.551485,1
4.822865,1.082825,2.347649,-1.989004,1.953484,1
1.872480,5.495424,8.621840,-2.953289,-3.800754,1
-5.256538,-5.660486,-1.170625,2.845564,-3.120909,1
-5.685831,0.351692,4.008345,-2.669790,-0.058749,1
0.170500,1.219477,1.316114,5.245558,-1.648443,1
-1.734455,2.987120,5.022591,-1.089313,3.457867,1
0.786961,-0.827902,0.154876,-4.249634,6.028427,1
3.352034,0.192638,-1.371028,0.908436,-2.145640,1
0.588888,3.643250,1.658155,2.393429,2.758623,1
9.887075,-1.363590,-6.648091,-3.818044,-0.410023,1
-6.830858,-2.669598,3.677017,5.126677,1.367970,1
-6.089721,-2.674556,-0.101934,4.871819,-3.402056,1
4.648817,2.185841,2.530928,0.097422,-0.821678,1
7.088793,4.063726,3.915648,-2.974160,-3.875531,1
4.180832,1.553974,2.463472,4.006567,4.361919,1
-0.988396,0.660311,1.152126,0.690586,-2.513899,1
-0.705447,-1.217195,-0.171202,7.877508,0.304310,1
2.756247,1.879427,0.141832,-0.312304,-3.512228,1
5.329313,-1.518759,-5.413786,-1.943739,-4.492996,1
-0.195788,-0.916931,0.880413,-1.384529,-4.072523,1
-2.389216,-7.501481,-0.885756,-2.780448,3.386843,1
2.858877,-0.834267,4.590910,-3.356916,0.829529,1
0.814020,-2.206259,-0.673735,1.096706,-0.605934,1
3.907988,2.901016,-2.570881,-3.512227,4.431808,1
6.866106,-0.823530,1.240093,5.289795,3.977453,1
-1.812661,3.247023,6.136120,1.481665,5.283693,1
-3.945574,4.491467,0.973047,0.275291,2.660643,1
-2.039235,7.932808,-0.794152,4.180510,2.831881,1
2.505461,0.311506,-3.993133,-0.238987,1.515450,1
3.963526,5.166842,-1.447056,1.002125,-0.883575,1
-1.408282,2.568657,-1.154613,4.480091,4.977339,1
-2.015027,-0.347545,-0.239166,-5.783526,4.284479,1
8.335283,-6.980796,-2.982001,-4.369555,-1.936336,1
6.813335,8.270653,1.798111,1.651609,-1.602127,1
-1.881098,-4.678536,3.552238,6.159502,5.324547,1
1.372305,-4.639159,6.161764,4.230099,-5.683683,1
-4.732439,1.382755,-2.726186,0.302492,-0.450113,1
2.224409,4.740391,-0.977201,1.666983,3.203426,1
3.447113,3.375977,4.659496,4.824537,4.472189,1
5.917742,2.542711,0.027376,1.401094,2.217522,1
7.825098,1.492512,-0.034057,1.586123,4.047937,1
-0.810719,4.844303,-3.043800,3.495951,4.823145,1
4.942179,8.920338,1.010519,3.374454,-1.109114,1
-4.235669,4.145863,2.644001,2.327633,4.733047,1
-1.154185,2.644096,-3.368410,1.685883,-3.325548,1
-4.991274,-0.681527,-1.955968,-1.138460,-3.402635,1
2.038027,1.301531,-0.727370,1.663342,-0.628816,1
5.273184,2.407284,-3.879130,-2.886688,1.962885,1
0.786873,1.312279,-1.631641,-1.558767,1.891567,1
3.653595,-1.950090,-2.998351,-6.182851,-1.694690,1
2.755520,-3.185102,6.315781,-4.093230,0.302677,1
1.210360,11.005064,-1.603017,3.084263,5.439682,1
0.953381,-2.548316,-3.974595,0.549900,-1.716687,1
1.855160,0.283327,7.996367,4.317844,0.656731,1
-1.820167,-5.228878,1.586092,2.598600,3.101835,1
6.775618,-3.355424,1.608011,-0.519740,-1.747735,1
5.284338,-5.662680,1.442236,3.868748,0.176541,1
-2.572968,0.960823,4.143744,-1.430998,-0.269958,1
-5.739687,-1.125080,2.418520,4.473804,-1.819940,1
-1.727930,1.065294,1.647961,-2.292458,0.836306,1
2.624443,-0.806945,0.307127,0.334999,-2.794698,1
7.762215,3.934362,-2.174702,5.744410,1.779690,1
-3.488061,6.373487,-0.260442,-3.887048,-0.837072,1
-3.456453,6.871521,6.156424,-4.161874,-4.018272,1
1.296923,-2.110063,6.942972,3.632439,2.668747,1
-0.094337,0.572250,1.102495,-1.584353,1.400597,1
2.392601,-5.002764,-3.990822,6.188814,7.266870,1
2.558929,1.653927,0.820755,-4.669201,-4.670552,1
-5.952744,0.626051,2.172382,-1.963610,0.807480,1
-1.393861,-5.301741,-3.224043,2.235071,-0.847521,1
-0.405724,-4.523577,2.831108,0.188531,2.071945,1
2.538755,2.198170,2.476000,-2.358387,-3.416292,1
0.696770,-3.516072,3.530455,2.710249,-1.510239,1
5.377821,3.638603,2.684219,5.549433,0.151796,1
3.710953,0.607145,1.130535,-1.553003,-1.267479,1
6.783195,1.895626,1.932325,2.108255,1.078119,1
-2.725849,3.912825,2.327528,3.072506,3.372820,1
-3.943954,1.124817,-1.142733,-4.946248,3.950224,1
1.031126,-0.632407,3.875177,-1.069678,6.259914,1
2.950788,3.110310,1.657925,0.726521,-2.082424,1
-1.275504,-3.608880,0.641151,-0.421139,-1.803104,1
-2.166677,-4.696535,2.031019,1.505573,0.469591,1
1.886780,-0.736898,0.331999,0.961987,0.922155,1
0.876055,1.449512,-2.849209,-3.065519,1.278591,1
-1.506916,5.107954,-0.085897,-0.199650,1.000025,1
3.499620,2.057911,2.170452,-1.633329,-0.654869,1
-0.755061,6.110622,-0.737669,-1.343037,-0.131970,1
5.961996,-1.649757,-0.337213,0.280151,-7.490636,1
0.745636,2.464952,5.208475,-2.405692,0.865808,1
3.861517,-3.301412,9.314054,-7.116597,-1.259212,1
2.038542,-0.582144,-4.500805,-0.487467,-3.172006,1
4.053404,4.413307,2.272346,2.203669,4.726482,1
-1.951700,-4.803428,3.350531,-1.894433,0.932470,1
-0.526110,5.649286,-0.314055,-0.336760,-3.202417,1
-3.247855,3.931461,0.131590,1.771204,4.526684,1
-2.999813,-1.412361,0.968334,0.518677,-0.284635,1
0.610016,3.007656,-1.333267,-2.200828,1.013723,1
2.765007,3.268229,0.809322,6.852377,4.567854,1
1.062426,4.432009,-1.155412,0.562220,0.007964,1
4.345957,-1.751780,3.930208,12.116756,7.103285,1
-4.644471,3.891901,2.781790,4.025778,7.319944,1
-3.253820,0.081841,-1.426115,1.100716,-3.253207,1
1.382286,5.728228,3.801056,3.730825,-2.109845,1
-0.690541,8.598459,-0.333467,2.038124,-1.588361,1
0.253183,1.486980,-3.267413,-4.824641,-2.542980,0
-6.372749,3.256979,-0.663675,0.220888,-0.046202,0
-5.398357,-3.676467,-1.565037,0.005705,2.776154,0
-1.622473,-2.374486,0.865574,0.224714,-4.234769,0
2.017300,2.260336,-6.591498,7.104568,-3.199623,0
-2.799437,-3.639889,4.152163,-2.108030,0.382969,0
-0.535173,1.460766,-3.218906,3.977318,-2.163653,0
4.769920,1.660946,2.027359,-4.106403,1.917988,0
3.895916,-1.738028,-0.661079,-7.066573,-7.152812,0
2.862164,-0.766800,-2.475958,-5.068036,0.783594,0
-5.319260,0.653820,-1.126465,-1.957334,4.063208,0
0.242506,-4.137485,-3.780249,-1.436604,-2.805436,0
1.488964,-4.937424,-1.347862,-1.038218,-4.842069,0
-1.089981,-0.578840,-1.469273,-3.257555,-4.404647,0
1.883108,-2.384372,-3.048813,-4.058361,-1.181862,0
5.444817,-1.482285,-0.595747,0.301147,0.607042,0
5.974398,-4.060016,-1.730724,0.739567,2.072990,0
-0.309801,5.579294,-9.454605,1.839108,0.783274,0
1.096901,-4.214979,-8.363014,1.404139,2.976837,0
-7.120291,2.527376,-3.596158,-0.349195,-6.501003,0
-8.969617,0.434038,-3.170061,-6.086735,5.090326,0
1.028561,1.704826,-0.477381,-2.117890,0.142481,0
-0.251478,0.197039,1.266150,0.688009,-7.536198,0
2.957270,0.313869,-6.662329,0.545496,-6.366025,0
-4.117685,-2.822979,1.361059,3.749481,-4.255703,0
1.521580,-3.754332,-1.436916,1.641981,-2.161715,0
3.740934,-5.937657,-1.304296,-0.488310,0.426691,0
0.151730,1.708607,3.035637,0.435186,-0.975967,0
-5.961647,-2.882472,-1.654175,-5.530688,3.450897,0
0.980888,-2.546947,0.714207,7.030514,3.144569,0
-7.890101,-5.095993,-0.192743,5.046194,-2.249874,0
-3.556718,-0.219389,4.370104,-1.934369,-1.186480,0
3.005825,2.616224,-0.963606,-3.229285,-4.864825,0
1.770876,-1.986642,-0.331062,1.143776,-5.033937,0
3.357664,5.745508,-2.462683,-5.905364,-1.206240,0
-2.970638,3.007368,0.281250,-2.656331,-2.014320,0
-1.555315,4.607018,0.023760,-3.095933,0.053391,0
1.485909,1.943777,-4.063191,6.493637,2.941366,0
1.231371,7.692034,-4.417709,-6.021632,-3.967618,0
-3.435665,2.254768,0.725090,-1.147129,0.302029,0
-0.241194,-4.629164,2.810606,-2.673161,-7.031407,0
1.452263,-3.500278,-6.769999,-8.154425,-3.837198,0
-4.535891,-4.327060,5.227097,4.444321,-3.246512,0
-0.361101,-6.197181,1.024458,-5.616851,-4.343975,0
-2.759016,0.051397,-3.376079,2.267687,-3.498796,0
-2.610866,5.774733,-4.941275,-5.601199,-4.586032,0
-3.957088,1.885164,0.589499,-3.006827,3.127874,0
-5.275291,-1.377235,-1.696766,-2.363063,-1.448435,0
-2.661542,-4.329095,-4.169220,-1.536877,-3.624268,0
-2.665086,-1.908392,-0.071732,1.263456,-2.088289,0
0.053236,-4.071397,-5.142338,-5.406169,-2.973845,0
2.828138,-6.109488,2.135363,-0.373758,-1.766003,0
4.630558,-2.618201,-0.124985,7.687044,1.272261,0
1.744883,-7.322042,-4.351956,-5.744046,4.359989,0
-5.892467,-1.817365,3.425200,0.506094,0.356676,0
4.095232,0.685497,-2.991921,-1.649092,-0.714495,0
5.323576,1.078783,-0.978531,-6.181540,1.568331,0
-1.982979,-4.252833,-4.115737,0.781075,-1.915832,0
-5.955750,2.875542,9.231916,4.003572,-0.626387,0
1.029776,0.146198,2.759771,6.938530,-0.903690,0
2.497303,-0.694595,0.261965,-1.418161,2.645323,0
-1.196081,-3.804562,-1.840094,-1.307617,-1.342438,0
-4.784260,0.458124,-0.664783,0.564180,0.425409,0
-1.518330,1.055550,-3.824097,0.313925,-2.586616,0
-3.266873,1.662090,-2.335889,-1.852384,-3.248244,0
-0.613134,3.866728,-2.129725,3.193211,7.809652,0
-1.253025,-3.839804,7.540857,8.351620,-0.026392,0
-3.103030,2.757030,-0.691263,0.470581,-5.285139,0
-7.640620,0.243870,1.812025,1.805624,-4.014436,0
4.035032,-3.162962,-0.802090,5.837078,-0.682714,0
2.404783,-7.379602,-2.897879,-1.966141,-5.328481,0
-0.148785,-3.186047,-1.794413,3.265959,-3.817085,0
3.668539,1.672184,-1.462198,-4.808701,1.892744,0
-0.678751,-6.273570,-2.775357,2.255449,2.536724,0
1.053686,-5.122270,-8.039595,3.609119,4.640770,0
-2.731021,1.069157,0.912886,7.729483,0.762482,0
-2.421548,-4.998099,-1.518091,-0.694551,-3.646452,0
-0.295029,-1.333296,-3.518399,-2.535132,-3.675529,0
2.036467,-3.142767,3.091829,-0.215725,-6.464292,0
1.932585,0.329681,0.155455,-2.687808,-3.789702,0
-7.615999,-0.043139,-5.776437,2.642862,-4.718539,0
3.592802,2.895969,-4.291568,3.412111,2.767189,0
-1.158741,-1.636908,0.272274,-7.771915,-2.799693,0
-7.973933,2.495907,-0.911743,-0.554214,-1.724886,0
-1.528885,1.015865,-7.186736,-2.331503,1.094444,0
2.124325,-1.765013,1.773376,-0.856115,-8.336381,0
-2.527944,-1.862207,-1.315151,-1.198215,-5.546340,0
-2.917181,-3.417988,-6.158195,6.199213,0.768194,0
1.639477,-4.377828,-3.784389,-2.291278,-5.161393,0
-7.057820,-2.505931,-0.427633,-0.425638,-1.994368,0
-4.188919,-4.166422,0.777344,2.121971,-2.248282,0
3.237532,-0.153410,-1.495943,-7.049858,-0.046824,0
-4.501996,-4.695484,-0.072224,-3.969665,0.019527,0
-3.088543,-0.378107,1.395695,-3.562024,2.460493,0
-5.021124,-0.594355,0.773235,-0.468058,0.801130,0
-3.349040,-1.739647,0.925898,-4.050625,-4.443513,0
-3.713565,2.659359,-0.775850,-1.319380,-3.073325,0
-3.098348,-2.016654,-0.175943,0.454182,1.697184,0
2.341785,1.712683,-1.725187,-1.423445,-2.763180,0
-3.966155,-0.626268,0.305531,-1.580132,-2.037009,0
0.385252,-2.642906,-5.318906,0.797588,-5.421918,0
-4.794270,3.467915,-3.505725,-0.068960,2.632109,0
-4.044108,2.359921,0.451077,-2.707815,2.417206,0
0.105196,0.386374,2.493217,3.204668,-5.812235,0
-1.412527,-0.782692,-7.309217,1.088993,-0.570877,0
-2.250862,-5.067892,-2.197042,-0.407738,-3.111707,0
-4.842237,7.313848,-2.446887,1.201786,-0.435358,0
-6.217773,0.225971,0.158785,-3.723878,1.970894,0
-7.353373,0.371183,2.340830,1.299488,-8.306742,0
-3.465432,-3.401486,-0.261572,2.254004,1.018454,0
-5.365638,-7.339103,-5.791747,-0.006283,1.183262,0
2.712315,-2.675100,0.008400,-6.914165,-1.370468,0
-7.017440,-4.567844,-1.806431,1.450609,-4.613498,0
0.364092,-6.475677,-4.323308,-1.176188,-2.034367,0
4.986628,-1.074385,0.148794,-4.240645,4.686708,0
-1.830210,-0.372261,-1.832016,-0.770203,-0.812269,0
-5.650973,-5.029270,2.378365,-1.396248,2.534119,0
-5.696946,-0.816130,4.798336,-1.662176,1.182947,0
-3.392115,-4.258883,-2.170970,-1.340374,-4.335078,0
-2.828091,6.824417,-4.453534,0.649805,-2.592240,0
6.451756,-4.891017,6.734455,0.341967,0.959234,0
-2.298182,0.652191,-3.804838,-4.880212,-0.727457,0
3.474485,1.907084,-6.158602,-4.693554,-5.877338,0
-8.786342,-2.399505,-7.315281,1.495125,2.164185,0
-1.932620,0.744333,-4.205256,0.595884,-4.405103,0
