0.500153,0.874053,1
0.049591,1.504254,1
1.717178,-0.457961,1
1.395206,0.456123,1
1.252888,-0.930485,1
-0.200688,0.187010,1
0.224137,1.546536,1
0.637451,0.106194,1
1.064115,-0.749529,1
0.094262,-0.430548,1
1.846126,0.836032,1
2.181852,-0.094206,1
-0.792404,-0.251285,1
0.878932,-0.046151,1
0.103587,-0.671197,1
-0.022124,0.701715,1
1.793103,-0.590721,1
0.907287,-0.939182,1
0.977899,0.084255,1
1.824517,-0.481555,1
0.506927,0.126548,1
1.114448,-0.491875,1
-0.312507,-0.701764,1
0.347756,1.071758,1
1.540050,0.956637,1
1.022978,-0.000117,1
0.278485,-0.049259,1
2.521807,1.061565,1
0.193230,0.648887,1
2.413249,0.979200,1
0.749987,0.377615,1
1.453991,0.327041,1
1.178835,0.589093,1
2.426384,-0.890837,1
1.399449,0.659700,1
1.995006,0.208742,1
1.140096,0.723650,1
1.882645,0.322026,1
0.860904,0.511777,1
3.202917,0.653621,1
0.595806,-0.534420,1
1.532732,0.576202,1
0.873860,-1.112365,1
1.735806,0.523232,1
1.595335,0.729577,1
2.085022,1.518327,1
0.959071,0.747540,1
1.834268,1.097571,1
0.767388,-0.550599,1
0.787453,-0.249147,1
1.167903,-0.423669,1
0.605577,-0.017786,1
1.213561,-0.474474,1
0.223986,1.463118,1
0.561100,0.157553,1
0.260296,-0.337790,1
0.853263,0.792492,1
0.903051,-0.686334,1
1.190056,-0.024983,1
2.134954,-0.077760,1
0.487957,-0.347108,1
0.690931,-0.756365,1
0.788812,0.188118,1
-0.199705,-0.963259,1
1.506729,-0.809238,1
0.058388,-1.235683,1
2.842641,-0.070724,1
0.376281,-1.567478,1
0.177924,1.067115,1
0.069982,1.114366,1
0.512487,0.902931,1
0.810101,-0.715640,1
0.733899,0.581139,1
1.554380,1.124664,1
0.304073,0.711583,1
1.324954,-0.297464,1
1.600866,1.861919,1
0.700417,0.593681,1
1.191410,0.323472,1
-0.150387,0.630793,1
0.483765,-1.073339,1
1.596248,-0.179679,1
0.413703,-0.917883,1
1.061941,0.334942,1
1.958243,0.573821,1
2.056710,0.591108,1
0.408987,-0.668476,1
2.526962,-0.190099,1
0.528763,0.667302,1
1.495590,-0.940135,1
1.098642,-0.423383,1
1.818410,0.390941,1
2.221147,0.056110,1
-0.189231,-1.051011,1
1.356390,-0.441822,1
0.909644,0.206654,1
1.297988,0.163579,1
0.827842,-0.823621,1
1.825707,-0.170316,1
1.982509,-0.227781,1
1.259273,-0.387075,1
0.544987,0.323350,1
-0.544393,-0.680228,1
0.856465,-1.381447,1
0.965355,0.118905,1
1.054008,0.745164,1
1.726283,1.224030,1
1.501491,-0.599722,1
0.968877,-0.559965,1
0.772163,-0.265491,1
1.232689,-0.412208,1
-0.280508,0.925753,1
1.008024,-1.208090,1
0.555814,0.967124,1
1.622634,0.532923,1
0.292839,-0.947214,1
1.490584,0.683546,1
0.996134,-0.637788,1
0.473628,0.411553,1
2.065705,0.543413,1
1.669462,-0.003703,1
2.161497,1.397436,1
0.662395,0.781348,1
0.133197,1.180972,1
1.980876,-0.097548,1
0.644202,2.182179,1
0.303699,-0.151856,1
0.763594,0.620502,1
0.776652,-0.251377,1
0.793035,0.539067,1
0.332433,0.052726,1
1.688687,1.300466,1
1.124966,0.544902,1
0.998096,1.817939,1
0.870552,-0.671592,1
-0.295130,-0.846579,1
2.164501,0.591593,1
1.123498,-0.770986,1
1.813939,2.772041,1
1.158304,0.002960,1
0.687905,0.046825,1
1.226770,0.719454,1
1.096534,-0.497352,1
1.782729,0.144367,1
0.599316,-0.012456,1
1.403486,0.331706,1
0.903659,-0.758108,1
-0.279119,0.157490,1
1.342714,1.062910,1
1.426309,-0.308765,1
-1.361637,-0.598163,0
-0.791186,0.607692,0
-1.236469,0.042145,0
-1.197849,0.131869,0
-2.416252,-0.406199,0
-1.315678,-0.759060,0
0.612766,0.125262,0
-0.551433,0.590847,0
-0.742443,-0.267474,0
-0.271614,0.818202,0
-0.673823,-0.117466,0
-0.626173,-0.111547,0
-1.259687,0.473465,0
-0.967292,-0.972105,0
-0.838510,-0.178154,0
-1.511175,0.244430,0
0.617398,-1.585328,0
-1.885555,0.743695,0
0.068463,-1.059717,0
-0.691979,0.602828,0
-1.467134,-0.708410,0
-1.412162,0.932375,0
-0.658996,-1.465750,0
-1.648304,-0.283226,0
-1.543210,-0.184777,0
-0.706759,0.192430,0
-1.620028,1.165025,0
-0.421904,0.114998,0
0.190742,-0.131937,0
-1.133125,-0.642877,0
-0.853995,-1.113461,0
-0.595437,0.238047,0
-0.309944,0.037101,0
-1.310774,-0.598555,0
-2.226531,-2.155665,0
0.251083,0.353719,0
-1.048892,-0.438515,0
0.008379,-1.101393,0
-1.300842,0.085202,0
-0.491296,1.159005,0
-1.089241,-0.967017,0
-0.998557,-0.230192,0
0.648115,-0.087173,0
-0.931234,-1.945914,0
-0.359703,-0.010535,0
-1.226781,-0.620482,0
-1.739715,1.234424,0
-0.639390,-0.194435,0
-1.507876,0.144966,0
-0.168222,0.467671,0
-1.276608,-0.036909,0
-1.224276,-0.058628,0
-0.869364,0.131647,0
-0.719116,-1.430801,0
-0.151851,-0.508066,0
-0.508669,0.473581,0
-0.465499,-1.069718,0
-1.724085,-0.253186,0
-3.166772,0.725564,0
-0.776522,-1.277262,0
-0.756042,0.289636,0
-1.021946,-0.554038,0
-0.118239,0.452133,0
-0.407685,-0.212310,0
-1.039539,0.139787,0
-2.218549,-1.700842,0
-2.149689,-0.810919,0
-0.287850,0.519314,0
-1.487616,0.617745,0
-1.008299,0.317157,0
-0.723442,-0.511978,0
-1.104079,0.145079,0
-1.100780,0.762675,0
-1.160027,-0.514666,0
-1.110616,0.178632,0
-0.442159,-0.685464,0
-1.912579,-0.075066,0
-0.337439,-0.536054,0
-0.582133,0.017423,0
-0.668948,0.608549,0
-0.853324,-0.537435,0
-1.423786,-0.201491,0
-1.569668,-1.182380,0
-0.240788,0.302769,0
-1.250764,1.990196,0
-1.144381,1.783649,0
-0.132367,-1.579533,0
-0.477945,0.402854,0
0.240016,-0.052354,0
-1.264103,0.078055,0
-0.172351,1.230356,0
-0.801847,-0.007836,0
-1.676394,1.023800,0
-0.562187,-0.099083,0
-1.471440,0.333174,0
-1.362436,-1.044833,0
-1.458786,0.327750,0
-0.419540,0.439204,0
-0.293294,-0.697220,0
-2.087280,-1.046973,0
-2.304323,-0.804483,0
-1.660883,0.529243,0
-1.070271,-0.333622,0
-1.758109,-0.902596,0
-1.829934,-0.704175,0
0.515602,-0.233411,0
0.103250,-0.370476,0
-1.355298,0.924891,0
-2.441307,-0.402665,0
-1.480153,0.315625,0
-0.705509,0.361150,0
-1.514529,0.907777,0
0.616008,-0.373122,0
-0.917557,0.904180,0
-2.424909,0.554583,0
-1.063787,-1.357541,0
-0.208959,0.258285,0
-0.108714,0.412891,0
0.110900,0.009651,0
-1.981758,0.789519,0
-1.010020,-0.626563,0
-0.307014,0.527798,0
-0.808468,-0.597909,0
-1.082844,-0.126776,0
-0.760463,0.275834,0
0.529870,1.453147,0
-1.201267,0.088385,0
-0.595734,-1.350616,0
-1.580661,1.287099,0
-0.885118,-0.387380,0
1.027499,0.248787,0
-0.242755,-0.805995,0
-3.067144,0.707130,0
-1.922535,-0.677265,0
-1.313081,0.392347,0
-0.510628,0.209345,0
-1.366462,0.697882,0
-1.303255,0.037373,0
-1.508183,-1.084168,0
-2.345327,-0.480575,0
-1.047252,-1.475150,0
-1.135053,0.682065,0
-0.735461,0.310248,0
-2.051118,0.098314,0
-0.133441,0.280381,0
-1.431128,0.712858,0
0.201366,-0.252810,0
-0.614121,-0.455957,0
0.147701,0.694500,0
-0.866646,-1.042619,0
