2.636330,2.055029,1
1.372864,-0.599359,1
0.104674,-0.384439,1
1.927189,0.589173,1
1.238366,0.908905,1
1.133260,-0.953217,1
0.109680,0.454563,1
1.104335,-0.622904,1
1.410250,-0.591539,1
0.742277,-0.006730,1
0.361393,0.490439,1
1.420598,-0.022626,1
1.917530,-0.133148,1
1.798610,0.386303,1
0.514614,1.067345,1
2.189038,0.189973,1
1.613689,-0.325874,1
1.085631,1.238448,1
2.004702,-0.457547,1
0.745139,0.213699,1
1.282985,1.236962,1
0.719059,-1.031276,1
1.838779,0.094071,1
1.675179,-1.102089,1
0.789750,-0.537676,1
0.852194,-0.922700,1
1.168260,0.640850,1
0.419847,-0.122005,1
0.190758,-0.064349,1
1.349647,1.126521,1
0.795025,0.344364,1
0.794050,0.276194,1
2.314682,-1.258553,1
-0.182807,0.071846,1
0.713164,0.896481,1
-0.037376,-0.204180,1
0.835387,0.415019,1
-0.516802,1.096417,1
-0.023712,0.280258,1
1.047340,0.848962,1
1.173831,-0.025037,1
0.874096,-0.411883,1
1.335659,-0.353827,1
1.359842,0.322970,1
1.271633,-0.158393,1
0.441434,0.092583,1
0.485038,0.187121,1
0.810230,-0.344211,1
1.595038,0.020210,1
0.419487,0.015629,1
0.625486,-0.354801,1
0.876447,-0.302057,1
0.781372,-0.250198,1
1.008986,-0.752321,1
0.846844,-0.294544,1
0.548698,-0.437073,1
1.094346,-0.528286,1
0.379317,-1.024406,1
2.639160,-0.762754,1
1.967451,-0.053887,1
0.383358,0.647981,1
0.877625,-0.302827,1
0.941710,-0.088272,1
1.266510,-1.277287,1
-0.021674,-0.076350,1
1.585342,0.452274,1
0.429512,-0.536478,1
-0.601890,0.523930,1
0.065634,-0.299893,1
-0.423692,0.091020,1
2.101933,1.945313,1
0.817339,-0.756101,1
0.073558,-0.354665,1
1.055540,-0.462325,1
0.158979,-0.003634,1
0.233812,1.321648,1
0.414751,0.095741,1
1.207408,0.439378,1
1.265572,-0.187293,1
1.345338,0.335886,1
-0.205775,-0.517286,1
0.762887,-0.930424,1
-0.040410,1.301495,1
1.121563,0.668504,1
0.149328,-1.422503,1
-0.068136,-0.746718,1
0.973563,-0.144102,1
0.363933,0.097503,1
0.385014,0.922177,1
1.895325,0.869820,1
1.037933,-0.493751,1
0.508806,-0.904270,1
0.513649,-0.463343,1
-0.434833,-0.605606,1
1.898126,0.632782,1
1.874279,-0.981308,1
1.116407,-0.784291,1
0.383272,0.389439,1
0.549185,-1.342535,1
2.382229,0.860240,1
1.995316,-1.048163,1
1.523187,-0.014342,1
0.189730,0.640506,1
1.956576,0.920650,1
0.608942,-0.067388,1
1.005882,0.061685,1
0.882039,0.609200,1
1.253326,-1.257715,1
1.710408,-1.173198,1
0.027271,0.237707,1
1.914382,1.446935,1
1.691221,0.643113,1
1.244471,0.138145,1
1.362295,0.665441,1
1.173888,-0.261038,1
2.006690,0.390977,1
0.196735,1.727055,1
1.511896,-0.086730,1
1.678049,-0.166335,1
0.427851,0.065680,1
-0.039469,0.497091,1
1.199096,-0.762282,1
1.193075,0.881051,1
1.081927,-0.478203,1
1.385314,0.315520,1
0.101985,0.695784,1
0.713113,0.562369,1
1.401404,0.359961,1
0.871047,-0.964076,1
1.088514,-0.705059,1
2.544874,-0.466470,1
1.543381,-0.356542,1
1.659332,-0.966639,1
1.011282,0.170259,1
1.064852,0.102620,1
0.039300,0.517508,1
2.007754,-0.195189,1
0.735477,-0.154613,1
1.535230,-0.573976,1
0.057889,0.868327,1
2.100556,-0.364049,1
2.197167,-0.704009,1
2.787246,1.068351,1
1.309555,-0.210225,1
-0.766931,-0.763639,1
-0.542871,-0.612857,1
1.313881,0.036447,1
1.330958,-0.396447,1
1.800095,-1.191240,1
0.420874,-1.086569,1
-1.419733,-0.309733,0
-1.355246,0.465137,0
-1.286555,0.516418,0
-0.882710,-0.016466,0
-1.474220,0.683728,0
-1.687624,-0.306735,0
-0.897765,0.811103,0
0.382445,-1.965602,0
-1.917171,-1.006218,0
-1.410691,-1.371059,0
0.367144,0.831034,0
0.699448,-0.777853,0
-0.337710,-0.091995,0
-2.769716,0.425232,0
-1.510675,-0.289783,0
-1.077239,0.158171,0
-2.419290,-0.445057,0
-1.199416,-0.816016,0
-1.927209,0.173215,0
0.984444,0.746260,0
-2.177568,-0.592105,0
-2.392909,1.078893,0
-0.093826,-0.930236,0
-0.524149,0.368794,0
0.102620,-0.477986,0
-2.259965,0.070144,0
-1.007905,-0.769230,0
-1.183750,0.284448,0
-1.586517,-0.136649,0
-0.678103,-0.994755,0
-0.478275,-0.679792,0
-2.695531,-0.135863,0
-1.255179,-0.750925,0
-0.535410,0.761139,0
-1.309898,0.240235,0
-1.667202,-0.234957,0
-0.881435,-0.535398,0
-1.150546,0.651947,0
-0.845074,0.029353,0
-0.430869,0.212403,0
-1.540309,1.952953,0
-1.680943,0.677464,0
-0.293598,0.432502,0
-1.770288,0.524242,0
-0.792570,0.834263,0
-0.471499,-0.209945,0
-1.150371,-0.894582,0
-1.019071,-0.257536,0
-1.290756,-0.656696,0
-0.222809,-0.575684,0
-1.408558,1.177974,0
-1.173385,0.027049,0
-0.419758,-0.396332,0
-1.955164,-0.321944,0
-3.395992,0.289577,0
-0.487178,1.104080,0
-1.803203,0.244679,0
-1.414240,-0.444239,0
-1.387763,-0.516936,0
-1.580583,-1.391802,0
-1.842173,0.457856,0
-1.276810,-0.086034,0
-1.885786,-0.224659,0
-0.422920,-0.954831,0
-1.378055,-0.224869,0
-1.491982,0.526569,0
-0.396380,1.438722,0
-2.261314,-0.004665,0
-0.492773,0.050173,0
-0.102633,-1.346905,0
-0.738426,0.114347,0
-1.731169,0.303493,0
-0.630953,0.380089,0
-1.282061,-0.086965,0
0.142108,0.200541,0
-1.011806,-0.198884,0
-1.024703,-0.536374,0
-0.039018,-0.436572,0
-0.887063,-0.772829,0
0.547361,-0.697590,0
-1.274656,0.256041,0
-1.478605,-0.817162,0
-0.155801,-0.231355,0
-0.638681,-0.487662,0
-2.337244,-0.697322,0
-1.819409,0.658329,0
-1.677725,1.254005,0
-1.143291,0.654635,0
-0.473919,-0.405500,0
-0.013655,0.268250,0
-0.804893,0.803595,0
-0.618884,0.865898,0
0.434464,-0.533827,0
-0.157640,-0.888441,0
-1.880878,-0.410944,0
-1.649371,0.761088,0
-0.295175,0.621921,0
-0.949194,0.219666,0
-2.320675,1.754371,0
-0.616965,0.299164,0
-1.087504,-0.661725,0
-0.369880,-1.310819,0
-2.973318,-0.001885,0
-1.410541,0.719561,0
-0.891474,0.265018,0
-0.566019,-1.371908,0
-1.335199,-1.271054,0
-1.014426,0.492717,0
-0.377055,0.686769,0
-2.758356,1.060552,0
-1.117872,-1.489506,0
-1.392308,-0.347387,0
-0.298259,-0.765925,0
-1.690094,0.348165,0
-0.939504,-0.967741,0
-0.648750,-0.288020,0
-0.557287,-0.635306,0
-2.391073,-0.310295,0
-1.714292,-0.215132,0
-1.342180,-0.358997,0
0.148480,0.575394,0
-0.149553,-0.480797,0
-0.603569,-0.155173,0
-1.499546,-0.689412,0
-1.270812,-0.998964,0
0.079107,-0.015669,0
0.300056,2.059590,0
0.275919,-1.048880,0
-3.137424,-2.196236,0
-1.579465,-1.089644,0
-2.207631,-0.466590,0
-0.386321,-0.035171,0
-0.143773,-1.231794,0
0.125152,-0.226948,0
0.786882,0.478218,0
-1.003442,-0.518294,0
-1.292278,-0.437473,0
-1.333009,-0.174767,0
-1.936964,-0.144955,0
-2.327273,0.048756,0
-0.892767,0.493943,0
-0.029897,0.843797,0
-1.520103,-0.819045,0
-0.498757,0.583839,0
0.122642,-0.250492,0
-1.293249,-0.543863,0
0.290411,0.179209,0
-2.154210,-0.341186,0
-0.831577,0.834462,0
-2.936483,0.245793,0
