0.827622,0.055603,1
-0.536351,-0.349562,1
2.027454,0.567015,1
0.187417,1.432836,1
2.077589,0.764038,1
0.133493,0.701018,1
1.731827,0.234505,1
0.998274,-0.230813,1
-0.164585,-0.979964,1
0.354768,-0.878235,1
0.346566,-0.556255,1
1.765669,0.543125,1
1.861632,0.423306,1
0.659168,0.507155,1
1.448616,0.481026,1
0.490751,-0.341365,1
1.255008,-1.147171,1
1.567155,0.451344,1
0.074493,0.100579,1
2.430691,0.173965,1
-0.361783,0.466014,1
0.566278,-0.155177,1
1.040710,-0.036827,1
1.568661,-0.724326,1
0.407049,0.976428,1
1.563320,1.028820,1
1.303616,0.890102,1
-0.004157,-1.149236,1
2.386956,0.279541,1
0.991796,-0.057591,1
2.866953,0.991296,1
1.059960,-0.616723,1
0.158940,0.263622,1
0.144797,-0.150292,1
0.269455,0.316355,1
0.735408,0.604712,1
1.133421,-0.041174,1
0.471055,-0.014558,1
1.061567,0.191385,1
0.052032,0.466637,1
0.853986,0.353864,1
0.314838,1.084599,1
-0.134493,-0.012023,1
-0.612753,0.663667,1
0.980616,-0.687933,1
1.391800,-0.805901,1
2.205182,-0.230494,1
1.602208,-0.452970,1
0.838272,1.314065,1
1.886018,1.586670,1
0.772365,0.338377,1
1.310878,-1.423584,1
1.580578,-1.042839,1
1.018541,-0.343124,1
0.345213,0.431945,1
1.378736,-0.433995,1
1.640559,0.492152,1
0.905175,-0.090822,1
1.531128,0.387278,1
1.160150,-1.760928,1
-0.125853,1.009030,1
1.416817,-1.361570,1
0.843780,0.712817,1
-1.129181,-0.429722,1
1.273424,-0.389308,1
0.334407,0.146776,1
1.182468,1.329325,1
1.952001,-0.238326,1
0.100751,-0.460638,1
0.198080,0.346567,1
1.267513,0.051760,1
0.623988,0.809910,1
0.199575,-0.212386,1
0.794532,0.033962,1
0.246063,-1.723469,1
1.327354,-0.409300,1
1.114817,1.141194,1
0.346707,-0.549659,1
0.015543,-0.099097,1
1.121905,-0.312599,1
1.188712,-1.001734,1
-0.370039,1.086807,1
0.590617,-0.949568,1
1.455017,0.173981,1
1.022664,-1.610772,1
0.190343,1.064505,1
0.674735,0.256357,1
2.304916,-0.016906,1
1.834655,-0.729185,1
2.515067,-0.626521,1
1.791978,0.249011,1
1.698392,0.479718,1
2.266814,-0.502556,1
0.914084,-0.086870,1
1.099967,0.130107,1
1.233002,-0.395466,1
0.734648,1.056927,1
1.438806,-0.318219,1
-0.233787,0.156880,1
0.341470,-1.509492,1
1.488809,-0.009603,1
1.270114,0.270975,1
0.933068,-0.341852,1
0.268802,0.658729,1
0.849028,0.046865,1
-0.129891,-0.699473,1
-0.599034,1.023447,1
1.825186,-0.888567,1
1.446981,-0.126036,1
0.564459,0.650403,1
0.922898,-0.468452,1
-0.225232,0.916929,1
0.373238,0.082688,1
1.189030,-0.603074,1
1.479847,0.701540,1
0.948620,-0.698550,1
2.179417,-0.068624,1
1.808786,-0.555024,1
0.237858,0.145086,1
1.235746,0.523602,1
1.799322,-0.246313,1
0.744889,0.175137,1
1.501104,-1.127054,1
0.592902,0.325077,1
0.177655,0.983573,1
0.588317,0.249556,1
0.562642,-0.138581,1
0.836040,-1.120100,1
1.506086,-1.147952,1
1.746074,0.842694,1
1.352214,-0.899166,1
-0.303262,0.749961,1
1.168385,0.450779,1
1.613616,0.880106,1
0.128083,-0.178035,1
2.358331,-0.979794,1
2.808726,0.598330,1
1.959899,-0.161575,1
0.450356,0.847075,1
0.819125,1.308934,1
1.641489,-1.012388,1
1.438190,-0.528019,1
2.499767,0.525057,1
0.327390,-0.578147,1
0.063420,-0.870403,1
0.446902,-0.114001,1
1.828629,0.409675,1
1.261529,0.665969,1
-0.276642,-0.192789,1
0.537671,0.480176,1
-1.957536,1.082535,0
-1.305998,-1.158995,0
-1.360595,0.464702,0
-0.048687,-1.899107,0
-1.150807,0.231389,0
-1.506917,0.422591,0
-0.495196,0.493864,0
-1.201502,0.060147,0
-0.888742,-0.243270,0
-2.173731,0.270573,0
0.449840,-0.486915,0
-0.183619,0.248250,0
-0.503386,0.188966,0
-2.140166,0.102927,0
-1.017748,1.335728,0
-1.408020,-0.881404,0
0.387127,-0.527297,0
-1.563480,0.333785,0
-1.828848,-0.555768,0
-0.186278,-0.781793,0
-1.423394,-0.082684,0
-0.842225,-0.168664,0
-1.557065,-0.395833,0
-0.533025,0.047803,0
-0.561474,-0.739640,0
-1.165104,1.373366,0
-1.358568,-1.165707,0
-0.731669,0.037642,0
-1.380198,-0.255856,0
-1.054844,1.701311,0
-1.392603,1.046737,0
-2.306651,-0.158679,0
-1.911589,1.399148,0
-1.359481,0.228161,0
-1.336085,1.205917,0
-0.569079,0.064140,0
-1.378608,0.277187,0
-2.396920,1.068791,0
-0.566600,2.152179,0
-0.871093,0.203132,0
0.061471,-0.195112,0
-1.878020,0.111753,0
0.103824,-0.684539,0
-0.538860,0.067213,0
-1.958884,1.062121,0
0.029494,-1.015543,0
-0.838496,0.808657,0
0.247286,-0.073321,0
-1.454650,-0.746436,0
-0.260981,0.039304,0
-1.364316,0.022971,0
-1.380932,0.328615,0
-1.153513,0.061251,0
-0.650774,0.216090,0
-0.421747,0.294287,0
-0.911640,-0.565541,0
-0.971350,-1.235191,0
0.378521,-0.398585,0
-1.293120,-1.297629,0
-0.322630,0.380123,0
-0.085730,-1.231400,0
-0.652338,-0.245463,0
-0.456729,-0.614802,0
-1.568851,0.595081,0
-0.150082,-1.099536,0
0.775134,-2.014090,0
-0.450690,1.082100,0
-0.698341,-0.289302,0
0.227407,0.355313,0
-2.046736,-0.015030,0
-2.342319,0.614946,0
-0.701098,-1.686676,0
-2.498369,1.301239,0
-0.894884,-0.330929,0
-0.916408,0.438860,0
0.262417,-0.766201,0
-1.203714,0.416279,0
-1.472088,-0.124283,0
-1.353021,0.504791,0
-1.616356,-0.909838,0
0.376373,1.011046,0
-1.553735,1.599591,0
-1.512010,1.037654,0
-0.718564,-1.322522,0
-1.866966,-0.618887,0
-1.685041,0.351988,0
-1.332034,0.161247,0
-0.671690,1.011204,0
-2.206470,0.080469,0
-0.877489,0.685070,0
-2.624994,1.093942,0
-0.784693,1.487654,0
-1.142056,-0.119905,0
-1.553905,-0.060764,0
-0.353960,-1.398528,0
-0.651021,0.168879,0
-1.605068,-0.302476,0
-0.078126,-0.716640,0
0.616107,-1.103964,0
-1.409240,-0.475116,0
-2.049155,0.102753,0
0.203918,0.336608,0
-1.159659,0.736082,0
-0.771821,-0.042788,0
-0.907004,-0.171832,0
-0.823180,-0.612715,0
0.048615,-0.118500,0
-1.447765,1.318056,0
-1.609909,-0.073452,0
-1.454822,-0.655452,0
-1.413583,-0.006283,0
-1.680689,-0.352070,0
-1.776879,-0.444015,0
-0.896616,-0.216606,0
-0.754518,0.530213,0
0.008171,-1.032028,0
-0.497061,-0.299459,0
0.007564,-1.123854,0
-1.184082,0.167714,0
-1.833000,0.857970,0
-1.110648,0.288652,0
-1.284530,-0.907013,0
-0.818680,-0.539054,0
-0.393818,-0.281757,0
-0.256596,1.418158,0
-1.222565,-0.660102,0
-1.599071,-0.114823,0
-1.363304,0.552440,0
-0.508754,0.093351,0
-1.183324,0.808146,0
-0.307323,0.184890,0
-1.292745,0.531467,0
-0.734151,2.001665,0
-1.656508,-0.747126,0
-0.809322,-0.561534,0
0.109508,0.426413,0
-0.388166,1.342445,0
-0.339285,-0.927751,0
-0.650884,-1.143312,0
-1.497293,1.113541,0
-1.230454,-0.539290,0
1.077784,0.224517,0
-0.755260,-1.356632,0
0.297549,-0.362331,0
-0.986854,0.625306,0
-1.385133,0.173402,0
0.027246,-1.353688,0
-0.609994,-0.521079,0
-0.336524,0.880339,0
0.542859,1.415916,0
