3.152017,1.078784,1.145322,-2.782088,-1.149666,1
-0.031470,0.773886,-1.080737,0.115960,0.827330,1
-1.263288,0.901155,0.546394,-3.051070,-1.375069,1
0.181524,-0.307273,-0.317978,0.589330,-2.877837,1
3.816746,-0.549368,0.556255,-1.750898,2.486486,1
-0.457552,-2.452575,0.388266,-2.241838,0.017793,1
1.064661,-1.655876,-1.261722,-2.497250,1.282863,1
0.371101,-0.113780,1.999082,0.927818,-0.023350,1
-0.115623,-1.722080,-0.237520,0.677998,-2.216030,1
1.078441,2.480981,2.920648,-1.016849,1.269986,1
3.025254,1.671030,0.212122,-1.961094,-1.044208,1
1.420949,-0.224118,0.610515,2.076496,-1.876405,1
-0.649798,-2.165991,0.597809,0.922337,0.781723,1
0.225441,0.201810,2.095531,-0.544625,-0.820367,1
1.964216,1.285650,1.470468,1.270603,-1.398557,1
0.888668,2.555966,-1.396095,0.153225,3.380558,1
2.704275,-0.605871,-2.703878,0.036271,2.782545,1
-1.522625,1.705354,-0.635352,0.085123,-0.485975,1
1.066306,0.471682,0.245960,-2.901525,1.273186,1
0.700350,-0.119462,0.854416,0.051674,-0.430130,1
-2.474731,-1.519039,-0.677140,-0.398535,0.354431,1
2.112459,-2.380244,2.557546,0.865372,-1.167816,1
2.928464,-2.346648,-0.798059,-2.216887,2.222350,1
0.703052,2.905447,0.984847,0.547989,0.378899,1
2.512396,-0.489407,-1.436230,0.449841,-2.819954,1
0.413364,-0.286449,-1.894434,2.050814,4.662924,1
3.223240,-0.234736,1.526066,-1.827228,2.882938,1
1.839741,1.367414,0.503004,-0.209510,-0.237067,1
1.167782,-0.673835,0.604319,2.413648,0.185188,1
-0.574974,-0.289649,1.699676,0.255724,-0.244555,1
1.244397,0.885344,1.699471,1.206611,-0.302152,1
-0.860816,-0.591063,-1.453433,-0.856606,0.602237,1
1.619027,2.526160,-1.228608,2.199212,0.379791,1
-1.613442,-3.778056,-1.018409,0.282056,1.754122,1
0.301700,-0.884556,-1.445484,-2.066476,-0.037775,1
2.470181,-0.246417,-0.120535,-2.167139,-1.711989,1
2.202070,1.178964,1.928479,0.609822,-1.273008,1
0.384344,-1.018576,-1.027881,-0.684586,-0.544905,1
0.388013,-0.928130,-1.511539,1.091219,-2.366839,1
1.239351,1.612999,-1.826726,0.120502,-0.110954,1
1.942282,-2.039933,-1.084845,1.247767,-1.803595,1
1.355110,2.078329,-1.436010,1.748407,-0.805736,1
-0.254329,-0.110396,-0.362851,-1.927169,1.705978,1
2.213198,1.306295,1.675392,-1.023906,-1.071374,1
4.517072,2.503499,1.001781,0.398704,-0.974783,1
1.950236,1.346933,0.422281,0.419907,-0.605345,1
-0.044506,0.283967,-0.895207,2.309457,0.467248,1
0.615402,0.226264,-3.529572,2.761634,-1.551762,1
-1.255601,-0.779082,0.231195,0.486215,-0.520845,1
0.838980,-0.130490,-1.818897,-1.998741,-1.045112,1
0.347918,0.232259,-0.845541,-1.330472,1.408693,1
1.257076,0.965062,2.099940,-3.299181,-0.566146,1
0.788307,-1.403886,0.764119,0.873858,0.422635,1
-1.094915,1.471819,-1.945376,-1.280546,-2.116121,1
0.149233,-1.097420,-0.929263,0.258132,-0.021123,1
1.370182,-2.540747,0.327262,-3.928948,-0.063709,1
-1.764962,0.338256,-0.618203,0.256204,-1.097452,1
1.992519,1.969957,2.599133,1.881022,0.931093,1
0.354706,1.136839,-1.231151,-1.308078,1.757082,1
-0.568738,-1.969375,-0.594996,2.493701,1.792749,1
1.271610,-3.181677,0.016087,-0.134250,0.223199,1
2.946786,-3.074728,1.183557,0.298413,-3.062226,1
-0.904916,-1.205216,-0.377626,0.042703,1.276644,1
2.231392,1.149019,-1.735576,-3.017717,1.550701,1
0.185218,1.440061,0.056417,0.458506,-0.059571,1
2.856315,2.363179,-0.972586,-0.697679,-2.532725,1
2.575882,-3.421427,2.023833,0.235044,0.732475,1
2.770036,0.277475,3.047007,-0.258634,0.787195,1
1.764361,-0.962615,1.633859,-1.308438,-1.572659,1
0.588790,-2.026011,-0.888858,0.907451,-0.807609,1
1.363605,1.128837,1.589228,-1.279508,1.160651,1
1.037609,1.128389,-1.516163,-0.161474,1.800830,1
4.850850,0.226866,1.081174,-0.572903,-0.432142,1
-0.298975,-3.100794,0.101801,-1.176625,1.877820,1
1.636513,-0.002951,-0.488111,-0.474787,-0.278764,1
0.568456,2.408777,1.142081,-0.166852,0.557946,1
1.314204,1.334877,2.003278,0.967396,2.520976,1
-0.242352,3.872752,-1.977662,-0.202879,-1.187459,1
-3.364170,0.040294,-1.144344,2.039932,0.074234,1
0.747745,0.089632,-0.265733,-0.501331,0.614438,1
-1.339448,-1.983957,-0.742700,1.557137,-2.130781,1
4.486540,1.573399,-2.029961,0.657917,2.746511,1
2.172440,1.414295,-1.361815,2.164845,-2.172055,1
1.641023,-2.178870,1.638556,0.104221,0.357516,1
1.732649,1.183543,1.027046,1.664624,-0.395812,1
1.326962,1.773376,1.186697,-1.399685,-0.852620,1
0.954027,-1.469912,-1.984472,-2.318532,-0.462653,1
3.949965,-0.921542,-2.553619,-0.634660,-0.836632,1
2.941459,1.289325,0.690335,-1.789465,0.548352,1
-2.228637,-0.220874,-2.235353,-0.113798,2.044390,1
1.031716,-0.080077,1.779963,-1.352973,-0.435472,1
0.028230,-2.217068,1.244168,2.238134,-1.223462,1
0.421655,0.298481,-2.246149,0.002979,-2.520002,1
0.507467,-2.138373,1.200452,0.817430,-1.794531,1
3.532800,1.277489,-1.807502,0.730317,1.605149,1
1.522425,-1.759862,-0.332023,-1.349686,-0.451245,1
1.080339,-0.558236,-4.572608,1.053133,2.395778,1
2.311304,-1.966917,-0.330935,0.098083,-0.300980,1
1.225241,-0.181742,-0.990582,0.958391,0.898639,1
0.382588,3.615595,0.064908,-2.038558,-1.205730,1
1.400836,-1.549193,-0.122530,-2.110320,2.210759,1
0.302599,5.134347,2.237317,1.134570,-1.337276,1
1.329703,0.803199,1.325326,-2.165030,-1.594213,1
0.796439,-1.565215,1.901196,-0.354644,-0.373227,1
1.723579,0.169918,-0.413064,-1.350419,0.103456,1
-0.854311,0.785672,-0.240348,0.069313,-0.523796,1
0.591067,1.008461,2.047332,-1.480694,-3.698771,1
0.419605,-2.616683,-0.338000,1.448938,1.773280,1
2.467903,-1.144080,0.650777,1.566210,0.607361,1
0.466118,-1.437678,-0.774765,-0.815670,-2.463344,1
-0.368970,-1.334961,0.024411,-2.561524,-0.790906,1
0.886788,1.323059,-0.237408,0.165185,1.233315,1
-1.701937,1.155663,0.178519,1.193001,0.614207,1
-0.570669,-0.698723,-0.695072,1.306254,2.970447,1
-0.994919,-2.074773,-0.539709,-0.192861,0.522918,1
2.234329,-0.096529,-1.563343,-1.395400,-1.425684,1
-0.390373,0.844707,-2.011587,1.752225,1.308468,1
2.394853,-0.530080,-1.545748,-2.034804,1.616065,1
2.049587,-2.504957,0.471844,0.181679,-0.512930,1
2.375187,-1.572987,-1.525668,5.028612,0.431323,1
-0.999993,-2.329839,0.830488,1.280902,0.730413,1
0.210524,-1.063744,-0.532446,-0.976351,2.119050,1
-1.666245,2.416323,-0.692385,1.694278,2.279332,1
1.972539,-0.672694,-1.630862,-2.696715,-0.197793,1
-0.259864,2.489168,2.089457,-0.775485,0.844268,1
-2.623248,1.062088,-0.629657,4.230999,-0.462792,0
-2.513162,2.521534,-1.000603,0.583035,-0.518107,0
1.647307,2.487630,-3.400594,-2.401824,-3.692875,0
-2.958476,0.458615,1.373296,0.846179,0.512739,0
-0.206599,1.097067,2.385077,-0.541165,2.028930,0
-1.891937,-0.866387,-1.303929,-1.610702,-0.841916,0
-0.665678,-1.081304,0.400448,-0.397715,1.642466,0
-1.705981,-0.097442,1.893610,2.305541,1.101542,0
1.680515,-0.053090,-0.024750,-0.465351,1.217865,0
-3.258301,-0.082242,2.083716,-0.948915,0.434127,0
-2.587678,-0.955379,-0.267581,0.544772,-1.030748,0
1.353304,0.025812,-3.305863,3.246676,0.962699,0
-2.355347,-0.262353,0.383650,-1.257713,0.962492,0
-4.097568,0.345861,-1.415904,2.322354,-2.773084,0
-3.117544,0.126574,0.625633,-1.750290,-0.061490,0
-1.055655,-2.000794,4.832931,-2.933473,-2.132288,0
-0.493005,-0.228067,-1.199892,0.753881,0.333951,0
0.904806,-0.287614,0.370007,0.488689,-3.419693,0
-0.967886,0.673293,-1.684990,0.466501,-0.651069,0
-0.533315,1.861228,0.865586,-0.432239,-1.088523,0
-0.506231,-1.519309,-1.250042,0.516279,0.369511,0
-1.821300,-0.224699,0.321836,-0.721360,3.174265,0
-2.252475,1.960478,1.711663,-1.157903,0.105464,0
1.162195,-0.238114,-0.330359,0.738735,0.519143,0
-0.711408,0.161294,-2.242345,1.050424,0.167495,0
1.596844,-0.947404,0.576689,3.327291,-0.853808,0
-0.468655,-0.692529,-3.017679,-0.295483,-0.372540,0
-1.259073,-0.016217,0.440977,-0.439947,0.577847,0
-0.365131,-1.346479,-1.951035,1.428616,-0.689027,0
-3.362103,-0.817269,-0.898958,-0.856706,-0.231121,0
-0.468497,-1.146058,0.637106,-1.686134,-2.999425,0
-2.023026,1.158025,-0.897791,-0.524887,1.626210,0
-0.297087,-0.368877,0.320270,-2.543369,-0.238296,0
-2.275663,-0.920243,-1.780245,-1.582968,-2.733719,0
-2.430370,-0.748841,-1.471269,-2.557666,0.320366,0
-0.387548,2.623739,0.349270,2.639417,0.403256,0
1.463911,-3.156053,-1.040359,0.172105,0.733402,0
-0.885312,0.088710,0.290464,-0.042025,-2.538302,0
-3.591598,-0.047782,-1.710934,0.541236,-1.604359,0
1.439766,1.635397,-1.958446,-1.456654,-0.906628,0
1.932999,-1.404691,-0.083992,1.962882,0.740344,0
1.438353,0.691324,-0.945278,-0.524330,-0.807883,0
-3.363007,0.374138,-1.328468,0.855859,0.460720,0
-1.590275,0.694617,-1.085216,0.938003,-0.529750,0
-1.791138,0.324499,-1.729522,1.652715,-0.150510,0
-2.876690,0.135622,-0.702570,0.446069,-0.969484,0
-3.500087,1.358164,0.230709,-0.930835,-3.650157,0
-1.886539,-0.158029,0.285712,-1.233069,-0.201177,0
-2.927613,1.548110,1.126380,1.671752,-1.122055,0
-0.979368,-2.372910,-0.501360,0.582488,0.505527,0
0.830809,1.078939,0.893129,-0.806849,0.793665,0
-3.250867,1.256870,2.468847,-0.691498,1.122113,0
-2.781704,0.800553,0.148652,-2.252944,-0.278946,0
-1.552774,-1.418089,3.312693,4.338742,-0.608827,0
-0.717842,0.178913,-1.722122,1.743578,0.688228,0
0.969454,-0.252285,-0.661950,1.455431,-3.332079,0
-0.601584,-1.013412,0.392393,-0.356092,0.512749,0
-0.575794,-3.111101,-1.339981,1.574078,0.442893,0
1.774545,3.475355,-1.882654,0.362697,-0.062333,0
-2.973401,-0.269929,0.108289,-1.347117,-1.180168,0
-0.138868,0.725712,-1.460641,0.900650,1.513762,0
-1.933870,1.802510,-2.709988,-1.525913,-1.141504,0
-1.122270,3.566238,1.777195,-3.215754,-0.670856,0
-1.751256,2.224848,0.640938,-1.087279,-0.470605,0
-0.966722,-3.579118,-0.807590,1.065616,0.309104,0
-1.016458,-0.445334,0.221667,1.112761,-0.407880,0
0.045630,1.428941,0.190723,-0.625912,0.907914,0
-2.759863,1.408932,-2.625793,1.453133,-1.059517,0
-2.506584,1.757417,-1.642210,2.295451,-0.420016,0
-1.617995,-0.400789,1.349133,-3.683361,0.077060,0
-1.266393,2.854426,-0.618128,-1.459697,-1.251999,0
-0.858174,1.207538,0.548373,0.915595,-1.318721,0
1.748426,-0.363249,0.113867,1.823021,-1.426075,0
-0.592932,-1.520135,-0.445922,-2.046936,0.045940,0
-5.171395,3.245365,0.052493,-1.166017,-0.181010,0
0.323455,0.361566,-1.749241,-1.160754,0.574822,0
1.852942,-2.509877,3.663351,1.074015,0.307125,0
-3.242207,0.014719,0.940027,-0.014889,-0.513919,0
-2.567183,0.146188,-1.240390,-1.051157,2.835454,0
-0.705124,-0.971726,-0.988990,-3.528430,-1.367774,0
0.670436,-2.449779,1.962589,0.188714,-0.102634,0
-4.371778,0.130906,0.368964,0.573185,-0.238857,0
-0.005291,-0.940644,2.178959,0.110107,-0.614304,0
0.524821,1.058720,0.462637,3.200983,1.407138,0
-0.582978,0.867775,-0.370843,-1.160638,-1.017088,0
-2.898133,-0.575627,0.199739,-0.027920,-1.708494,0
-2.811132,1.224355,-0.671497,1.487591,0.441280,0
1.567326,-0.550119,0.185349,-1.534781,-2.366309,0
-0.948478,-1.826281,0.528243,-0.637358,1.232778,0
0.789742,-2.237647,-0.786706,-1.896824,0.337333,0
-1.201656,0.413817,3.533104,-0.483381,-0.816397,0
1.078671,0.091350,2.126528,1.329182,-0.036896,0
-1.446124,-2.177472,1.559023,0.419061,2.222891,0
-0.825841,1.538981,-1.101408,-0.441725,-1.667458,0
-1.361221,0.356166,0.732738,1.929167,-0.164935,0
-4.244461,1.154904,0.402007,0.473547,-0.367553,0
-2.005016,-2.805232,-1.441819,-0.359396,0.638109,0
-1.921010,-1.658009,-1.288945,-2.196898,1.099383,0
0.683483,-0.653403,-0.326200,2.161535,1.706979,0
-1.433427,0.968043,1.078083,-1.151331,-0.863990,0
0.171779,0.261319,1.421553,0.644885,0.575982,0
-1.647599,-0.917918,-0.549255,-0.544933,0.338437,0
-5.397091,0.329351,-2.341331,1.762975,1.194420,0
-0.502925,0.009024,0.828774,1.521815,1.356337,0
-1.523787,1.868790,-1.903671,2.240688,-0.919703,0
-2.298218,-0.006118,-1.414105,-1.587691,-0.582216,0
0.670325,-2.948933,-2.289680,-0.622062,0.214116,0
-2.891149,-1.588129,1.856997,-1.904001,0.955123,0
-3.122325,0.981710,0.933054,0.349174,-1.069529,0
-3.032810,-1.697224,-1.330170,1.357373,0.718374,0
2.550930,3.746932,-0.647343,0.654345,-0.797780,0
-0.165769,-2.104653,0.794216,-2.466699,-1.100772,0
-2.149959,0.653302,4.164017,0.332045,0.496049,0
-0.375557,-3.050425,-2.132913,-3.235336,2.242365,0
-3.106458,0.287754,0.186262,-1.132609,1.010284,0
-2.036686,0.690793,1.114333,1.558578,-0.267111,0
0.880791,1.007526,0.408406,-0.547253,2.410409,0
1.698912,1.729139,2.158274,2.197919,0.561399,0
-1.922143,-0.946256,0.120453,-0.571307,0.419744,0
-1.489262,-0.881089,0.227027,-2.377789,0.985499,0
-1.094049,-1.420094,-0.000260,0.938382,-1.211754,0
-4.431592,0.071702,1.644552,-0.709375,-2.900344,0
0.437783,-1.999539,1.179171,1.023081,2.955104,0
-0.982676,1.773632,1.052103,-0.826400,-0.695371,0
-3.321393,2.171758,-1.631874,0.783283,1.796527,0
