-1.576841,2.433546,-1.426729,-1.000151,-2.598841,-4.256739,3.492464,4.198200,1.927063,-7.744589,7.071135,-0.373411,-3.312716,2.289268,-0.678190,-1.884438,3.687992,-3.353918,2.477917,6.622726,6.585571,2.025610,7.835798,1.897179,0.528948,1.648697,3.141869,-7.408248,10.510647,-1.112497,1
1.182213,-6.025262,-5.458695,0.050358,6.499615,5.161348,-4.345296,9.372580,9.295359,2.087400,3.591993,1.976851,6.407770,5.729362,-2.834396,1.473055,0.542723,6.016317,4.121473,3.732027,0.550810,7.393522,3.508982,2.630161,-2.789623,6.343508,7.372597,0.800591,-2.540539,1.469034,1
4.427769,4.490986,-2.163893,-0.706373,2.666338,6.978382,-4.636250,-0.502766,-4.022902,-3.862926,3.361032,2.009155,6.354546,0.716797,3.359486,-6.117536,-0.404316,3.294601,-1.547915,-3.873290,3.105093,-7.426413,6.128893,3.230314,-7.267620,1.989698,5.027876,0.093355,0.113083,1.410849,1
3.037403,2.276480,-0.974222,-0.007206,-2.055193,4.230627,-2.361549,2.757439,0.762014,5.550026,4.637133,0.685930,-1.491365,-1.624966,1.349691,4.580254,1.356249,4.376001,1.378582,1.456549,-1.823278,3.312880,-3.869158,11.272984,-6.093622,0.622898,-0.758476,-5.151719,2.952478,7.530077,1
2.721411,3.700592,-1.258118,-0.753633,-4.842585,0.296959,2.208082,0.108509,1.090925,1.695217,2.338467,-0.338095,-1.207546,5.659151,2.020071,3.612642,-1.108042,-1.374643,1.682775,7.471863,4.529982,-1.811966,-0.290108,7.195169,0.554493,-0.824245,4.304552,3.445585,3.894627,6.178154,1
2.104013,0.113010,-0.482256,-1.590471,8.827206,4.863779,4.922920,-6.448862,-2.535080,-6.292942,5.237366,3.013197,4.340843,5.609287,2.046175,-2.045486,2.688454,-0.365503,-0.041185,0.422579,-4.875670,5.372723,1.512056,2.694838,3.365194,4.097082,-0.465023,2.460236,1.312994,0.804384,1
6.244646,1.770414,-1.370491,2.341524,-1.331932,-0.036472,-0.071690,-3.542381,0.422482,1.075705,-0.559515,-6.100552,4.191210,1.987724,-0.640051,6.424706,-3.741256,3.151884,6.752029,2.449827,6.675066,-1.276232,-4.063038,1.058752,-1.906830,-1.387665,3.744123,-1.258598,2.296602,3.347885,1
-7.153111,3.540956,0.734953,0.021858,-3.560637,-2.188786,4.929993,-1.585989,-0.435751,9.546503,-2.582365,0.276495,0.267759,-10.161333,6.237267,6.597860,4.184799,10.936302,2.710226,-6.743895,-0.719769,-3.119707,4.169628,2.974009,0.791872,-0.295135,-2.255407,-2.413960,-2.755156,2.561346,1
-0.095938,4.576349,1.294008,12.086962,-6.766701,-0.696066,-3.946454,-0.018185,-4.535512,0.895906,4.141474,5.686544,-0.732880,4.484941,-2.526308,2.679884,-3.473774,4.123850,-2.329483,-9.234923,-1.029364,-2.294268,-4.537546,9.815052,1.635433,3.419584,8.807011,0.745857,-1.519049,0.043924,1
3.657587,4.358023,0.144787,2.407370,5.371845,10.601173,-0.529436,1.106533,-0.826494,-0.823729,-4.127664,-4.086692,5.699265,-1.663397,0.615875,-1.108107,4.589270,4.368475,-1.036255,-1.965696,0.428782,-5.330270,-0.885691,-0.280281,3.626297,2.795368,2.199251,-4.854783,-3.980896,-6.666510,1
2.907024,2.891315,6.009323,2.934101,-5.471873,-4.941124,-7.093732,-1.226589,-4.230371,0.438004,3.187654,0.899076,-2.659327,0.552113,6.922766,2.737465,-0.074194,-0.990559,4.455750,1.931681,-5.165549,-0.962656,-0.864441,4.036060,0.014311,-6.054660,-3.875916,-4.197950,1.022449,-4.091219,1
-2.672058,-1.481045,9.062830,3.552786,-0.906441,6.322805,-2.738617,1.456083,1.947010,1.330299,0.722963,1.048275,1.424160,-2.046415,-0.833029,2.976181,0.863066,-7.605531,2.200212,-1.702625,-6.344666,0.556309,-0.928391,0.707647,5.217199,5.836235,-4.559665,6.786276,5.940828,1.493523,1
0.836046,-3.174438,1.600241,9.573090,1.014605,-3.731759,-1.205257,1.450237,-4.725851,3.053478,-1.567522,-1.977030,7.995995,5.120649,4.704775,0.592142,-4.811352,0.181576,0.780779,7.578747,5.751474,-0.687363,2.467564,-3.687969,-2.492043,-3.101170,-0.750435,-1.038937,-5.441827,-0.659153,1
-4.953610,3.611481,4.155394,0.943304,-5.081248,4.269560,1.405737,4.820126,-0.509516,2.363420,-2.652887,7.464905,-0.438374,5.821838,5.610876,1.528399,3.575914,-6.096103,8.080521,-2.190832,6.858742,-0.759773,-1.350151,3.591059,-3.777943,8.368124,5.857300,-1.074711,11.510546,-3.514883,1
-0.284334,4.533779,-1.563824,2.615049,-0.978930,0.967104,-0.319317,4.322039,3.489710,3.495600,-0.411444,2.681849,-7.416343,-1.074461,-4.399280,13.336426,-1.838474,-1.508474,3.831173,2.154520,1.041323,-2.760235,-4.786724,4.438211,3.106091,-1.228151,0.760313,-3.509104,0.965843,-2.131882,1
8.995054,-0.875137,-1.682257,2.579498,-3.249214,5.267612,1.922915,6.313805,2.399324,-0.899555,-2.882681,0.369968,1.001291,0.852121,-0.942965,4.248962,-2.521521,-2.818218,7.379072,1.878729,1.611092,-0.917133,-1.249018,-4.176018,-5.785678,1.310562,1.183128,1.560133,-5.580693,-2.881592,1
1.776537,8.906572,6.782949,1.442799,-1.657745,0.819374,-2.951206,4.186935,5.750732,-1.307545,3.359764,6.486206,1.359558,2.019032,4.388718,-1.248327,6.219694,-14.294632,-3.638826,-0.019283,10.781099,-1.507051,-5.989866,2.920267,5.706429,1.118256,6.599947,9.092520,0.931042,3.956070,1
-1.129957,5.927824,1.657612,2.227140,-3.722423,1.574419,2.098776,3.395855,-3.570738,0.129114,-1.150181,2.810850,-7.072009,0.279367,7.846722,-1.715780,-1.355148,1.559664,3.291304,2.928404,1.782747,-4.263484,-3.792421,1.359015,-4.728406,-0.092104,-3.453865,-3.936622,7.972069,2.698950,1
-6.109822,-3.865000,3.199696,-3.694223,1.057959,0.778267,-3.054104,-0.705124,3.151871,8.532421,2.871460,2.402138,1.860901,1.000267,0.129160,-0.806210,-2.701939,-9.161074,-1.237633,8.563425,0.855934,-3.835753,8.987341,-0.039959,3.193565,-2.810457,0.134325,0.471827,4.088230,-1.339380,1
-0.901484,0.083393,0.203651,6.649311,-1.201464,-0.300028,-5.779956,-1.435526,4.329082,6.677650,-5.189610,-0.994759,4.247927,2.374104,3.119284,0.352383,6.198977,-0.447069,5.932831,-3.469784,-5.282122,4.917393,2.992914,7.971272,-2.538952,-9.416698,5.016287,-1.546230,8.713421,-0.652554,1
-2.217955,3.743450,6.549875,7.638723,8.827946,-5.293279,3.448730,-6.280602,4.197777,-1.643391,-2.762983,0.422106,1.816444,2.288254,-5.988896,-3.460688,-4.079604,2.616972,-2.144983,4.308720,-4.344846,4.042887,-7.351371,-2.022814,0.613424,5.845951,-7.457849,-5.311092,0.048828,-3.774296,1
5.512541,-4.727070,-1.193981,5.149765,-4.341458,-0.127310,-6.073808,-5.133160,3.083927,1.628750,-3.933004,6.265099,2.155867,3.343775,3.902287,8.347868,-1.442833,4.189730,5.612999,2.027441,2.379131,-2.518518,9.385405,-1.113270,1.643444,2.127855,5.189199,2.724485,-3.024740,-7.134282,1
-5.202170,-0.884783,7.549421,-1.977846,6.455864,0.340942,3.352507,7.600739,13.337051,5.985554,-4.217799,-4.150438,8.674549,-3.806747,3.007057,-3.439571,-2.655287,0.621305,2.610653,-2.208864,-6.715747,1.668451,7.231880,-1.238134,6.128506,1.494253,-4.691474,-5.399833,10.390446,4.493717,1
1.475386,1.704933,-1.427900,-7.471160,-5.814011,4.035139,-1.794546,2.629267,4.302324,3.582794,-1.935055,2.687855,-7.746874,2.615559,0.170162,2.917160,-5.629887,-12.649842,1.033373,2.669733,-0.673349,5.368607,-3.570254,-2.175695,-6.645433,3.836842,0.665825,3.422598,-1.313089,-0.061569,1
6.458979,2.078915,-4.865083,-0.303562,-0.644478,8.864618,0.620106,5.403959,4.154037,6.173586,-8.691330,2.413771,1.230747,-4.345908,1.009708,-6.863364,-5.405511,0.263805,-0.346077,1.597458,-4.530267,2.200979,0.204365,-8.751985,3.217550,8.340862,3.678188,2.369312,1.518585,2.226721,1
4.277542,-6.070370,1.648649,4.100954,6.190794,10.989017,0.981493,3.627487,3.826010,1.523159,1.093748,3.401112,3.398020,-6.757701,-5.018421,-10.166588,0.639570,4.350111,1.691786,3.691538,-3.769226,5.580267,1.132677,3.166565,10.638931,1.172945,2.763334,8.758427,7.267988,4.134121,1
1.397421,1.214594,-2.261375,-2.419884,11.830160,-1.085518,-4.784989,-4.447035,5.593460,3.383635,-0.231348,7.597204,4.685289,0.555254,3.321997,3.047318,2.654898,5.962105,6.415384,2.193682,2.967751,1.662340,3.732124,3.975231,2.317022,0.559523,4.020170,6.311228,-2.488157,1.510517,1
0.432859,-2.600834,0.033340,8.776541,7.345541,0.944857,-4.339495,9.305422,6.874945,1.333681,-4.449595,1.945126,4.817657,2.316540,3.448328,3.119532,0.082291,2.339392,-2.261230,7.548239,8.264673,7.635008,4.070347,-1.762016,2.598251,3.038010,4.977211,0.755375,-6.009709,2.275274,1
-0.846550,-0.643095,-0.161230,-5.601145,0.772655,-4.396228,6.413477,-1.515188,1.090778,-0.892292,3.191404,3.328314,-0.689939,3.906120,3.628290,0.801521,-1.510120,3.283491,-7.284775,5.823490,0.189548,-1.571463,7.680134,-1.830326,-3.183224,5.973820,-0.920900,3.162273,-3.729193,-1.025921,1
-2.890835,-0.085148,-2.320969,1.012205,3.913105,6.386820,-3.217052,5.653057,-0.002487,1.837635,8.447767,-1.279598,-0.527967,0.526606,0.019657,0.027935,-0.930235,-2.428991,1.995792,2.317064,-0.927792,6.851809,2.634602,-6.126663,-4.534006,-4.345690,-0.856785,5.167465,-0.633091,4.545000,1
-6.979209,7.398321,5.149271,0.128834,3.593700,3.849627,2.440990,-1.874374,0.264257,0.509914,-0.717476,4.279051,1.900185,0.940798,4.438681,2.821791,-1.318373,0.587116,-1.636318,4.291391,1.521866,-2.845739,-1.806904,-1.842102,9.684341,-3.092955,1.874594,-1.774780,0.492477,-4.195691,1
3.804728,3.014362,9.028143,1.429674,-4.959963,6.218599,5.777433,5.324181,5.221796,1.834667,10.167540,5.422392,1.213825,-0.245852,-5.689799,5.404415,1.640263,1.090008,9.245230,0.620234,9.839312,-3.363995,-8.065875,-1.435514,-0.024740,-1.587687,-1.385263,3.823034,3.670153,8.046949,1
1.925926,-7.189047,5.302408,9.387953,8.884325,7.580263,-7.344870,-1.563288,3.704628,1.658764,-2.779461,3.442701,1.542377,7.518942,3.790276,-5.671679,4.785545,-5.898095,2.044153,4.951380,-3.300879,-1.521442,4.501732,2.443743,1.368420,1.634066,3.087015,-2.087351,-5.303795,-1.228899,1
7.731510,1.466732,-3.387173,2.047407,5.654413,5.810400,-4.142066,1.955164,2.605091,-5.016074,-3.684272,-2.222801,0.230049,6.153160,0.755014,0.741129,1.178596,-2.653482,0.604666,2.924335,-3.602126,9.302853,5.612724,-2.916332,-0.299494,-0.408016,-0.585915,0.836771,-5.610345,-1.120775,1
-1.671415,0.209492,11.546497,-2.926113,-0.416145,2.672819,-6.770996,3.757963,6.541212,-2.381313,0.104780,1.939131,6.544872,0.071152,-4.671653,-6.382375,4.945375,6.031210,-5.066062,-5.143356,-4.341555,-4.452775,0.116940,3.200558,-0.315685,5.337587,-1.395657,2.324221,-6.582208,-3.525578,1
-2.244186,1.871222,4.515785,0.368601,-0.368708,-0.227837,-3.683907,4.973133,2.476400,1.090828,1.603125,2.252401,2.437672,3.634167,-0.726906,-1.829374,-4.831244,4.765450,3.882662,4.200104,-0.551107,5.460129,-2.271778,-4.077469,4.626455,0.707506,-3.989959,0.486307,0.003141,-3.740716,1
2.893326,-4.628675,-0.243217,1.615391,4.060192,-0.060108,-8.061672,3.218794,-3.442596,4.986107,-4.537311,9.731567,5.213848,2.429970,-2.773884,12.323370,3.259941,-0.396320,-5.019115,-1.371452,3.710402,-2.899466,-8.210770,-0.267393,4.393908,1.604763,6.122526,0.108391,2.277308,2.623913,1
10.894772,6.036291,4.379011,0.112913,3.595442,7.821926,-1.528166,2.508526,7.638172,4.930700,3.358328,3.421579,4.204893,-0.852163,2.836628,-3.243656,8.024876,4.574221,-0.597733,3.856852,1.123035,3.154375,0.517799,2.918396,2.611128,-5.714922,-3.032442,2.643761,-0.706444,-1.734402,1
5.089365,6.694357,7.903446,3.497108,0.924650,4.585482,10.749578,-0.797827,-2.887775,-4.033738,0.488560,2.124334,-1.864300,4.808191,-0.582689,1.333870,-1.369093,3.955656,-0.032934,-3.058218,3.220112,-0.516531,10.098143,8.838724,-3.209518,3.538767,3.724277,-0.634665,5.793390,-1.759380,1
0.871845,-3.944342,3.340843,-9.487568,3.817814,3.127432,-0.621096,-2.435621,3.903612,8.809975,-4.462357,-8.043998,-3.470499,-3.401241,3.716894,-3.813791,3.659365,0.819387,7.225138,-3.905253,0.067814,1.367720,-0.551241,2.523958,-5.835801,-2.865217,-7.920468,6.627129,-4.579320,8.897636,1
0.111851,-1.773663,5.041883,-0.756128,-2.244755,5.953016,-1.733229,1.539412,6.732758,2.387651,-3.110760,8.474115,7.166374,6.236681,-5.562166,2.421974,1.700359,3.774805,3.748831,1.920893,-2.719162,1.386938,-6.353385,-0.629696,-7.249776,8.019047,8.247890,-1.567478,8.253477,-0.220324,1
1.700762,6.539656,7.630346,4.076553,5.570589,-1.588076,-0.508997,3.685316,-6.180855,3.285625,1.823093,4.391180,-5.623596,-0.229904,-2.300356,7.866840,0.820316,0.435745,2.412895,-2.825708,0.376692,-0.366266,-0.428305,4.865114,-2.963465,8.464642,-2.966541,0.292578,9.016830,2.637030,1
0.126997,0.889769,1.208786,2.774740,3.068869,6.250305,1.969389,-0.820885,0.264940,1.652288,0.492237,0.318848,-0.813063,0.642012,-0.742580,0.940378,0.589958,5.033096,-3.263084,3.558241,6.607576,3.730787,8.440958,-5.240408,-8.368384,6.403399,5.017132,3.307335,-0.447872,-0.743139,1
-6.714408,6.385347,-0.969154,-1.296463,4.553583,-2.361654,2.150518,5.023466,4.356989,-9.808135,-0.427912,-3.767467,0.467459,-5.686077,1.147379,-3.480299,3.987247,4.273294,-2.193172,4.531855,-1.899769,4.039898,-6.457816,1.319212,3.905621,5.200533,-1.391525,0.241913,-5.243725,1.445793,1
-0.700819,-0.464825,-3.485544,-3.690059,10.499229,1.732878,-0.354870,-2.218893,3.367027,-4.382282,-0.296051,3.589079,-6.113268,-0.660782,-1.001217,4.048244,-5.964547,6.828535,-3.696140,-9.125271,-2.499725,-8.252390,0.174248,1.706923,-1.470406,1.996504,-4.781171,-0.414240,3.076744,11.149124,1
-7.012741,1.103642,-4.506632,2.866240,1.267214,9.726709,1.398136,-1.026808,8.198639,4.416145,3.426939,3.335407,-0.412092,-4.674015,8.852285,4.833023,-2.468651,3.204319,5.381138,2.316479,-0.242962,-4.454125,6.804394,-1.097790,-0.451790,4.902473,4.384577,1.676222,-1.004120,-1.484306,1
3.297421,5.480743,-0.657759,-2.299786,-2.610601,1.297508,1.544281,0.429373,4.876522,0.911674,4.898144,2.598633,-3.409180,-5.203735,6.224321,-2.501188,6.704300,1.371351,3.016741,-0.866850,4.086742,-1.200556,6.344511,-2.778265,5.465246,2.441347,5.469482,-12.576813,-6.206149,-4.508904,1
-7.128440,-1.804394,4.877180,1.508696,6.117832,-1.663610,2.576298,4.524996,3.553764,-0.188217,3.204845,0.365295,2.783989,1.439001,3.176895,5.586212,1.488167,2.896544,-0.529825,1.218588,-2.051268,-1.412916,-2.468052,5.549839,9.432919,11.215475,5.359438,0.116970,3.191835,0.174248,1
3.934877,1.617094,-1.587448,-0.228025,0.036346,1.671465,-2.502560,1.894236,-0.592430,-2.955791,2.842762,-0.623066,5.010653,-1.327381,1.601418,1.671785,-1.835381,-2.764969,1.306877,3.352867,6.217289,-5.181168,7.187553,1.510897,-2.509766,-0.843737,0.534195,2.051605,-2.985651,6.339016,1
-5.249832,-6.471820,-4.848097,-1.518431,4.383163,5.309029,-0.841894,-1.343330,3.376007,5.182383,0.250881,0.108986,6.016840,-5.708244,-5.576698,-5.959057,-4.553407,-1.684572,-3.599690,0.114227,3.037102,-4.387828,4.800282,-0.651907,2.533852,4.640465,-0.313602,-2.640051,-2.955278,-5.843478,1
2.153904,7.176569,3.320688,2.984724,0.559189,4.227322,-5.667406,-3.017357,1.242670,9.219725,2.982153,4.389315,-3.580969,2.702234,2.397589,5.313152,3.702213,2.587433,-6.243917,4.716627,-1.058411,4.154140,1.953396,3.149853,1.738962,1.180784,-2.424644,6.823040,0.748705,-6.945297,1
6.917206,-1.279306,1.121471,-3.654017,-4.985417,-1.056379,0.561310,6.664000,-2.108381,1.541447,-2.538609,2.892050,-4.604999,3.547310,-0.237114,0.894846,3.897905,5.790274,3.648310,2.528835,3.317572,0.477167,0.348972,2.755489,-2.118145,1.554136,-7.888241,4.791935,2.735947,-2.542810,1
-1.383776,1.496065,0.822096,3.459110,-1.663473,4.583815,2.182959,-4.261885,-1.524815,5.029308,-4.544140,2.820396,5.943068,-3.271618,2.865330,2.827284,3.690832,-1.030558,3.474333,4.200203,2.510315,-1.186354,6.241392,-1.776661,3.690681,-10.983536,-4.356324,0.697861,3.329819,-3.860556,1
-3.355225,3.464729,3.639576,1.469553,5.539762,1.580021,2.532690,4.677526,5.503450,2.216156,3.443596,-2.505699,3.371567,0.293316,-3.989280,3.904921,5.675749,1.468338,1.355467,0.541660,2.977518,9.572508,5.773081,-1.238045,6.257555,-2.305702,-0.972206,7.250158,-3.655886,6.288160,1
2.032513,-3.277386,-3.611105,-0.663313,2.181561,-0.269474,4.273565,5.864054,-2.897936,4.431429,-3.597968,3.402708,-5.167295,3.538788,5.461596,3.945669,-1.615593,0.054512,8.160564,-7.320173,0.387856,-2.573692,-3.985789,-0.162865,2.273052,-3.254063,3.385189,-0.569534,2.240154,-1.059973,1
-6.368190,-0.250099,-0.704412,-3.314110,0.486286,-0.403101,3.502260,-2.299736,11.057514,5.481314,3.838352,5.180107,-12.228447,5.811405,-0.141346,-0.025589,-3.322613,1.771902,-2.392569,-1.290915,7.864985,-7.641623,1.359503,-2.195724,-0.001556,0.185760,-2.763098,1.019285,0.000652,-1.827305,1
-2.702221,-1.645931,5.870996,10.161785,-0.591505,-7.899312,6.546957,-3.818387,5.642023,4.498737,7.020239,-3.183908,-2.196354,-3.469046,8.994972,-5.391963,0.441032,2.277702,-0.071995,0.932243,15.088566,0.802647,4.829817,4.204332,-2.908312,-3.504866,-6.795494,2.261000,2.683615,-6.037124,1
7.310425,1.926205,3.665840,-2.168856,4.383799,4.843134,1.383133,7.340492,-1.318911,1.550169,-2.566011,-9.798042,-2.592741,0.756886,5.065720,-5.361423,-0.542810,8.089188,2.681202,1.954876,3.759111,1.343348,-1.907770,5.628216,7.034988,-1.800880,-1.946774,1.183050,3.526770,-2.677517,1
0.074169,1.730518,-1.503824,1.756815,-6.045024,-4.151994,3.618423,-1.385370,-0.878569,4.468048,1.567314,1.619522,0.247473,0.788326,3.615685,-3.020435,2.551033,-3.155491,1.477087,-1.826384,-0.286146,4.252907,-1.475620,-0.368156,2.356222,12.152428,3.894011,-4.968490,-3.940357,-1.811501,1
4.086777,-3.310709,-0.955925,-0.057989,4.884188,-0.306534,6.379683,0.563826,-3.312757,10.299150,-4.877828,-3.898000,-0.539927,6.753513,0.316086,-0.757481,-0.069546,-2.540733,0.952702,-0.476149,-1.694738,-5.888494,-0.652584,-2.843948,1.026426,1.433359,3.278980,2.044437,-7.513730,-0.575308,1
3.333815,2.827583,-1.910778,-0.406387,0.023554,4.529900,-1.044540,-6.649741,4.152075,-5.066115,-1.247766,5.405945,-2.181732,0.428644,4.133640,0.834730,5.560959,-0.471046,-3.328316,-2.333939,5.645412,1.704561,3.397493,-2.386442,-1.306656,4.958941,0.338150,-11.293733,-0.678904,-0.715399,1
1.359606,-4.404719,-1.998341,1.020308,4.272755,1.403738,0.195971,-3.720317,-1.405386,-0.053642,-2.725471,0.626163,2.727367,-2.174349,2.734306,-3.988259,9.150970,5.784761,-3.557030,4.817360,-6.598100,2.183033,-1.032452,-1.711973,0.589760,4.980904,4.839613,-1.485489,0.527279,4.292427,1
1.650833,-1.691504,4.790176,1.302794,-2.579214,0.619663,0.678707,4.129568,-3.493982,0.134663,1.664757,-0.489450,0.727077,3.119808,-1.026394,2.145538,-2.862690,-1.946169,1.052341,-2.112791,8.163542,1.192078,0.678783,-2.764053,6.329552,-7.648925,-2.269960,6.815065,-3.071821,-0.357519,1
0.905771,3.876398,0.150055,-3.706071,2.031916,-4.943006,-1.519848,6.749371,-2.672224,2.135244,2.446768,-1.962812,9.619738,15.367649,8.801630,-0.336863,0.399302,7.957251,4.571751,1.960943,1.283049,0.729504,-3.580568,6.317862,-3.083397,-1.292633,-1.293570,6.092026,5.533588,1.781925,1
0.083658,-1.575142,3.683611,1.775980,-4.424514,0.725401,5.312777,-6.178464,-0.371708,3.638361,-3.767006,0.438307,-1.099833,-2.151745,-0.973566,1.964361,2.667900,-2.580290,-6.531974,1.912733,-4.007374,2.447746,6.659042,5.124022,-1.061520,-6.260827,2.228886,8.739576,-5.034292,-3.467178,1
0.525862,5.063364,0.975922,-4.023523,-1.894148,9.819294,5.398363,8.036407,-3.273382,0.350046,1.746820,-1.902409,3.188124,1.760206,3.829283,-0.162655,-3.895903,11.034292,2.958416,0.667921,-0.296963,-0.471842,0.920870,3.800709,-2.342415,4.143368,-2.762672,-4.048347,3.136524,-1.413715,1
1.214809,-2.130703,8.358311,0.604284,4.340910,-1.072916,-1.879749,-7.165216,-1.485119,0.451313,-3.576085,-2.013052,4.259552,1.682943,-10.500049,6.518404,4.923210,-4.019048,5.015448,-3.085476,-0.271114,-0.003803,-5.211885,6.125286,-3.475086,2.654598,0.971210,8.640127,0.384958,-4.005800,1
5.402231,-3.005264,-1.816568,0.132496,7.480640,0.948111,-3.803644,-0.137089,2.302465,-1.963335,2.818012,-2.123096,0.832573,-0.768869,-5.180904,1.245596,0.350508,-15.921693,4.607723,3.726587,4.428074,5.160475,-1.387140,-5.037550,-4.903316,7.257647,3.975372,10.505579,5.460476,-5.419436,1
-5.058846,4.597582,0.796171,0.679548,3.874969,-1.924664,3.936975,3.415316,15.322430,2.929976,-0.442768,4.167803,-0.080631,8.452497,5.763056,-0.870750,-0.369555,1.304564,-2.681646,7.883591,4.687668,10.520210,8.407053,2.160589,1.576649,-2.990101,-5.350914,-2.718203,3.858883,0.725853,1
4.301161,1.719404,4.208097,-1.346497,1.297190,1.001284,1.426121,-1.005348,1.212698,-5.207232,5.835129,-7.981628,7.148092,6.445410,8.376240,5.530012,2.346468,-2.981447,4.089806,4.924400,2.392139,-4.621276,2.598227,-1.995800,0.810057,-1.064951,-5.312716,7.713978,-4.708643,-3.645333,1
1.092424,4.228622,-1.418844,1.827072,0.128496,-0.973639,6.547686,1.860233,-2.246731,-2.008760,-0.921673,1.618383,-4.915054,2.215771,-1.592438,-2.962580,1.528116,-2.716585,4.372843,2.786720,4.292767,-2.345242,1.198706,4.325552,3.553785,0.429157,-0.952875,3.903109,-4.420549,8.058704,1
-5.057365,2.257635,2.895617,-0.562908,-0.679766,6.661644,-7.034870,1.364235,2.413969,4.606705,4.438755,5.430676,3.130693,-2.189352,2.150137,2.754116,-5.762252,-0.829782,4.807631,0.107664,0.594961,5.062305,-1.307510,-4.840003,8.761429,6.954218,0.425133,2.826620,1.973536,7.787193,1
6.488920,0.366617,-1.563658,3.776371,2.719175,-5.057611,4.329762,-4.207805,-0.502062,-4.134849,-0.329273,-0.137062,-3.478767,1.105888,4.087317,1.709745,3.116488,-2.532198,2.236801,1.365114,-0.681128,5.278912,1.466496,-1.910395,2.123156,1.890938,0.657749,-8.754590,-3.042978,-5.833927,1
1.560192,2.356831,-4.520054,-0.221079,-2.585508,1.925461,-3.135139,-5.141988,8.367439,14.352261,-7.998816,1.528868,4.787582,-5.798353,0.852533,-6.624313,2.362942,4.749861,1.448799,0.736435,4.230017,-3.015152,3.247896,-0.846684,6.534222,0.950716,0.409565,2.116411,-1.294842,-2.853306,1
1.003736,-2.327723,2.898031,9.158630,1.532320,-3.971494,3.534718,9.609591,4.017672,-0.643812,-2.515156,2.416300,-2.052002,7.403803,2.161436,6.269291,-2.008499,5.460476,-0.489975,2.634148,-3.166656,-0.810791,-4.926509,4.795729,-4.640959,-3.851838,0.709227,11.888742,2.594545,3.716524,1
7.775131,2.871685,5.171139,0.432871,2.786844,1.214926,-2.375532,-5.592349,-6.884378,-2.913294,0.075941,0.592119,1.150236,-0.329504,2.913477,5.650331,1.766697,2.854553,6.158632,0.103220,-1.487299,-3.021629,-9.175871,4.338797,4.804972,1.626648,2.725138,0.897402,5.612633,-2.537252,1
-0.289478,-5.564672,11.224325,8.313026,3.796671,7.330753,0.918163,-7.341196,1.080984,-1.836462,-2.458233,0.021254,-1.366934,4.432131,-2.350565,6.136898,0.919565,-2.348007,9.655087,-5.951843,2.139214,-2.663433,-7.219452,5.722107,-3.010620,3.403725,2.223495,-5.117155,6.287312,-2.359264,1
0.581081,-1.877178,-4.100363,6.963537,-0.968409,-3.892529,-2.528076,3.386030,-3.285374,3.911407,8.547419,6.991564,-0.753675,2.646296,-4.737468,-2.831068,2.057680,4.024858,6.322342,-0.375086,7.203873,1.613914,-5.180101,1.279894,1.069107,1.242336,1.669523,-4.729635,0.402828,3.806137,1
5.369440,4.986311,3.926392,0.024612,4.812508,1.072201,2.761585,2.288778,-0.397625,0.788235,-0.878420,-1.216061,-2.630463,4.343527,3.805048,-2.789785,-0.748510,-12.280738,3.402985,-4.440390,-1.298267,0.138731,0.379890,9.043550,4.533028,1.882166,-0.425453,0.824635,6.387676,6.700939,1
5.484119,-3.417210,3.998446,0.449842,5.761400,0.781708,-0.437075,-2.203794,5.941442,1.738672,-2.101059,-0.930283,1.876062,0.622507,4.959278,7.520140,-2.262264,5.594944,-8.221172,-1.569307,-0.646841,-4.482409,1.111582,-3.441854,9.167267,-0.045126,-0.938745,-0.489014,-3.016094,-4.385863,1
-1.753025,-1.136866,-4.626276,-11.615065,-2.257584,1.258932,-6.258310,-5.367446,3.844072,-5.018222,4.519526,-5.351462,0.303425,0.798168,-4.019944,1.658106,1.866903,-1.982313,-7.123755,7.486526,4.744545,-5.029304,-4.633287,-0.880737,4.144770,2.457607,-2.739403,-5.026926,5.344421,-1.111435,1
-0.437384,1.213331,-4.015074,3.965355,-0.461985,-2.992228,-0.705568,-3.935760,-0.787199,1.656958,-6.410783,4.930248,-0.533937,-0.183697,5.828314,1.966764,-0.190546,-7.004249,12.243067,-0.060026,3.229744,-0.850054,3.545843,2.223457,1.030785,4.629814,1.451990,-2.448233,-2.390680,0.034115,1
0.526709,-2.165537,-0.142769,0.654867,-1.309845,-1.984346,2.870998,5.499577,3.472204,3.223310,-3.679587,4.462595,6.930758,1.963219,3.006203,5.526821,2.493317,-1.540199,0.667164,2.416405,3.145983,-0.244734,2.756138,7.583271,-0.059187,2.821924,2.919275,1.670662,4.200632,3.549551,1
4.774832,-3.766026,-4.947008,5.473860,-9.095672,0.560905,0.810493,7.446661,0.120558,2.327457,-2.544752,-2.363644,2.245880,1.096584,3.014202,1.361645,-0.053732,5.997648,3.788158,6.235826,-2.203766,0.504074,-3.896441,-9.734321,1.476091,-3.678414,-1.833836,1.083149,-1.588932,-3.277462,1
-1.133514,-1.023993,-3.852375,-3.308277,2.248249,0.997784,-2.289108,4.014046,-2.224724,-0.579737,2.253574,-3.056376,-0.791561,-1.278315,9.007120,4.804665,-1.931885,-1.440212,6.216021,1.310429,-4.147330,4.288349,1.528410,1.998108,-5.179349,-0.174696,3.666187,3.781067,2.213484,3.846073,1
3.363480,4.193789,-1.280767,-6.398227,-2.197762,2.590918,-0.348866,4.418537,1.315546,-5.942459,8.285318,0.265297,-2.927719,1.615131,-1.108191,-9.514902,5.229734,4.066448,3.060556,-1.107502,1.250484,-3.151022,-4.193146,1.227209,0.503952,-1.648781,1.102911,-1.779753,7.045095,0.025824,1
-3.700294,5.615559,3.005604,-0.812286,6.688240,1.259750,-4.652592,0.429899,2.941677,-1.610418,-2.034027,3.660437,-3.071014,3.524696,-2.746700,0.529541,1.894054,4.283573,-1.001986,7.255526,-5.550295,2.662495,14.190071,-3.714258,0.400032,2.047886,-3.976430,1.925350,5.094179,3.291388,1
0.022316,4.630541,-0.346191,-1.538910,-4.848326,4.027887,-1.170589,2.979126,-1.940897,-0.713636,-6.399263,9.120829,6.062397,9.142481,5.707235,3.754883,0.636917,3.696318,0.663546,1.192118,5.171124,3.272974,7.422638,-5.672303,1.867607,1.645334,-2.599409,-2.267632,-0.482321,7.304007,1
-2.754440,5.212521,2.059061,3.137615,-3.608400,2.883961,2.957325,-3.120527,-0.860826,1.968040,-1.932074,4.211849,6.558187,2.954916,3.204979,1.567814,-1.038128,-2.481623,-1.063789,1.008018,-4.652082,-0.650482,-1.247938,1.146276,7.131018,2.220024,8.578096,4.969873,2.832842,-0.413589,1
-2.392395,-5.382155,-3.673744,2.462101,6.145119,3.465038,3.345758,1.127546,1.256538,9.220850,3.882933,6.077339,1.713215,5.973364,0.517765,4.872305,9.828299,1.032391,-0.149260,-2.627768,5.190920,-0.428596,-0.903717,-6.213129,1.827818,4.057470,-1.842701,1.471029,1.574244,4.226631,1
1.244209,3.531197,-4.670866,-0.557093,1.799259,2.889549,-0.953627,1.475788,1.413319,5.178543,5.370073,-4.413630,-2.219374,2.823526,5.659746,0.181839,4.236897,-0.661831,-2.230713,2.489727,-1.304028,2.180367,-0.382782,-3.729774,0.237186,2.857037,-0.239723,4.143520,2.660749,4.607601,1
1.486025,0.977224,-6.820479,-1.799719,5.865534,2.235073,-0.189163,-4.934845,-4.350140,2.345577,11.694338,-3.136238,-0.334509,2.717476,3.214088,-4.680458,2.823267,5.448290,0.278437,3.801580,3.583588,-2.568729,-3.484570,-4.475020,-2.252411,0.758375,2.232197,7.582434,7.765341,4.415869,1
-3.722939,-0.836874,2.418716,-0.212271,7.388098,6.034733,2.741638,-2.400143,-0.769066,8.527031,6.597084,-4.193734,1.664448,-3.833785,1.380714,-3.398941,4.126602,2.309845,1.310156,5.767897,-0.119808,-1.257292,3.042858,2.043076,-4.914902,1.251129,9.873201,-4.105572,-0.243017,-1.076063,1
6.973730,-0.321621,3.421129,-1.900099,5.940203,-1.201017,-0.221006,0.364403,-3.621202,5.482885,0.730389,0.529001,10.265663,-0.842730,-1.229853,-0.177534,2.856441,-0.243336,2.686672,7.696915,-0.946356,-0.711618,-0.713377,-6.343609,5.279713,6.092613,-0.747410,-4.216310,-3.930288,9.219242,1
6.468187,1.899780,-2.196049,2.548862,-2.658323,3.376852,-0.829033,3.402630,3.227970,3.630709,5.633570,4.230434,-0.720304,7.539104,-5.729554,-1.725365,1.303240,5.024147,11.312700,-2.169777,5.262331,-2.607925,3.284077,-3.982108,5.422070,-5.044593,2.111523,1.769758,11.111860,-0.411070,1
1.510239,1.286263,4.489429,4.900257,2.993996,-7.601323,-5.274960,-0.578535,-0.176357,0.200739,-4.813449,-0.784887,4.585567,-0.796432,-6.712567,2.784212,0.945431,14.189987,-4.190020,1.570728,2.316282,-1.165905,-2.403095,-1.303762,3.975695,13.755268,3.212458,1.557152,0.305927,-2.630459,1
-2.188204,-4.618177,2.026533,-0.683445,-4.649446,1.088259,2.918146,-4.382470,-0.093029,7.066833,10.491346,2.863054,-4.938601,1.665379,-1.322502,0.392799,-0.487476,-0.258751,8.396688,-2.808239,-3.762715,4.850822,-3.368814,-2.420307,-4.417936,-3.683151,-2.993153,-0.313923,-1.395952,3.759487,1
2.520082,12.702274,-1.013914,2.036871,6.269627,3.409990,0.995794,1.685135,-2.114607,-1.598824,-0.696409,7.199274,0.959934,2.912634,-4.831844,3.914270,1.870893,-0.014521,4.509161,-1.723757,3.874960,5.892881,6.799376,-3.559105,0.719915,4.171253,2.561195,-4.546112,10.902254,1.767319,1
7.402243,5.797304,3.650225,4.390083,-7.328197,9.773672,0.232172,-4.717568,5.598696,1.199913,0.724951,2.915152,2.649025,0.201506,-1.100555,0.054939,0.324821,2.544254,10.723856,7.577274,2.321548,4.182625,3.784025,2.727411,3.721214,-2.404577,5.684103,2.535641,2.746765,3.076338,1
-1.133598,1.974932,0.034050,8.968763,1.817062,0.099586,-1.455875,1.187822,2.480925,1.624205,-0.194744,3.848463,1.062353,-4.498371,4.704313,5.052900,-3.286524,-3.177832,2.045452,0.050755,9.507307,4.218735,-1.049398,3.908070,1.042324,-3.714387,6.837379,-3.804931,-1.448557,-4.943718,1
2.867043,3.504873,6.547543,-4.830505,-0.323252,2.199923,-2.633650,-4.847362,-1.715826,-1.385660,-1.493244,0.719662,4.120813,2.072315,-6.524684,6.665535,-0.426712,-0.257666,-0.424046,-1.093815,2.700987,-1.823864,6.659361,-3.966956,5.199535,-0.177353,1.013914,7.744976,-1.876688,1.219181,1
-0.755688,-3.331947,4.436195,5.850882,0.670849,9.577883,-6.036226,-1.700645,-3.254494,0.974691,-0.500444,2.333378,3.690458,4.842194,-1.655540,9.529547,7.958010,1.366528,6.389738,3.210266,-5.630944,1.173014,-2.802607,-3.032387,-4.205915,1.004133,4.095078,3.405474,-1.218800,1.520529,1
-5.935557,3.366331,2.882771,4.671091,0.840359,-3.828155,8.186020,-0.769426,-4.641771,5.431799,4.164898,-0.562769,5.593653,-5.712934,5.327591,-2.292385,15.896252,4.427860,-3.384497,1.156691,9.981022,10.808750,-0.925346,0.386139,-0.799290,0.550110,-7.230341,7.030319,2.429356,-2.752848,1
0.273548,2.463869,-1.522867,5.400133,7.553432,-0.325478,3.191410,-8.150140,1.205713,6.356586,-4.454943,5.767715,-1.629202,0.194983,-0.882799,7.434767,-5.138165,4.391924,7.625961,4.959873,-0.603649,-0.414335,-0.487310,-1.901920,1.535233,-4.999967,1.685991,-1.416079,1.104881,3.416300,1
-4.336347,1.430677,4.775429,-8.134274,-0.688320,-0.496101,-1.537321,1.084021,4.513304,-3.580193,1.061790,2.535927,5.861847,7.367321,5.334736,-2.017984,9.222359,-7.844453,4.369701,-1.318558,7.626114,-4.378117,-2.902597,-1.291170,-0.451803,1.339748,1.078402,-1.024515,-1.719046,-0.732182,1
5.319653,-4.570291,-4.764087,0.712805,1.419609,-0.255650,0.033485,-3.702745,0.744944,-1.125933,-0.490826,-0.022444,5.116468,2.422647,-0.584188,2.932201,-1.933409,-1.792385,-1.506985,4.886530,3.895582,1.701603,5.963362,7.919670,-1.328297,-1.619354,1.727905,2.497490,1.377352,-1.458347,1
-0.739899,-6.850601,6.335554,2.277180,-1.237057,2.201122,-3.902545,9.293930,2.732290,-2.346769,7.958305,4.118708,5.174889,-0.432005,4.451365,2.303566,6.009222,2.528297,3.737421,3.991257,5.721582,-5.223622,0.252615,-1.454615,1.327507,7.690403,2.061495,-2.129959,-1.847250,-0.732624,1
4.759541,-0.677361,-4.249247,-1.347347,-5.730815,-1.747078,-1.380863,7.738729,4.615828,3.003050,6.763187,0.185289,-0.183731,1.942894,-7.956593,-3.729118,-0.493834,1.800764,-2.355667,-0.755276,5.190071,-4.793198,-0.262983,-1.953302,-1.589752,2.511671,9.586954,-1.063625,-1.894152,8.046209,1
0.062323,0.725780,-6.649819,7.633511,-10.091861,2.831600,-1.956102,0.534538,6.409010,2.056374,2.116165,3.861601,2.724804,2.442312,-3.597676,-1.689341,3.032103,-3.638646,3.638580,0.230591,1.085833,-0.421021,7.917343,1.915741,1.680437,7.684620,-4.543935,6.164717,3.736284,3.921335,1
1.569944,-10.441553,-1.869471,3.495392,3.784201,1.973888,-4.511917,-1.034401,-1.491631,5.645475,2.815643,-1.646954,8.016405,5.247017,-7.265608,2.804810,-2.739882,3.220598,-2.589161,5.949371,2.291697,1.501232,5.066828,-2.446932,0.323656,-2.374765,3.231258,0.111885,0.784803,2.014288,1
-2.145172,3.366138,-5.003890,5.171505,-3.857570,3.330791,4.759325,3.667316,2.829500,-5.301912,2.731853,0.376575,2.433395,2.120113,3.535082,4.036589,9.233192,2.444874,-0.798943,0.662340,1.351477,-1.520733,3.295792,-0.047356,0.332720,1.668186,-2.254847,0.876938,-0.966875,2.117214,1
5.569553,-4.830462,2.411833,-6.563694,5.256227,-0.272839,0.709196,0.736847,-0.645315,-0.115858,-0.121078,5.803467,-7.922957,2.819017,-1.038803,2.957277,-0.672178,-8.654338,-1.208584,-3.109402,8.012495,6.995184,-1.423376,3.702335,-0.878426,-0.978029,4.710764,0.426409,-0.991951,-3.409929,1
-2.121494,-1.310186,1.921440,0.263027,0.653862,-0.771252,0.579473,7.599977,1.319109,5.525526,2.751717,1.429430,-1.897383,-2.552649,0.420359,0.764294,4.680714,5.468922,1.145790,3.130114,-0.474323,0.953302,4.972498,1.223848,10.242937,6.384476,-1.443193,-4.184676,-3.203375,-6.364663,1
-1.788717,-3.596571,-0.331026,-1.405762,6.622683,3.392620,1.664671,-4.721969,-0.461996,-2.036961,4.681715,2.786989,0.973936,-2.748669,2.354683,-0.723833,1.770683,7.106495,1.243221,-3.500021,3.660957,5.062765,3.416464,5.705147,5.272604,4.552406,-3.630771,-2.576057,0.660822,1.476601,1
-0.088053,1.043833,3.268482,-1.355234,5.963192,-1.111435,5.780064,0.286076,-2.413712,2.979399,3.785872,0.659002,2.226366,-5.038405,6.068735,5.267210,4.047001,3.863897,-2.119678,0.632803,-1.884735,1.559027,-0.458168,-1.037655,4.476881,-2.399689,-11.648667,5.000071,-3.030638,3.243387,1
-1.833982,1.038059,0.508078,0.956198,0.691095,5.658382,1.904591,3.992626,4.220310,6.145361,2.250895,6.598185,0.354700,-2.778397,-2.303120,-1.723917,-1.666418,1.917442,-2.324413,-0.100994,3.951502,-2.733969,11.134096,10.687418,2.879530,2.304438,3.209991,-0.097118,-0.535366,-0.163374,1
10.850975,4.549480,1.581505,4.849869,-2.156042,7.277187,-1.340582,9.278103,-0.434759,-4.808795,8.353518,-5.180636,-1.007450,-4.766001,-1.215063,10.069653,0.962086,1.996655,-3.895406,-4.611086,2.246328,5.410965,4.316069,-3.768961,2.730171,-0.538525,4.398533,-0.239798,4.975002,6.154835,1
2.988430,0.324448,8.463520,7.309782,-11.760252,-3.163656,4.649694,0.528858,-0.762978,1.805639,2.332006,-1.770443,11.554800,11.622478,1.903910,9.659983,2.487751,-0.664196,3.382191,-7.273309,3.395161,-1.404749,2.236530,0.717676,-0.227436,3.297802,5.300322,0.927343,-0.195141,0.921827,1
0.297457,-1.548418,2.833406,5.052809,-2.763105,6.456345,-4.495074,0.079712,-0.447025,8.817801,7.914909,5.737000,-3.715691,-1.335312,-0.622871,5.248573,4.269199,-0.780981,-2.956984,1.339386,-1.443733,1.224850,9.010521,8.369644,5.354263,6.124622,1.222019,0.260767,0.021948,-3.468040,1
2.595964,-0.340895,5.401937,-0.252439,1.979244,0.669405,2.887693,2.971554,0.403532,1.174709,2.953600,4.615782,6.658005,-0.630768,-3.088770,-4.412380,-1.612755,2.623692,9.060764,2.551300,5.261299,-1.330711,-7.796627,-2.134016,3.279198,-0.875494,1.872824,4.943352,1.621128,6.758108,1
7.435019,1.868555,1.497643,0.043736,12.888683,-3.871434,10.250029,-1.715771,3.710155,-1.154285,5.498379,-4.741903,-3.812385,3.849468,3.362724,0.041098,3.371569,5.009338,1.027962,-2.693178,6.249969,3.188297,1.992823,-3.118557,0.276737,0.929525,-5.287583,-0.988663,3.522297,4.585016,1
-3.502007,5.011459,2.425455,1.552107,-0.293575,1.626829,2.030252,3.833319,-4.137122,-3.279888,-6.187689,-1.505329,6.928497,-3.836788,-2.990723,4.825245,6.094967,4.300238,3.264198,1.654448,1.093637,-9.012055,-0.942122,-6.060768,-5.057171,0.270592,9.913441,-3.442038,-0.757631,-1.155443,1
-2.017654,2.662003,6.221275,4.265816,4.922266,2.324081,-3.335207,-0.376657,2.504412,-5.723094,-6.021418,4.573339,-0.060656,-0.443007,5.073318,-0.944569,6.240114,-0.437447,6.699192,5.555624,2.874140,-0.487057,1.179010,4.532303,-3.261766,2.005692,0.893135,-2.198656,6.568260,5.479120,1
-6.880745,-1.532965,4.602171,1.389055,2.076920,-4.523241,-0.750172,2.708181,3.147371,-6.657413,1.809488,-3.994760,6.747698,-1.558956,1.559586,0.134113,1.541756,3.874725,10.238424,-0.244450,2.778774,-9.565598,7.950827,7.268520,4.696516,-0.324413,2.301395,3.847603,-2.322048,1.534319,1
4.540541,-4.367147,-4.329605,-1.793514,-1.008801,4.494877,11.838869,-0.991514,5.977528,5.963779,3.589016,11.418707,0.095304,-7.177757,-2.513020,0.006300,2.388062,0.323559,1.942453,-3.797066,-1.171375,6.265818,-2.639425,1.574442,2.905434,1.743885,-0.580460,-1.309778,7.720657,2.933729,1
-2.863909,4.398829,-3.308994,-7.574927,-1.968403,9.318893,-8.555389,3.126400,-9.623939,-0.404118,1.110895,-4.528446,-4.025620,2.789656,-0.950695,1.045746,-3.857817,-5.931398,-1.508316,6.291727,-0.426245,-1.454262,3.745407,0.513985,-8.310409,0.929638,-4.014027,-0.213835,1.032827,-2.238583,0
1.321877,1.050426,1.396658,3.749144,2.233356,-5.360525,0.810566,-5.354778,4.660202,-5.632920,-1.337137,0.017603,1.710289,0.023380,-0.034798,-2.100733,3.236546,5.154896,-1.213570,-2.266241,-5.002682,3.467575,2.874878,-1.960945,-2.651999,-6.414268,1.080681,7.037769,0.968304,4.115448,0
-3.439423,0.571499,-1.644663,0.271999,-4.808578,-5.589011,1.167168,-5.824341,-7.892179,-5.934758,-3.364679,1.857672,3.320566,-8.565676,-4.248140,0.176954,4.587568,-10.828394,-5.489019,2.115728,2.219662,-0.900833,1.098122,-5.701902,-3.545952,0.942881,-0.576874,4.678263,2.471775,-5.103745,0
-5.520660,-2.420216,-7.157467,-7.659468,-9.399242,5.507154,-5.709553,-3.399570,-2.308064,-8.180904,4.093039,1.882801,-2.533508,3.225359,0.369984,-6.009937,0.167721,-1.209454,2.858572,7.548727,-5.442028,-1.543596,0.893026,-4.045368,-6.559756,-9.341259,-7.514902,-7.297763,0.922342,-3.461729,0
1.983616,-2.371765,-4.830784,-6.446023,-3.521517,-2.880554,-2.693855,5.072628,-6.838938,3.997423,-7.077229,-0.034412,-0.097954,1.184446,5.306873,2.536608,-2.240206,3.110947,-3.353445,-3.056692,-5.102690,1.789370,1.415316,-4.726629,-6.423121,4.593670,-3.417927,-0.287249,3.122717,7.496487,0
0.147713,5.252813,1.543215,3.789755,-0.831141,-0.377018,3.771751,-2.036123,-0.747137,-9.651559,1.493179,4.944407,2.772484,0.380867,1.923637,-0.866323,5.967815,0.326475,0.044373,4.819893,2.206976,4.428774,-7.354521,6.701681,2.321789,3.050150,-0.105564,-3.913263,-0.768919,1.043875,0
-1.333584,-1.494175,-3.230682,-5.838799,4.381842,-3.748356,6.122892,-0.823336,11.052246,1.683161,-1.904457,1.735352,-7.238757,0.072981,-0.431696,-2.590342,0.183672,0.341803,1.984047,3.563532,-5.033318,-2.145906,-0.984978,1.032145,-0.025101,-2.457186,-5.717830,2.792091,1.085583,-2.132591,0
-4.771784,5.530693,-7.381136,-0.668667,0.902580,-0.144754,-1.896641,1.341080,1.587540,0.774893,3.823738,-7.527034,-5.917540,0.020628,-10.004685,-5.562630,-8.092237,-4.847986,0.430323,3.901947,-1.602545,-1.708321,-6.230371,-1.826044,-2.482956,1.248438,-6.451029,2.815155,3.543367,-0.529860,0
0.425072,-7.861625,-0.670681,4.166780,-7.676270,-8.189272,4.489468,-6.705376,3.164165,-4.514252,-4.364138,-5.616511,-8.062043,4.614105,3.112265,-10.339093,-2.915150,2.354000,0.342979,-6.244880,-2.673473,0.676615,3.381367,4.236809,-2.685160,-7.339345,-2.786976,-6.347919,0.250273,2.717356,0
-3.880941,0.606020,1.246065,-6.446782,-4.322346,0.948322,-6.656902,-4.933353,-1.149166,-9.457172,-4.997202,0.221519,-0.145418,-1.713379,0.263899,-6.746157,-8.336913,-3.092171,6.902050,-6.931472,-2.401331,2.900789,-6.223645,-8.208697,-1.371481,1.609018,-4.753218,-1.978611,-2.609541,-2.918221,0
8.102104,3.169455,-1.626415,-5.605043,0.184134,-1.195570,-10.779741,3.687447,-4.632143,-11.843189,-7.730126,1.289795,5.653587,-4.023283,-0.083395,7.765715,3.533421,2.924196,2.489967,-1.983778,-3.334082,0.112955,-0.373859,-2.350203,4.526546,3.757397,-3.095718,1.331949,-4.048584,-0.592909,0
3.773655,-11.215900,-0.045801,2.436125,-0.058548,1.753826,1.375740,1.924089,1.141832,1.059425,-0.050779,-7.608896,-3.111279,-4.501663,0.312391,-2.709711,-7.694594,0.438211,-1.769529,1.199860,5.503284,-3.790781,-0.130384,3.489275,1.919565,5.752932,0.391226,-1.996822,-0.801867,-3.664835,0
0.178049,-0.982456,-2.991123,-5.392782,-5.060564,2.702528,0.135672,4.799652,4.603365,1.546101,-3.070646,6.690784,0.489902,5.351591,3.438366,2.644600,1.213633,2.064045,4.534317,-6.597198,-6.601940,1.455517,-2.855991,-4.311056,6.652666,1.167242,2.530390,0.028357,1.777760,2.006681,0
-3.146749,2.770544,-0.405102,-0.880085,-3.689827,-6.060294,2.154686,-0.838959,-0.724222,1.105629,1.717297,-5.853033,-0.794374,3.800583,1.799311,-4.223349,5.622536,-2.740208,-8.030700,-1.659834,-2.706099,-1.246599,-4.633694,-5.056509,0.321976,0.742527,-3.487114,3.844885,-12.430910,6.708330,0
-1.812130,1.912067,3.230228,-3.478485,-1.700928,6.015745,2.198982,-4.229099,9.096586,-1.847527,4.879747,3.840872,1.701092,-8.201046,-1.854382,-2.140827,-7.439440,0.894260,-2.772240,3.523937,-5.375074,11.481865,-2.003447,-7.385338,5.115271,2.968536,-0.521049,-0.462299,-3.995054,5.633087,0
-11.528377,-0.694332,6.625637,5.077984,-1.723980,2.492821,3.836683,-7.429719,-4.705275,-6.744125,1.839300,1.323521,-3.776039,-2.131165,-0.261349,0.634293,-2.147722,2.866417,-4.327051,-0.675156,0.714418,-1.695858,1.528828,2.125534,2.090454,-5.816116,-2.873411,4.310928,-2.781319,0.123627,0
-0.096186,-4.088640,-4.411556,0.442329,-8.604470,-3.423830,0.319782,-0.845045,-0.917923,-5.252935,-1.192009,-2.350780,0.840746,3.040602,-1.297859,1.448782,2.586603,0.087984,-2.581764,-1.439245,0.929012,-1.992847,-5.870899,1.666677,-3.454063,-2.839115,-2.803129,-3.024658,-2.478540,-6.221799,0
2.353060,-4.090078,1.755932,-0.022423,-9.241838,-0.772867,-1.646542,-1.444515,1.691875,0.371693,0.558851,-0.914143,2.945726,1.457987,-3.027861,-2.986145,-0.770723,-0.965097,4.294968,4.946676,-2.743767,0.234341,-3.337370,-6.303040,1.749582,-1.689058,-8.171774,-7.869713,-1.296072,-6.270157,0
-2.931282,-0.575672,-1.241381,4.947031,-6.183201,0.438669,-3.338591,-3.247366,-6.486022,-7.296147,-0.506018,0.990211,-5.999651,7.726341,4.131750,-4.082121,1.299084,-0.236532,1.901701,1.750927,4.785278,2.463036,2.308077,-0.171379,2.403866,-6.761160,-2.029362,-3.462526,0.676476,-5.707253,0
-6.990645,1.180349,-1.991842,-1.574621,4.470955,-2.019838,0.392519,5.593161,6.740528,3.236839,-0.677284,-5.441374,-5.420883,1.391037,-3.779211,-7.631721,-6.673378,3.585079,-11.032024,2.535233,3.330921,-0.584698,-1.198065,2.170696,-2.237297,-0.835436,-0.695393,7.555300,2.599287,-0.530933,0
-4.704372,0.559172,-2.945816,-6.985412,-0.739389,-0.708590,2.254141,-0.167978,1.982906,-1.144220,-0.330933,-2.991806,-2.832283,-8.038188,3.943703,-1.808786,1.519873,-0.893320,-3.716949,-4.177801,-3.764313,-2.905828,11.782516,-1.120705,-1.855579,-2.526258,-2.836580,-2.681231,-0.153402,-2.758966,0
-4.150507,0.338566,4.258591,-4.564590,3.353725,-3.066944,-1.452538,-6.346560,-3.303823,-1.073732,-3.433744,-4.644159,-0.425333,-1.335846,4.566710,3.709091,-3.750889,-0.109259,-2.217518,-2.355764,-5.517347,-4.137676,-7.784126,2.255245,-3.202988,1.295162,1.411406,0.904234,-2.657686,4.752895,0
-3.438160,1.431389,-11.725244,-2.298828,1.770056,-1.616455,1.526693,4.039452,-8.727380,0.008799,0.535368,-3.104237,-0.329943,-1.069906,1.046535,1.849888,1.056566,9.452330,0.057663,0.797520,2.857859,-1.071903,3.848967,-0.618654,0.596884,-4.659874,-3.289289,3.853123,-0.973595,-6.790476,0
-2.954802,3.752951,-4.541430,1.662394,-3.615028,-4.296129,1.749310,1.563585,-5.898327,-3.648096,-6.050700,-1.703600,-4.961367,1.274351,-4.174044,2.240322,-3.724831,-1.522734,2.352133,-1.639618,-3.285267,-2.141140,-2.262770,1.402941,-1.190142,-0.087612,2.436028,-8.055150,-2.645500,-3.782255,0
2.408873,-5.480207,-8.302895,1.615276,0.025284,-4.202047,-8.540734,2.498726,0.440508,-0.709288,-3.384928,-4.800764,3.102379,-3.030012,5.572069,-1.132271,-1.151781,2.718992,-4.522902,-3.674959,-2.840496,2.939144,-8.732628,-1.455851,1.220539,-1.386404,4.904860,6.382965,-4.406549,3.767092,0
-1.289602,-5.350130,1.224861,1.939516,3.464012,-1.199528,3.598526,4.680565,-0.632013,-5.997070,1.003765,3.495268,5.472643,0.501358,-9.086697,-3.947374,-3.548569,3.911833,1.336485,-3.620880,-1.106161,-1.038389,4.391638,-0.830334,-8.527039,-6.806365,4.607212,1.185879,3.191029,-3.963207,0
-0.822840,2.242887,-0.126236,-4.027796,-9.240131,-3.962683,-3.263926,-3.067904,-10.435980,-1.921024,-6.544311,-3.534544,1.476164,-1.673460,0.224493,4.059258,-2.074091,-2.492544,3.164743,-4.260952,1.648283,-10.874770,-1.843752,0.456844,-0.593910,-1.101477,0.458973,-3.793520,-0.080633,-4.824766,0
2.907589,-5.757769,1.165766,-2.919037,1.271582,-3.440144,-3.096834,3.495346,-8.005379,0.593687,-5.427446,-4.856686,3.257067,0.824888,3.865768,-0.871334,1.636448,-4.474417,-3.032225,4.603889,-3.395105,-7.879720,3.768217,3.965704,-2.359169,-7.530201,4.676538,2.387997,0.832642,-3.097900,0
0.667839,8.930540,1.413977,-1.322784,-4.382208,0.352879,2.522734,-7.261551,-4.236078,-1.575436,-2.477339,-1.673689,-2.254745,-1.371546,-0.190449,-5.901786,-5.815944,-5.438406,3.605387,-2.172647,-1.241661,1.995872,2.212536,-1.596952,1.264034,3.181152,-3.907398,-2.313351,-3.690674,-0.525208,0
-1.945312,1.187681,0.123466,-1.086702,-7.678961,-2.122137,-2.519949,0.680901,-5.858065,-3.703869,-0.789759,-0.534594,-3.105965,0.831917,2.766811,3.490660,3.346432,5.630697,0.446115,-0.066841,1.447987,2.670588,5.059549,-1.558834,1.064638,-2.479771,-4.799152,0.073978,0.151983,-3.752174,0
-5.702923,-2.005823,4.639114,3.426075,-2.163736,-1.085218,-3.277372,3.517622,2.183500,-1.067484,0.532581,-1.278538,2.269299,1.963547,0.525639,1.557833,-4.728632,4.640818,3.042734,1.764256,2.326363,-0.935814,-10.762012,-1.942904,-3.631029,4.734644,-1.598286,-1.727877,5.280870,-12.343078,0
-2.196583,-3.098349,-0.516563,-2.614120,-0.671270,0.957220,-2.237658,-5.965720,-7.674107,-5.867094,-7.059762,-2.773447,-6.621159,-3.649509,-1.247135,0.386068,-4.672050,-0.227970,-1.064234,4.311884,3.333193,-1.548555,-4.592117,6.338795,-7.623041,-1.816933,7.643532,3.912758,-7.255199,-4.025991,0
-9.967842,-2.232506,-3.937099,-0.461460,-2.760191,1.905907,-1.215366,1.285704,-2.788877,6.803793,-4.037737,-3.499487,-0.858841,-8.859632,-1.170416,5.952492,-5.590578,-10.821503,1.428747,-3.521835,0.096434,2.315296,-5.722468,-2.773087,4.492233,-0.659988,-0.301676,9.539827,-5.697594,-0.859962,0
-2.747837,-6.077084,-2.052299,-8.844683,5.546722,-6.894834,-3.693655,-1.170134,4.971830,-8.929499,-0.513445,3.869200,0.972038,-0.896568,1.688391,-3.471651,0.838476,-2.724886,4.039970,-5.598659,-0.465473,-2.678242,-3.760464,4.096926,3.116558,-8.201946,2.841652,-1.984560,-1.135605,3.834772,0
-7.565963,1.351225,-8.137487,4.368700,-0.555084,4.910233,0.041067,-2.139837,-3.306149,1.140245,-2.099539,1.711273,-1.144747,4.387722,1.509558,-2.318312,1.150547,-4.634701,0.925976,0.615822,0.352310,-1.936741,0.993065,2.163696,5.966963,-5.382355,-2.190216,0.146975,-6.213434,3.657419,0
1.335947,-8.878352,4.056641,3.255697,-2.111294,5.398029,1.721836,-2.570675,-8.025431,0.375648,-3.349030,-3.216322,-5.197071,-5.863285,-2.480671,1.510166,3.671934,1.615915,-2.593031,-5.093224,3.124256,-2.507093,5.185360,-6.143590,-5.038401,0.250107,3.774473,0.660429,-1.281612,-0.671013,0
3.000866,-0.963058,5.570255,-4.239597,-0.009056,-10.297069,-1.590719,-4.146955,-3.241228,-1.829201,5.604916,-2.867685,4.358803,-0.078766,0.178326,-6.812012,-1.818275,1.532772,-0.493526,2.418379,3.188604,-0.716022,3.718243,-3.016798,-4.658012,0.158796,-3.062090,-4.417088,4.657150,-6.223277,0
-1.306299,-3.675415,2.236530,-7.578506,0.623255,-9.239767,7.014942,2.046707,-0.205282,2.902033,-1.496420,-5.664615,-0.593584,4.077366,3.665457,-1.313143,2.172899,-0.843603,-8.357645,-3.256020,-0.805698,-6.815580,0.713652,-1.118044,2.791178,-6.143668,-5.120792,-3.143538,-3.622990,8.816500,0
-5.296755,4.430370,-4.820518,-4.533348,-3.424492,0.025482,-0.084734,-6.187481,-12.384566,-3.614172,-3.567844,-1.208405,-2.923334,7.122829,-1.188395,-4.005005,1.681589,2.411428,-5.600533,2.984602,-0.205311,-2.887344,-0.597151,9.082375,-2.728092,2.442663,0.285082,-2.794071,1.904915,1.616030,0
0.056618,2.054203,0.816217,-9.165943,-7.941195,5.620531,-5.103216,3.709547,0.010134,8.001549,0.667412,-5.399912,1.045172,-3.077938,1.346992,-1.017595,-0.414639,4.527588,0.910173,0.898592,-0.352852,-5.662719,-3.144640,3.387178,1.089813,1.269674,-3.161451,-6.989804,-2.773806,-1.209496,0
-3.482788,-9.151542,-3.063061,-2.764179,3.942652,1.394003,-2.503706,-4.641689,-1.742180,-3.099855,6.351191,3.487123,1.701679,1.726501,4.681698,-2.245573,0.675650,-1.678862,2.650557,-5.968898,-0.126425,-6.045897,3.409393,1.889467,-2.232857,-5.536798,-5.265491,0.313927,4.515102,-7.466043,0
-0.799614,-4.532543,2.376265,5.594109,-2.030081,-2.108475,3.028021,1.742889,0.473061,-3.096972,-4.674639,-0.105206,6.393547,3.574663,-1.723171,-7.933275,2.491062,-0.758512,-5.771141,-7.775052,2.146097,-6.617596,-0.071932,-2.555794,0.840677,-1.955240,0.495930,-1.998108,0.134613,-3.201761,0
-5.298235,1.254904,1.815006,-6.512964,5.623800,-0.231968,-3.189550,-4.958700,2.547804,-0.012257,5.957865,-4.907343,0.962391,2.447411,-2.126158,-3.188955,-5.098553,-4.123440,-3.210028,-3.877579,5.605572,-4.465790,-9.842336,-10.066784,4.082031,4.819414,-6.740691,6.140379,-0.073299,-3.100719,0
-6.463814,-6.953656,0.910551,5.581299,3.056612,-5.336578,-1.114834,-1.000687,-5.297890,-3.801279,-6.134628,10.315811,-1.737698,4.960651,1.497580,-0.488743,0.942083,-7.820585,2.124632,-3.850611,2.340746,1.715591,-3.844120,1.751945,0.445166,0.556614,1.533566,6.139637,1.630379,0.091438,0
-4.182434,-0.889362,-2.718456,0.408422,0.152285,-0.718086,-3.470041,-1.129997,-2.920353,3.581669,-6.172550,-1.459618,-5.225023,7.100296,6.874025,-8.608668,-4.150238,-2.673346,1.366131,-0.586527,-1.262623,0.160057,-3.225779,2.282513,-3.326803,-2.961668,-5.121853,0.354952,3.952497,-8.879331,0
-2.781115,-1.239025,-2.585796,0.094193,1.529003,-3.859421,1.896715,5.740969,1.368074,-1.876656,-2.827105,1.399271,-2.198195,-2.341505,-0.820761,-2.757425,-3.702976,9.189981,-6.623950,3.174839,-5.904526,-3.645229,-1.330231,4.859758,-3.451517,2.376083,2.505121,-4.674341,-5.089041,-4.004028,0
9.390390,-6.838104,-0.275469,-2.958448,-4.963854,4.306391,1.674454,0.878382,-4.857399,-2.821878,-3.032166,-0.846161,-4.658997,-3.966066,4.716404,1.896267,1.041656,-1.616041,4.583181,-1.448597,-10.244513,5.751501,-2.273560,-1.056515,2.621920,0.323109,-1.857086,5.370060,-2.458136,-2.057831,0
-3.986885,0.455862,-4.049883,3.701534,-1.037991,2.782665,1.121977,-2.612333,2.412249,-0.016960,9.799198,-6.764924,-3.665596,-0.685642,-3.910862,-0.983049,-2.841673,1.199568,-1.212229,1.969465,-8.087275,-2.570963,3.721106,3.394316,1.654497,0.614056,0.312248,4.871632,8.356731,0.992481,0
4.078016,-0.070597,2.148205,-1.772808,5.269011,4.001791,3.683939,4.366819,-2.829456,-0.576387,-10.191272,4.285427,-7.423978,-8.654160,2.904057,-0.597612,4.204666,0.256941,-3.789858,-1.644958,0.517605,-9.342490,2.832478,0.754343,-5.592628,4.858408,-4.752762,0.907160,1.412291,-6.020315,0
-0.568750,0.316151,-4.218246,-4.347815,5.671185,1.480354,-1.392559,1.923658,-1.817232,5.239590,-4.047861,-2.492233,5.775286,4.362123,-4.176367,4.336544,-1.381571,-0.008617,-6.489357,-0.496870,-7.100213,9.318642,-2.278442,2.345280,-7.572671,-2.434225,-8.672826,-4.143648,-0.463791,-3.563311,0
-11.721675,-4.564219,-3.479994,1.967232,1.462755,1.449617,3.579594,-4.843266,-4.881756,-6.158958,6.507605,-2.832972,-3.694859,-9.177047,0.612148,2.190292,-0.284004,0.016294,-0.621483,-9.466759,-3.588470,-3.555864,-0.647947,-1.072863,-0.685501,-7.087923,-4.152225,-2.341434,-0.598562,-0.631186,0
-0.277851,-4.775669,-5.048880,-3.461449,4.801844,-10.663851,2.077734,4.170328,-4.859636,-9.106526,3.897345,-2.377985,-6.325524,3.478216,-1.186460,-2.222506,-2.675243,7.315289,2.781141,-0.420893,1.558502,-9.380506,3.227245,0.019112,6.415493,-0.525717,-0.559841,-5.079536,4.575163,1.830805,0
-0.756222,-5.781585,-7.026007,0.573479,0.176874,7.475151,-1.922506,-8.860923,-6.452104,-2.276802,-0.414425,6.649738,2.782829,4.244497,0.034393,-5.818444,9.861525,-1.108551,-1.185116,-3.496334,2.536964,0.810146,3.654898,-8.154564,-7.447697,-6.325153,1.750074,1.665337,-3.115335,-0.411804,0
2.482588,2.076860,-1.125650,2.306915,1.153744,-6.029840,-7.058102,0.314966,-2.411932,1.302227,-2.393970,6.857649,-4.798515,-7.774813,-12.994533,-3.289169,-3.758148,-0.906187,-2.823549,-9.927053,1.999256,5.816416,1.860683,-5.157185,2.045694,1.908880,3.507921,-5.604588,-5.485378,-7.601279,0
4.961790,-6.949854,3.403273,-9.716773,-3.689026,-2.674797,1.389429,-4.757683,0.634247,-1.698376,-0.874701,1.038816,-5.680486,-1.070553,4.677254,-2.562675,-0.490240,2.299963,-4.134878,-4.104542,-0.626942,-6.539662,-0.033062,2.042236,-4.733829,-1.169643,1.226404,-4.214357,-9.086483,3.848644,0
-2.906019,-3.630072,-6.665379,3.333061,-8.695002,2.927509,-2.363291,-2.310925,2.085098,-3.559332,-6.234457,-1.468077,3.704121,1.484928,5.002697,10.199644,9.606634,-4.189730,0.206532,-0.899559,-4.796227,1.971834,-3.641148,-3.294979,1.161179,3.853594,0.215944,-2.794004,1.572309,-10.476243,0
-4.823057,-3.872936,-1.920139,-9.794348,-0.977324,-4.816174,1.170362,4.415503,-0.565802,-0.772688,-1.628679,-1.736799,2.457146,4.115057,5.875891,1.507055,-4.448244,0.123402,-1.554003,-3.359982,0.777021,4.714674,0.959681,0.673004,-2.356609,-4.323046,0.878752,-4.676977,5.432117,-1.690720,0
-5.405487,-10.944872,-0.953911,-7.775189,-3.296848,-1.044010,-0.898203,3.291992,-4.153999,6.962330,0.938211,-5.445868,-2.686159,1.839809,-5.658978,-5.255142,-1.380045,-1.040781,-4.286835,-6.973193,1.817484,-1.016308,6.784599,-0.088884,-1.014791,-4.348490,-3.655460,-3.372719,3.369974,4.256453,0
-1.380018,-8.780273,1.644115,-6.974298,0.190897,-0.424593,-3.627171,-1.193560,2.876894,-7.915589,-1.550411,2.451065,2.945246,-3.429047,-3.067846,7.833120,-1.900866,1.631081,-7.604827,3.756605,1.234537,-2.985573,-8.143602,4.005911,-4.126574,-5.397318,2.514166,2.473763,-5.258442,1.586823,0
-2.437725,1.137665,0.090527,-5.309216,5.212296,2.911335,-0.246700,-3.538177,-5.122404,-1.850628,-0.043695,4.028948,-1.372049,-3.441177,0.650303,5.486822,0.881031,-0.326307,2.304399,3.904320,1.573126,-2.641497,4.417906,-0.689171,-4.007929,-5.438364,-0.663702,-7.292154,1.006212,3.102446,0
4.863592,-2.569233,1.512217,3.560928,-1.019022,7.926474,-0.938488,-4.170027,-2.806438,-7.427081,1.713879,-3.132454,3.603638,1.926502,1.281656,-7.107162,-8.815468,2.998749,-0.510151,0.527391,5.404812,-10.283299,0.318462,-4.990915,1.936886,4.021433,-5.400621,-5.026407,-0.650946,-4.760050,0
2.821793,0.407566,-4.665657,4.273134,1.035183,-6.400773,0.696341,-2.795031,-4.594316,-2.380226,3.591000,0.826529,-7.653193,-7.819591,-8.279757,-6.383368,-1.466938,-0.202417,1.561264,-0.351665,0.198627,0.289194,3.778399,-2.688965,4.511265,2.029648,-3.524401,-2.815855,1.249441,-1.581747,0
-4.723469,4.487638,-3.908445,-0.860273,2.934946,6.116909,-4.317471,3.053844,-2.588490,-5.342657,2.884171,-3.189802,-1.417015,0.177526,-1.790812,-7.339743,-5.182064,-1.805649,-4.147074,-1.869221,0.469755,-2.785217,-1.084690,-4.338476,-0.962847,-3.814945,3.410137,-8.236282,-1.592417,-5.784260,0
-2.269957,-9.136462,0.585964,3.133066,0.609024,-1.501942,0.729403,2.201523,1.769339,-0.856251,-3.567066,-9.187711,1.860779,-2.359873,5.383402,3.194284,-2.330526,-6.224217,5.279112,-7.983244,1.316622,2.517797,-6.911732,-2.839314,-0.780182,-3.824514,0.493286,-2.929701,-2.827723,-4.044237,0
-1.468359,0.328518,-8.686971,-1.939428,-2.089178,-2.364611,0.574877,-0.985218,-9.133031,-3.252792,-3.100290,-0.486683,2.378881,2.223923,-4.053808,2.299637,2.047115,1.423977,-3.002985,1.098314,-0.726379,-2.193455,-3.307590,3.070570,5.194157,-2.116795,-2.183649,-0.624552,-9.038462,-5.137331,0
8.340797,-9.110774,-3.211727,-6.973851,1.042770,-0.904736,-5.904774,3.709146,-5.078522,0.229137,3.833273,-4.764902,-3.649645,2.110189,-2.574507,4.237329,-1.115677,3.007843,5.478485,1.818136,-2.991245,1.446516,1.230961,-1.598654,-4.347313,3.595387,-5.962341,-2.925213,-4.580505,-1.574604,0
-1.335865,4.455143,-10.174944,1.681517,9.177441,0.797464,0.029625,-1.860388,1.577091,1.334345,2.097454,-0.696579,-3.720482,0.079626,2.410614,3.538038,-8.101657,-4.219746,2.347795,-0.143900,5.296186,2.846058,-0.493834,-3.787115,-1.180483,0.034410,1.327597,6.263000,1.604527,0.388624,0
4.539635,0.371389,4.107517,1.722363,-2.969044,4.056520,1.271805,-2.500734,-3.432806,4.105198,0.747026,5.688581,8.307470,1.658615,3.412489,-2.877863,1.198029,-4.205601,4.176392,-2.409031,-4.694502,-5.180967,-6.294628,-3.462620,-3.556496,0.943951,1.397804,-5.663545,-2.630915,-0.861298,0
-4.051510,-2.014534,-3.660677,-5.704958,3.990894,0.882204,-1.484669,3.519018,2.529308,1.690399,-3.068083,4.696194,-1.178389,-1.896965,3.155621,-7.100716,-3.669518,-3.684919,4.124294,-5.457319,0.164154,-6.450987,-3.429089,-0.056959,-0.334976,-1.409332,3.744322,4.956318,3.581739,-1.543486,0
-1.796980,1.559465,-0.346357,1.509445,0.583298,2.197929,2.446081,-0.677780,-5.591575,-0.890875,-0.268742,0.376888,8.015064,-5.699923,2.451855,-3.694769,5.892591,-2.832764,-2.301428,-1.080700,-3.113260,-0.100172,-6.591468,-1.376398,-1.803490,1.069765,-3.647757,-2.867496,1.347654,-7.635104,0
-0.914032,2.308992,-3.184904,5.433590,6.026672,-0.442478,-1.805281,-5.173679,-4.618597,-3.914310,-1.582825,-0.691280,2.710432,7.904646,-6.643843,1.904402,7.949648,4.069712,6.845196,4.735123,-1.225744,-2.754799,-3.670292,-2.086798,10.887165,-1.284599,-3.078955,-5.928766,1.690886,3.572985,0
-2.050816,-9.040110,-2.707022,-10.990822,1.639658,5.703665,-5.479055,-1.194252,4.076046,-1.185810,4.968752,-2.299801,-1.621887,-0.435646,0.870768,-0.374981,-8.326711,-5.700017,2.131424,-4.728279,3.410246,-2.383810,0.945366,-0.875383,-0.524357,0.288338,-10.031401,-5.707083,1.994053,-5.168364,0
5.128719,-7.974090,6.000145,-1.705490,2.190128,-5.813696,-8.142282,-5.628918,-2.841637,5.776407,5.228409,-3.381275,-6.570134,1.423925,-2.538975,-2.516703,-4.093483,2.033655,0.681810,5.853832,3.251896,3.341883,-0.949713,4.356947,0.267099,2.063816,-2.076303,3.123655,2.280649,-9.728787,0
4.174061,-3.893049,4.120651,-2.733381,-1.819006,0.663139,-1.250351,-0.594355,0.159742,1.575977,1.169430,-9.918260,0.783905,-8.186316,0.077908,-0.789896,3.005713,-5.865141,7.809681,-2.947527,-0.428349,-5.747227,2.459414,11.030334,2.975321,-3.050299,-0.360191,-4.298046,-1.302788,-0.815071,0
1.873899,-1.929043,-6.900150,5.422720,-0.447361,-0.598631,-1.748695,-0.824924,-1.238216,6.083101,6.392563,-4.019787,-7.455155,-1.356373,-5.961235,-5.961567,4.047882,8.356379,2.385490,1.284866,-0.508272,-7.575191,-1.094688,5.254845,4.264088,-7.571192,0.330769,2.314590,-0.103928,1.986540,0
-12.230164,0.501562,-0.786356,-0.311657,-6.495057,-3.339823,-8.642739,4.139679,-1.584522,-2.343225,-5.241430,-1.198738,2.045715,-0.251928,-4.571268,6.723938,-3.308683,-0.073490,4.278095,0.741848,2.124195,2.189417,-6.647209,0.410994,-2.491295,7.291513,5.686207,3.288799,5.011808,-1.994066,0
-5.198843,4.396664,-1.276142,-9.946268,-1.484426,-1.013521,-4.252775,2.114042,-3.538105,-2.267189,-5.218685,-2.367548,-1.380062,-1.928215,-2.552916,-0.401726,-7.598207,0.676924,2.877831,1.828573,4.820860,-4.570059,3.629156,-2.971230,2.948629,-0.748455,5.171165,-0.059042,2.696291,-4.288254,0
2.681585,3.736206,1.566963,2.237904,-1.693436,-8.485929,-0.723948,0.162012,-0.068665,7.611101,-1.654444,1.089489,0.912365,1.350058,1.994991,-1.044325,2.374186,-6.507726,-4.626677,-5.400944,7.380131,-2.854549,-4.289261,3.876114,0.023960,2.368418,3.098562,-3.459936,-2.357777,-4.167088,0
-0.638277,-5.419050,0.573868,4.367167,-4.182970,0.271156,-0.323376,-6.168028,-11.335907,8.729559,0.192690,-0.714487,1.230865,4.093863,2.702806,-0.961147,-6.463071,-5.328672,-4.530157,0.987938,1.041067,1.766432,-4.446821,4.151417,-3.884823,-5.081207,0.850296,3.738504,1.139011,-3.728973,0
-1.344780,-5.335501,-1.830635,-0.920654,-7.426322,-0.125546,-7.056510,0.965506,0.809013,5.319817,0.166279,-1.416468,-1.549683,0.815649,-9.742111,-2.258821,-2.625738,-0.081839,-0.930916,-3.833513,-0.830111,-5.685982,-5.517355,3.487366,3.524481,-4.753603,-0.439283,-1.307257,1.528057,-5.688136,0
-4.315580,-1.988134,-2.904646,6.005875,-3.922550,-4.393314,5.103048,-1.850677,-7.592783,-1.736277,-3.842976,-2.003025,1.926476,1.467539,-6.669210,-0.797689,-8.344692,-0.157001,-2.850464,-10.976727,-3.779970,-1.961359,-1.495907,6.399984,-2.256857,-1.112047,4.207079,3.488846,-8.163103,2.011997,0
2.425922,-5.492247,-1.456306,2.074686,-0.225143,4.293705,-6.747422,-5.693189,-2.485556,2.988049,4.039547,1.568951,-3.957535,-2.096067,-6.113722,-0.539017,-1.413942,-0.352930,0.356937,-0.431240,-4.104744,3.046307,4.306787,3.143698,-3.007307,3.498213,-1.969652,-3.197439,-0.510183,2.193447,0
-1.210978,-4.731306,0.886440,4.851629,-2.431412,-2.945206,-1.029964,-6.289715,-3.903866,-7.372552,-0.379776,-7.707323,0.443180,2.395000,3.039083,0.457869,-1.326275,-1.488691,-0.419838,0.446632,-2.412575,-3.029087,2.549751,-9.582941,-1.691933,2.971611,-1.568386,-2.584541,-11.535984,-6.854140,0
-5.480309,-3.801128,2.511570,0.474619,-4.907503,-6.090261,2.626205,-2.695673,-9.231443,3.315716,-1.427855,-2.519987,-4.823677,-6.835421,-3.961143,1.224360,4.664051,-5.165817,-10.594753,0.633921,-0.286362,-5.986663,1.414026,5.758755,-5.005867,2.495689,5.615131,2.948902,0.232162,-1.097771,0
-3.644665,-3.942585,-0.238169,-8.208138,-9.643633,-0.634491,6.918312,1.657919,4.930355,11.073483,-5.740890,3.668213,-1.101093,-3.170746,1.886074,-1.856945,-4.438686,-5.275469,-7.818813,-0.723160,1.939320,1.793547,1.652746,-6.932179,0.882959,-3.491732,-3.177307,1.954048,0.980930,4.028641,0
-5.803097,0.314201,1.237722,2.385818,0.101486,1.850882,-3.781307,-0.806326,4.929203,-0.584341,-1.285109,1.090813,6.492167,-0.162376,6.088991,-4.185514,-1.866903,0.927286,-6.867986,-5.902867,-2.395094,-2.778597,2.040520,-3.473179,-4.171694,-1.027620,3.629221,-3.313164,-2.374235,-3.219578,0
0.446701,2.436235,0.436924,-0.953993,7.996546,4.064619,-10.088769,-2.040617,1.986427,-7.087333,-5.488735,0.685205,-6.719275,-0.186314,-0.564486,-2.039295,4.632637,0.769745,-7.233172,2.911396,-1.444777,2.060396,-0.057886,3.758682,-3.337181,1.534908,-2.055138,-2.429092,2.366838,-1.699537,0
-3.208668,-0.599247,-8.223559,-5.698482,-2.322775,-3.232906,6.919199,-2.087214,1.010828,-2.280628,-5.728723,4.978769,6.907297,-1.288235,-1.984280,-1.150465,-0.525703,-2.706192,-3.511475,1.053316,-0.999462,1.510357,-3.940828,3.275761,2.188238,4.639540,4.612499,-2.335356,3.966145,-3.300224,0
7.741077,-15.234619,1.483574,-8.497810,-7.184698,0.186279,0.888870,-3.484316,-11.429179,4.824272,-3.073189,-2.904861,-1.802494,6.585541,4.613647,-2.162949,-1.152861,3.248829,-1.359583,-2.616186,-6.052444,-0.651100,-3.684134,-3.924992,-2.130459,-10.218381,-4.457672,-4.022230,-2.830978,-4.180891,0
-3.786909,-4.102682,-5.593474,-4.962585,-1.437044,-5.928727,-2.863697,-4.700529,-7.692420,-1.806854,1.130192,-2.813400,-1.734535,-1.101393,0.277557,0.084454,-4.478922,0.959007,3.023506,0.392223,5.748049,-4.875246,-2.224224,-2.718622,6.258738,-0.151604,-9.366689,-2.102531,-5.152184,-3.529284,0
2.214235,-6.615145,-4.708780,4.163223,-1.976179,2.604099,2.431843,2.840883,8.492262,4.336067,4.432146,-0.775963,-0.849590,0.258451,3.241968,5.295845,-6.358518,-6.092583,1.005253,-4.319002,0.212875,5.341694,-1.715567,3.200050,-2.584452,-2.813831,-4.263275,-3.198412,1.486565,-7.540030,0
2.003130,-4.000715,-1.457569,-0.883533,-2.385590,-5.707647,-10.839671,1.927488,-1.948467,-3.506273,-3.840752,4.734392,-5.207731,-4.309011,0.034113,-5.563451,1.440372,-4.221514,2.157923,5.547268,2.677475,-2.032650,-9.992453,5.345898,5.089741,-4.692419,0.694551,3.352276,1.788567,-2.058611,0
3.379856,-0.331184,0.550955,0.161367,-3.896837,6.324272,0.279646,-3.158129,-0.697220,-0.105494,-7.357853,-3.649609,-8.567270,-1.170092,-2.494211,2.289324,-0.413109,-4.384216,0.471561,4.031799,4.407986,1.573574,-6.144965,6.679998,-2.063108,-3.914005,1.603365,-5.461422,-1.504915,-2.494305,0
3.848398,0.415730,5.953514,4.408848,-2.440342,-0.399635,0.743181,2.636093,-0.857971,0.668530,-5.287409,-2.036072,-3.577156,-0.107946,-0.419521,-2.713804,-1.100342,-7.836260,-0.037828,0.415716,-6.950529,-7.601501,-3.005384,-1.619318,-8.763784,9.068100,2.255434,0.786987,-3.917124,-6.943730,0
0.225574,-3.139269,1.485338,3.413502,-9.533258,-0.287071,1.723614,-2.576767,-5.561273,-3.209799,0.461670,-6.621243,-6.495248,-7.082838,1.587557,4.114868,-5.408457,-2.207140,-0.826685,-2.896914,3.686033,0.723795,-4.135677,0.477993,-8.018112,-3.824532,-0.126974,1.448673,-1.802559,1.887375,0
-0.552608,-8.442003,5.475479,9.095104,-4.842520,9.793962,5.836510,-0.613243,2.806931,8.816153,0.545813,3.032795,-9.656097,0.773085,-7.416770,-0.996016,4.348801,-7.066272,-6.499279,2.364576,3.387377,6.851471,-5.462828,-5.798132,2.404934,3.113821,-2.308084,3.634493,-0.659109,-1.161066,0
7.177935,1.350306,-1.416714,-2.672789,0.186563,-5.783369,0.328312,-5.292263,1.597445,-2.975695,3.945015,-2.412256,-3.940348,-3.724693,-4.863558,-6.147646,-1.237480,3.598814,3.880350,-3.940653,6.656982,4.143135,-2.076250,2.645554,-3.969555,-0.540691,-4.704866,-3.798746,-3.559010,-6.155053,0
2.336254,3.119989,-4.852161,3.850628,3.401093,-5.469374,-6.023285,-6.835767,-2.675499,5.472193,-2.400114,-3.218369,2.602650,0.632313,-1.340742,-5.428364,0.577221,0.690182,0.658207,-3.241323,2.864487,2.863623,-1.362207,-0.161999,0.151625,-2.667784,2.568789,-4.181797,2.678019,-1.251080,0
-2.104717,-7.750660,-8.701827,-5.665168,-2.991581,-5.920067,-7.446480,9.137215,1.896996,-3.820057,3.667931,1.912617,4.070333,7.372477,7.319902,-1.133377,0.005777,-0.055044,-3.708809,4.022276,-2.383904,0.040325,-5.420227,1.200060,-3.995386,-3.597673,-4.497807,-8.491896,-1.323298,3.431915,0
3.085598,1.205175,-2.085831,-3.136913,3.427649,-4.885513,-1.198185,2.966307,-0.284817,6.589380,-3.995575,-0.602247,-1.329546,-5.694353,-4.509605,-14.623249,0.932846,-2.194628,-0.963036,1.634747,-6.620702,-0.141325,-5.215452,-5.963839,-2.168518,-1.188250,0.347460,-3.274687,-5.085012,-0.688938,0
-0.671967,-1.051788,-1.979412,-0.744003,-3.143604,-3.927361,6.392992,-2.590033,-0.623220,-2.855017,-0.088476,-2.675791,4.608397,-0.692801,-1.017624,-7.193932,-9.141807,-0.511568,3.201525,-2.318949,-4.243811,2.978977,0.211481,3.579241,-0.509220,-1.890495,-12.708865,-1.476402,1.526949,0.028294,0
2.130075,7.067513,-4.660017,-3.271036,0.797779,-5.292702,-5.481878,-2.766256,-6.540089,-3.498878,1.526875,-7.353642,-1.608189,1.887548,-6.465627,-0.395441,-1.886200,-4.553951,-4.660181,-5.476181,-5.146732,0.541634,5.747187,-3.810633,-4.180204,8.123753,-2.877956,-3.808855,-2.817299,-0.973557,0
3.574076,-6.905695,3.972450,3.729744,-4.714998,-0.504126,0.588301,-5.294748,3.824827,-2.038340,5.959099,-0.294315,-6.204759,-11.626008,1.191971,-2.478775,-2.020836,-0.175707,1.336582,4.947859,-2.323414,-4.032948,-6.777229,-4.267689,-1.656996,6.793343,-2.994272,0.567230,-1.590433,1.118385,0
-1.192806,2.435358,6.971817,-8.994330,3.050032,-1.232382,-0.107878,0.856621,-1.822247,-1.167698,10.670391,-6.633521,-2.966022,5.465908,3.583620,-2.295231,0.962021,-2.544538,-1.643337,0.650579,0.571970,0.109354,-0.298302,-11.580667,7.657221,-2.006580,-5.157930,-5.161140,-5.813169,1.383423,0
-11.314107,-2.250372,-1.043350,-3.207365,2.369726,0.040358,3.359631,-0.279778,-3.627987,2.106798,0.945333,0.637129,-3.113676,-2.836113,1.834499,-5.624460,2.407837,-2.462440,-5.744267,-1.680153,5.455536,-5.331175,-8.106732,-6.041954,2.827629,1.750059,-4.215992,-5.085825,-2.357107,-0.701546,0
2.426794,-4.645142,2.335421,0.880159,1.769705,2.530191,0.916941,6.883099,4.298893,-5.103411,-1.841898,-3.209448,-10.255526,5.456366,2.835428,-4.106373,3.152836,3.038427,-2.392723,-1.428215,-1.826302,-7.752535,-2.437382,2.205528,-7.508845,-7.339814,-2.185192,-0.560677,-8.913630,2.324299,0
13.046318,-7.644287,-11.834183,4.062647,-1.668242,5.350674,1.799721,-1.413860,-4.511055,0.664280,-6.551199,-1.243540,5.653135,-6.062580,5.191418,-1.097450,5.365261,-0.022850,1.216904,-0.306675,-9.030057,-2.664421,-1.929434,-2.537188,5.661760,5.160912,2.315834,-5.962136,2.265366,-0.476622,0
-1.788439,2.169580,-5.761719,-0.182270,3.268387,8.100164,0.991713,-3.029888,3.939198,0.319845,4.711445,3.851742,3.871113,-4.944164,-5.420597,-4.367476,3.351831,-0.187643,-1.218395,0.152702,0.680283,1.384869,-2.692787,-1.162544,-9.462883,2.108223,4.250973,1.114355,-4.854580,-9.678310,0
-1.216240,-8.261631,0.387062,-5.630141,-2.427126,-1.633635,1.118490,3.103575,-2.635324,-5.725425,3.027102,4.488672,2.515553,-3.603563,3.071312,0.840290,6.790220,-4.699394,1.388128,4.984373,-9.074707,-4.267860,-0.167553,1.069124,-3.359079,-4.670465,-0.191114,2.367117,6.329958,1.300871,0
-8.155025,-0.398678,-7.873695,0.342600,0.002670,-2.750242,0.077120,-3.096479,-6.230699,4.871408,-7.923057,4.401928,-5.879395,0.787006,-8.208792,0.498093,-1.898920,-1.455029,-2.251215,-6.305635,-5.250263,1.280193,-3.775816,-6.237836,1.515978,-6.690064,0.100552,0.401278,-3.876568,-4.781448,0
1.090254,-3.540668,-1.515114,-1.650583,-0.376579,-7.066308,-1.350231,1.868290,4.949196,2.359566,1.595020,-5.103798,-0.217699,0.782478,-3.591063,2.050707,5.760757,8.133738,-3.285660,8.006519,0.904629,-4.048954,-11.638680,-3.297781,-2.249914,-2.062050,-3.872358,0.009081,-9.642228,-3.538879,0
-5.389051,-0.340374,0.852697,2.863569,1.217558,-2.751915,4.969610,-5.292393,0.255102,6.221992,-0.572073,0.794497,1.386187,-6.456880,4.025152,2.507042,-6.737947,-2.189859,2.195601,-7.681632,-3.193222,-3.646271,0.452932,2.931021,-5.409639,-0.728703,-0.621397,12.317841,0.931896,-4.312302,0
-6.459602,-0.009745,1.441750,-3.310902,-5.071247,-2.138577,-1.396101,0.880816,-4.754290,-8.526376,-4.465702,2.774218,0.555180,4.593082,2.173500,1.234501,2.018528,-1.066309,-1.276827,2.707932,-6.515318,4.521233,1.796696,-0.135658,4.319637,-1.549332,-1.695595,0.319567,-6.893078,-4.745256,0
-3.469212,0.797026,2.066833,1.948771,-1.140528,-3.540033,3.065809,4.742857,-2.667675,0.695721,-11.242151,-1.439642,1.206858,5.134275,-5.576610,2.542818,1.916695,4.525753,8.021814,2.237282,0.061062,1.443363,4.401983,1.631926,6.886641,-0.655746,-0.910748,1.734007,5.781404,-5.266447,0
-5.662975,-7.622847,2.213343,2.402943,4.366104,3.987335,-5.937349,-0.365923,3.241699,-1.415325,8.251535,5.319677,-3.134384,1.356737,-2.406620,1.562408,3.650185,4.577425,-0.783022,3.402550,-2.860260,-4.967808,-5.530123,1.548428,-3.529207,-8.565445,-1.639994,-2.227861,0.463152,1.401785,0
-7.175228,-3.659372,-3.315393,0.332996,5.658796,2.165325,-1.990122,-7.179796,3.870575,-5.962126,1.832165,-6.571898,4.105236,-5.517540,-3.107359,1.043234,-5.672706,-9.026573,1.462425,4.177532,-0.943144,-8.171140,2.614054,0.195492,-3.995148,-3.218147,2.109837,-6.798481,-3.566046,-10.245117,0
-8.659643,2.566792,0.888111,-2.281349,1.786682,-2.388008,-11.268082,-4.166048,-3.427517,1.483116,11.102112,-0.936396,-1.452427,1.138899,-0.086727,3.161224,-4.691067,5.235435,2.456818,-2.008408,-0.128044,-4.047401,-0.826254,-5.589969,3.914854,1.418655,1.851526,0.166107,3.070021,1.477837,0
4.012129,-0.938221,-3.406288,1.312693,-1.507553,3.664772,-0.506578,-6.176432,-0.317980,3.582718,0.434650,-0.206129,3.007034,-3.564499,-5.190929,-5.288189,-1.232555,-3.184208,-7.992311,-1.120691,-1.671558,-3.572231,4.804447,4.255470,-0.243507,4.977821,-0.691332,5.087475,-0.527239,1.927258,0
-7.105083,-1.740599,4.593336,3.819876,-4.728149,3.169994,0.443634,-0.484478,2.059690,2.256525,3.177391,5.670473,5.690502,-5.866993,0.248013,-0.463717,-5.434616,2.125328,-3.766699,-9.633975,-5.541562,-2.346907,-3.167570,-7.105856,-0.462685,0.445818,-3.327477,-1.678783,-2.608212,-6.462187,0
-8.613199,-6.130726,-5.803813,4.297125,-3.684374,9.804108,-5.745222,-9.360298,0.300642,0.527037,-4.337269,-3.436316,4.011032,-8.280227,1.980225,-3.429680,-1.689501,4.974430,-1.300800,5.845230,-3.310406,4.989691,-1.524540,-2.531570,5.617245,0.624151,-5.063511,-2.320490,0.555838,-11.171533,0
1.258438,-6.895645,5.725273,2.690342,3.096546,7.759520,-3.659256,4.398682,2.064493,0.407103,-3.387350,-14.311272,4.701338,1.268051,0.291420,-1.062416,-2.161158,4.377296,-2.057110,-5.478161,-6.248584,-0.388233,1.158909,-4.848635,-6.570743,4.063852,-4.748644,0.513704,-6.001792,-2.483883,0
-5.781985,11.003204,7.462618,-7.921317,3.769468,-3.710333,0.605759,2.678877,7.938581,0.582420,3.502054,4.026396,-4.128756,-7.374196,-5.830200,2.483555,-7.007470,3.701773,-3.677868,0.893044,-3.261868,-0.669086,-5.352859,-10.744939,-8.747150,5.814413,-7.798504,-3.951559,-3.371496,-1.677691,0
3.642693,0.036222,0.680990,-0.708206,-0.581991,0.673279,-1.363979,1.776432,3.453922,-0.437263,-3.068428,-6.490136,4.944241,-3.094643,3.227121,-1.509018,-2.276848,-1.253262,3.179100,2.098318,-1.412010,-4.667707,-2.210424,1.320564,-2.939939,-1.184093,1.326200,-1.797638,-6.963186,1.390158,0
-3.355856,-0.214876,0.641853,-5.627742,4.183224,-4.104498,-1.003153,-1.036451,-3.533602,-3.782831,-1.275343,-4.740179,-4.428358,-4.095152,-1.229752,-6.173683,2.460363,-2.907145,-0.590578,-0.794249,3.500847,2.681198,3.564135,-7.102033,-0.878950,-6.603778,-8.971347,3.180351,-2.680367,-6.138205,0
-2.053738,0.607887,2.478172,-9.209406,4.027786,-7.054578,-1.888638,-8.931032,-5.963535,-4.942673,1.061333,2.244896,3.891975,-2.717478,-1.683170,-3.780336,-4.611845,-4.232874,2.936659,-1.432631,2.988789,-1.371717,-7.498939,3.213726,-2.106363,-1.876841,6.305136,-10.706401,-8.619191,-6.199416,0
