0.268387,3.115625,-5.140333,0.667437,2.035179,-6.799986,-0.359419,-0.332853,-1.190067,-0.160582,-0.867296,3.788406,2.225981,7.614080,3.359846,7.411455,0.513741,4.815845,-2.977488,-1.438478,-7.588317,0.280468,-8.052583,0.933809,1.497377,2.506929,0.181543,-1.963028,1.441265,4.513247,1
3.779787,1.881300,0.337305,-0.535767,1.604336,-3.904280,-3.956532,1.460905,5.914589,3.422054,12.753960,0.280867,-3.838977,-3.931031,2.771496,6.638176,4.114012,0.864561,-2.714384,7.545479,-1.882572,-2.572433,8.382755,3.366255,-6.737373,9.525301,1.785528,6.336535,-5.044894,-5.923420,1
5.557480,-2.270199,7.645300,-4.250640,3.791904,0.615965,5.679031,6.725544,3.497955,-0.672497,-4.363037,-1.759825,5.652134,-4.643627,-0.338333,3.198771,-2.464035,-0.100674,-4.591394,1.815405,-4.323379,0.152706,4.397615,-2.120430,2.771677,-2.088900,2.083612,-0.316149,1.746313,7.825813,1
-3.990422,-2.886547,2.384506,4.711306,-0.867746,10.126057,3.498905,-1.531992,-3.501167,5.794554,0.993019,4.063095,4.637224,2.735600,0.658579,6.533728,-0.681562,5.444057,-6.644907,3.760372,-3.866778,2.956316,3.118168,0.135860,-5.869637,-0.847862,1.973396,0.208666,10.529060,-0.693939,1
-0.365322,-2.075861,0.361073,1.672136,-2.354643,-1.719902,2.298212,0.086563,0.613152,5.647408,-1.656832,-2.570827,-4.167240,3.087217,-2.336370,2.977209,9.455736,0.797647,-1.175928,-0.814632,8.774044,-3.124081,5.708969,-5.649162,5.427008,-0.245737,-2.368839,2.593155,-2.031731,3.050695,1
6.089550,-0.991943,-0.869959,0.189510,3.788538,3.830721,1.728020,1.894894,3.681862,5.016115,5.391529,2.005949,0.115198,7.963493,0.481350,3.914070,0.211691,0.495672,5.663450,-2.971786,-8.502501,1.285952,-2.936630,-2.248789,-2.550896,-1.756548,-4.863547,2.927843,6.078045,4.522926,1
-0.869982,4.252153,2.201910,-2.412865,-6.087307,-1.615551,3.256264,6.095921,3.150990,5.412745,-0.288233,3.053732,4.176285,-2.169390,7.960756,-0.174932,-6.179849,7.182503,0.190044,-0.683765,2.753809,0.299620,1.693670,4.125587,-2.175810,-0.818878,0.074070,0.618872,2.176218,5.506138,1
0.117636,9.007088,0.727112,-2.116392,4.746216,-2.521940,3.331112,-0.351877,-3.842535,-4.700097,1.807720,0.636427,5.636362,0.948278,-4.806330,-2.916258,4.682018,5.723106,3.768322,2.568447,3.081646,6.649502,0.722551,5.819851,-1.486933,7.978529,4.373196,4.373213,3.399544,-1.431076,1
-1.467211,9.167328,-1.317430,-2.717800,-0.969610,-3.505922,1.409023,0.396032,-0.823389,6.288744,-4.309768,-4.302112,3.287800,11.519302,6.426573,-2.651194,3.851753,-3.586301,-2.586742,2.427876,4.532227,-1.776014,-5.046078,-3.396967,5.011442,7.001839,-2.433508,-0.919031,-2.180817,3.621605,1
1.457226,11.468153,-1.140173,7.359945,5.672888,-3.065552,-0.799328,-4.731931,7.997808,-2.808727,0.795326,-6.548244,-0.385330,4.009411,7.696295,1.981663,-2.888971,2.313290,1.712973,7.408991,4.214361,-0.957056,-0.019485,2.934347,-1.662796,1.567156,0.395014,-3.066378,-2.152100,2.915951,1
0.420889,-3.531528,2.893497,5.041477,0.100655,4.182852,2.152157,4.587280,5.172380,-2.498919,-4.124672,2.480721,2.424248,3.395021,-2.366636,-2.600948,4.070684,2.880665,-5.852535,1.957932,-1.301834,2.740095,-0.646919,5.607710,3.090462,4.228922,-2.094841,8.889050,-0.391779,1.789131,1
-2.852972,-1.939228,-0.003309,3.266649,-5.735300,3.586954,-2.406021,-2.885902,0.989233,-4.026167,3.126921,3.751553,3.245287,0.766016,-3.470894,2.593014,1.603502,-2.502384,-10.964926,5.898552,-1.093990,2.437860,-4.181566,-3.682487,-5.276383,2.162834,6.090929,1.908310,-2.648691,5.052124,1
4.143669,-4.096693,0.040054,3.118425,-3.761181,-4.293077,-0.771378,-2.759266,-4.476336,-5.561877,0.215214,-3.894105,5.852255,-0.954012,-1.067278,-3.441963,-4.359644,0.284647,-1.285748,7.773750,1.537008,-2.606522,0.727102,1.848949,2.051264,1.348387,-7.456385,0.044849,4.697840,4.717464,1
6.065048,-1.397659,3.541065,-1.698273,-2.177687,5.062359,-1.120876,-4.164561,4.198990,6.133942,3.120441,3.315241,0.733473,0.594769,-3.410055,-3.819180,5.513054,4.080307,-4.915263,-4.173092,3.648561,3.105200,-2.102272,8.473835,0.820133,0.407312,8.407360,-0.019032,6.488924,-4.889883,1
6.777586,0.224554,-3.623199,2.364582,0.686111,6.606350,5.349104,6.122810,-4.459349,-1.533335,1.030907,3.436291,0.317175,2.230320,2.494781,-1.067545,-0.647001,-0.714891,3.310219,6.069841,-3.052689,-0.030216,2.866869,-6.416783,-3.316484,-2.070942,1.446545,5.738735,6.584309,5.707096,1
-8.573432,1.084194,5.593992,0.213461,6.474218,-5.353545,3.417784,-3.359806,-4.728146,4.469986,-1.815258,-4.914385,7.161766,6.217220,-1.683950,-0.609930,1.442085,1.306505,-2.953609,2.546877,0.224667,1.858597,-1.023930,6.230499,-1.521553,5.577282,2.072031,0.568163,2.369884,0.065588,1
2.020330,2.126259,2.537718,5.309797,1.312332,6.454113,4.900517,0.817894,3.502939,-7.700745,-0.276224,-1.496815,1.121040,-9.372001,5.044365,2.397396,-1.502087,-0.780689,6.062126,4.066458,-0.647287,-1.861092,-2.055977,-2.805878,4.441038,8.329632,0.956856,5.645014,4.976000,-3.233553,1
2.747087,8.265188,-1.501400,-13.092795,-3.149302,1.056852,3.670553,-1.653240,4.064680,0.823977,5.358662,-1.953754,1.201843,4.903545,4.987946,0.199490,1.553831,-1.323788,-3.759168,1.671871,-4.382986,8.930912,7.224041,-4.849744,-1.508762,-3.741917,-0.079914,1.856487,-1.100742,5.968456,1
1.238565,1.372681,-2.834547,6.426128,5.610867,2.331575,2.456726,1.509485,4.867594,2.642717,3.561451,5.277353,-1.578869,4.095591,0.688808,-0.440031,-2.564047,2.258425,0.437023,0.054548,0.687798,6.210823,2.204082,3.867958,-0.498222,1.983864,2.152256,-3.658046,7.553478,-2.160662,1
-5.606092,-5.579810,8.228962,-9.221651,-5.610023,-1.842266,-0.311691,4.197054,4.425701,1.614620,0.320749,1.528122,6.261602,0.539875,4.644289,-1.500710,1.441107,2.511581,-3.769956,-1.560728,0.951738,-2.665012,0.626076,4.557772,0.328096,-2.352455,3.789995,5.199354,4.194572,-6.742186,1
-0.607891,-2.753029,1.863335,6.816805,0.724031,-4.268641,-5.243680,7.446245,0.761412,-3.073757,3.348848,3.995724,-7.070863,1.825811,-2.644831,-0.954010,5.548876,0.052944,2.739981,-0.137506,3.579996,8.633863,-3.860559,0.453169,-4.574232,0.965929,-2.837843,5.157627,-0.030794,-4.100919,1
-1.026340,-3.342083,-0.310795,1.357723,-1.587353,-1.713692,-4.608062,0.320879,-2.517673,-0.677282,-10.413054,-0.559116,2.525450,-3.139982,1.301235,-1.479559,3.124659,-3.867081,-3.178633,-7.817863,2.216604,-3.555343,-0.612173,-5.922496,-2.820677,6.663387,1.437439,0.640821,-0.560841,-0.533913,1
-6.101476,1.818645,6.024885,-2.529287,0.127394,3.073009,-0.589972,-1.081989,2.863750,0.983273,5.932487,1.836258,6.960176,0.372400,9.895617,2.004961,0.465525,-0.812485,1.376478,3.083521,4.623301,3.893078,3.971975,-1.922979,-0.955248,-3.806437,3.101839,4.635801,11.245693,-1.355204,1
8.796648,-3.153112,7.342220,7.887291,2.232002,-9.126815,1.677574,-3.417114,-1.684393,3.763479,-1.085184,0.087023,1.196138,3.168915,6.841970,6.372290,-1.264879,-2.946646,2.625685,2.050945,1.849852,-4.365218,1.255299,-1.200623,-0.968418,-0.230274,6.004751,4.557343,0.766840,-0.339455,1
-5.065960,2.545338,2.102528,-1.138435,2.674501,1.289265,3.497736,3.476299,0.074688,3.409178,-0.385593,2.343025,-2.089146,-2.589882,-2.264938,2.094728,2.456951,4.572439,-2.752844,-9.649115,7.084835,4.289295,-1.542435,0.807840,7.046518,1.337870,7.720751,-7.024892,-5.175364,1.657064,1
7.791449,4.472313,0.905640,-3.046152,0.879234,4.022558,3.059752,3.625591,-0.545763,0.447912,-6.443904,-4.802855,5.293814,-2.049253,4.561657,1.005091,5.053236,6.398838,4.871727,0.073944,3.081827,4.145615,-4.817071,-1.165606,-0.866522,6.182159,2.111172,0.642582,1.458309,7.056335,1
-1.449015,3.202236,-1.714071,2.731703,4.959021,-2.312387,-11.074385,-0.310585,2.563993,2.413149,11.954149,3.555565,-0.357620,5.222486,0.286331,0.189339,6.980688,2.837437,3.633986,-1.111362,-0.859587,-0.015511,-3.235239,-1.278761,5.492025,-2.460510,-1.194117,-0.267282,-2.456594,0.708162,1
3.462158,-0.980057,3.430986,-1.514959,-0.647011,-0.144686,8.392113,-1.739250,5.542892,6.582396,-0.916325,3.392916,-1.088663,-4.728328,0.455996,6.645777,7.698109,5.157246,-3.856006,1.451698,4.137188,4.546705,5.044895,2.599012,-2.635157,-3.559606,-2.680292,4.915546,6.683392,0.792143,1
1.245890,-0.270350,7.171108,-3.583742,-2.388260,-3.740871,2.400145,-3.033897,-4.656242,-5.363601,-5.226541,-0.360559,-2.247173,2.301619,3.968279,4.257437,1.740812,1.628704,10.190777,-3.643419,3.199005,-2.334480,0.649464,6.432404,-5.986289,4.867220,4.297474,-0.474360,6.604864,-0.341038,1
2.103502,-0.268820,-0.512087,0.461441,7.601580,6.269648,-4.776611,1.060627,3.792282,-0.325220,-4.098025,7.338881,2.331900,2.962469,5.467573,-0.929691,-2.648380,-5.438221,-5.533233,5.363684,-5.961905,-0.526451,-1.012606,-1.671072,-0.167086,5.042807,0.775888,9.011454,-1.911982,4.406084,1
-4.436030,-3.165787,0.395586,1.676636,-4.615096,1.093056,1.009373,9.202122,4.894098,-1.167814,3.579748,0.135992,2.141596,-0.590210,2.275850,-3.278528,-4.065826,-0.582123,2.409718,-2.051838,3.065329,6.629492,2.301628,1.015924,-0.408060,1.872725,9.025707,4.148048,-1.802593,-0.621784,1
-5.210036,-2.100685,2.284306,7.225279,-5.449954,-4.057446,-1.377762,1.386101,-2.377607,-5.162022,2.595051,-5.135386,2.030100,-2.766026,-5.440350,2.876888,2.999247,1.368374,5.040373,-4.158923,-1.720707,7.568583,-1.792849,-4.768889,-8.252460,2.387377,-2.177235,-4.656549,-3.384857,1.389736,1
-6.692796,-2.604755,7.409903,5.248461,-1.352402,1.166307,-7.151753,6.589066,12.738132,1.066475,-0.252277,-1.262354,4.649887,-2.766338,6.291426,11.620243,5.133724,0.506975,-1.170341,3.600382,3.780369,2.761902,5.889145,-1.078793,5.744802,-4.365350,1.722099,6.860626,10.975288,4.116640,1
-1.618628,-1.358074,1.928911,7.402838,8.910753,-9.159914,-1.995909,8.200006,2.244253,4.407528,5.049389,8.380264,4.980522,-8.987499,-5.126404,-1.036413,2.934528,-0.688200,-1.376486,0.477123,3.851408,1.507332,3.364206,-12.850430,-0.105623,3.340862,-4.238595,3.665096,-3.673079,5.829288,1
1.659412,0.236834,10.573833,3.277020,3.564863,6.387255,1.190878,2.658819,-3.945578,-9.278360,-2.705830,2.942928,6.439600,2.596970,-6.426835,-2.105659,4.253355,-1.402477,-2.822678,2.034025,6.316378,-4.019872,-2.616077,-5.803797,4.913700,7.215605,5.762329,-3.388376,4.519648,-1.120230,1
3.054474,1.799946,0.989986,5.657108,-7.413882,-2.662977,-1.398262,-3.132343,0.240664,2.245453,4.645941,-2.647621,-1.814325,0.023058,1.345869,0.961470,1.079948,1.868885,5.771976,2.063023,2.165749,-4.011065,1.305210,2.568069,1.284357,4.534163,-3.597074,2.157532,1.382172,-1.850258,1
-3.495708,4.487188,2.025644,2.365610,2.393560,-5.961023,8.388887,1.887634,-1.081100,-2.448591,1.551037,5.567863,5.852858,3.462845,-1.369841,-5.700668,-1.100277,-0.710846,0.583490,8.547121,-7.880857,-3.476742,3.767349,2.444969,-2.101900,-3.608180,4.024254,1.324697,-6.691911,-5.834089,1
6.972155,5.994390,4.728989,11.669270,1.774677,2.780117,0.460672,4.963560,4.636604,0.948757,5.631508,-0.812592,-2.127657,4.968884,4.136173,0.238588,1.231178,3.101435,-0.178783,7.173298,-2.524887,-4.225060,-3.758311,2.932123,-5.921423,-0.765137,2.452684,0.813688,7.103359,0.372740,1
-4.522377,1.349115,6.034948,0.967270,2.326662,12.144901,3.486662,-1.594692,-4.426468,3.509403,3.333450,1.745449,-1.210585,3.175987,-0.331696,1.414165,12.709759,-2.752272,6.270502,-10.561813,-9.232496,-2.512157,6.084719,2.027416,-1.300564,-0.906704,-2.569090,0.636316,-1.679546,-7.310344,1
3.729067,-2.646120,2.516132,2.577686,-0.753777,8.141012,1.660381,-4.858127,1.420744,2.967150,5.609921,-4.995328,0.041298,6.937218,-0.891907,0.015940,2.875643,2.951244,-1.476994,-0.554785,6.583094,4.935772,6.897987,2.740210,-1.677172,0.611990,-3.034485,3.098822,0.314173,-3.370281,1
1.318077,5.254055,-5.330767,5.223982,-2.756311,-6.951479,11.416792,-6.898440,1.804920,5.822365,-0.757551,4.567883,4.624952,-3.150711,-3.447500,-0.653360,0.016869,-4.667583,-7.103633,0.846529,-3.245173,1.534325,-1.578384,2.569723,-1.396788,2.008049,2.788675,-9.114992,-3.272463,2.825773,1
-7.782126,-1.242083,-0.452316,0.133787,2.485184,8.785879,-3.931011,-5.866372,-1.200008,-1.722506,1.053921,-0.378555,0.482889,-3.678324,7.063818,2.675638,7.199333,-6.181494,-5.646691,3.840775,2.512369,-1.147249,6.090750,-0.947922,2.787661,5.153292,-0.574980,-4.911873,-1.614540,8.096830,1
6.206068,0.790110,1.730373,-6.454187,-1.402048,0.882099,7.165468,-4.591876,-0.347248,-3.983754,-2.154297,1.399202,3.900583,1.869049,-1.752462,1.938318,2.696005,0.462477,-0.350788,2.892406,1.742893,1.274103,5.180204,5.927179,3.318867,4.960871,4.084946,1.292450,1.517006,-3.303734,1
-0.962130,-4.099857,-3.078932,6.326906,5.205706,5.743637,9.737701,5.133062,0.920868,0.061710,3.868704,1.955463,1.972363,-0.201498,2.450306,1.691050,-3.621085,5.299862,5.257553,-1.384825,6.912212,1.442539,1.120062,-2.170771,1.118858,0.658579,3.338194,5.914547,2.097031,1.115633,1
-1.302231,-1.063921,7.026701,12.459063,9.014750,-1.953514,2.439522,0.630777,5.906637,2.519047,5.174307,2.234358,-3.429804,-4.132522,4.102942,3.349136,-7.430840,-4.913418,-0.841457,-4.839094,1.242783,9.966728,2.224709,5.706589,-5.256330,1.938833,3.985327,7.259253,5.359838,0.749317,1
-4.259894,-4.160807,1.517197,-9.236978,-1.796364,0.845209,6.617270,0.297626,-6.297964,-8.922835,2.650463,-0.945631,-3.084686,-4.060806,2.927759,-0.774702,4.544544,-2.188566,-2.517965,9.169699,5.311459,3.085953,2.055107,2.149324,3.476528,1.441687,2.588255,-0.074322,9.915457,0.647396,1
0.701107,5.195595,1.542717,4.716463,-6.074739,-2.420916,4.634281,-5.742410,-6.231576,6.348919,-2.866543,5.174704,-3.434172,2.579594,-2.121223,-1.769659,5.516903,2.239378,-2.247616,-3.322809,-3.478775,3.704145,11.174465,4.994829,5.658104,0.853691,1.471701,-3.261816,0.220284,2.068321,1
0.109833,-0.006083,2.560396,-0.354200,-2.122711,2.260754,3.995722,-3.041859,-7.064669,-2.509916,-1.418552,5.502792,2.848400,-0.418522,3.667915,3.671463,-1.933384,7.899851,2.494627,0.340660,-1.646717,5.949633,-6.904055,-2.075272,-13.018941,1.481041,4.771196,12.617504,-3.752346,4.576626,1
-1.038500,4.272665,2.236971,7.781038,3.159668,-4.092799,8.333534,-4.540280,1.648846,-4.102309,1.320456,2.706879,2.152958,-1.219490,-0.975975,-7.000899,-2.127398,2.855883,3.202353,7.937994,4.504490,-0.569519,0.888292,-2.809412,-0.260824,-0.442070,2.429598,3.186934,4.313494,2.710859,1
-1.553514,2.186779,8.278870,-6.250438,-3.691425,2.148523,-5.983756,1.362457,5.948000,0.582413,3.478056,4.762651,3.694870,1.409790,3.504843,10.302494,1.745991,3.450054,-2.129002,2.108942,5.332150,7.599997,-3.528650,-2.285973,0.246521,0.319000,-3.498030,1.546661,0.268513,0.750607,1
-5.814795,-4.216053,-2.412462,4.735073,6.777081,4.573641,-1.924625,6.000814,-1.231966,-0.209238,-2.960669,2.069029,7.614323,-4.837830,1.683434,1.348209,-0.442108,-2.363157,0.372532,2.138693,-3.649908,-0.660034,-0.925066,-8.816867,2.067217,0.925207,4.649570,5.478128,1.780857,3.906857,1
-4.497418,4.465179,9.337299,4.939056,-0.313349,1.813538,3.423977,0.894953,-4.856202,-4.803641,-1.724184,2.902872,-5.709048,3.570385,1.053646,2.475155,-2.303827,-5.280356,2.477390,3.338343,-1.092274,-0.806822,-3.286329,5.630577,-1.270329,1.720072,5.328058,-1.109537,1.219948,1.922302,1
-0.422035,-0.037254,-1.104912,-2.276096,-6.437617,-5.891378,1.204399,4.799929,4.200541,-4.636915,3.934849,-0.151173,3.949703,3.132277,7.843596,-3.120705,12.537266,-0.837202,-1.852484,1.806305,-2.462688,1.751963,6.295002,-6.145958,-2.551910,6.935280,4.277048,0.423508,-3.814014,-0.510433,1
5.407036,-2.714119,1.122150,7.548481,1.890423,-4.292141,4.520283,5.560829,-0.483181,-0.050812,-4.468727,2.578100,-1.957224,4.834749,1.499964,-1.721945,1.447104,10.353220,-2.541973,-1.350517,-1.462082,5.347889,3.882334,-0.404278,3.146982,6.207565,-1.528238,-3.469015,5.191389,2.515491,1
6.958242,3.968376,0.487833,-5.643338,-3.345488,-5.447830,1.939697,7.786877,0.633181,3.033792,2.240198,2.509779,0.416153,3.590473,10.948112,3.330128,-1.740921,-5.090075,-4.156344,0.813364,2.618311,4.890844,-5.854212,-1.536461,-4.724666,3.529821,4.166197,-4.830919,-6.849342,-2.953323,1
-1.150249,-4.077200,0.320187,-0.508492,-1.685703,0.778015,-3.328819,-4.128124,-1.197401,0.661919,4.980318,0.093245,4.864014,-3.400671,-0.052727,-0.131231,1.190180,3.138405,4.158604,-0.001371,-0.509686,8.812792,3.015112,0.745859,0.407631,-7.646073,4.351782,-2.447681,-1.454483,5.727804,1
5.658911,-4.031666,0.481138,4.352848,7.329599,-1.042597,-5.762883,-1.916111,-2.158541,1.364208,-3.954112,-0.843876,4.118710,5.517088,-2.801874,4.147343,-0.363718,-1.237055,3.674833,-3.848230,6.702295,-0.941553,4.278130,0.723087,1.874031,-2.013546,0.412897,1.002510,1.983822,-8.947058,1
-1.200144,5.988884,-2.807829,2.739164,-0.835196,-4.702064,-3.836349,0.566103,-0.042370,-1.381680,-6.437266,-4.326898,-3.650007,-1.505295,0.228327,-5.841055,2.408466,-0.396822,1.569677,1.907356,0.523539,-5.229552,0.946867,-3.270441,6.678614,-0.992012,-3.162689,2.293386,0.362240,4.577351,1
2.604172,8.245480,-3.419891,-0.605721,-1.854820,-4.382089,-1.271965,5.748674,-3.060995,-1.988226,-4.563278,-6.267123,0.230083,-3.867395,-6.439063,3.376368,-2.580208,-3.043736,4.313307,0.721878,8.052986,-1.312771,3.343126,1.487486,4.953281,-2.242601,0.452757,-3.518379,-2.573687,-0.406462,1
0.213449,0.990530,7.883770,0.175558,3.198296,4.432278,5.112339,1.384792,6.310112,6.589113,-4.147163,0.507006,-1.172289,6.171371,3.318695,3.216629,0.689842,-6.538087,1.702808,-7.404884,2.241373,-2.243458,-0.146967,-0.235210,4.753986,3.080488,10.830692,-3.162535,0.158693,6.019777,1
3.560293,1.938402,-5.859313,2.620306,6.189541,2.203676,0.654705,2.398521,2.978773,-0.732044,0.190506,4.268377,1.511042,-1.029749,4.551369,1.194880,1.218224,8.447655,3.796621,-2.986057,-5.313236,-1.558388,1.084969,6.695463,-2.289829,1.382568,-3.083872,2.789295,1.570547,2.746180,1
0.332314,-2.668755,1.366327,-3.873380,1.455553,3.200981,0.273605,3.784100,2.506878,-0.855345,-3.362997,2.545706,1.858606,2.493244,-2.430077,2.009569,8.743990,1.844177,7.359564,-1.305555,1.658813,10.748440,2.632401,1.645767,4.855448,3.991520,5.460407,-0.338341,-1.404549,-0.026129,1
7.419130,2.810179,3.016085,0.761932,4.884542,-0.093454,2.590117,2.837994,-3.017206,7.113573,1.944628,-6.872375,-6.484463,2.056337,3.682323,5.310221,2.179089,-3.154316,1.331051,1.526951,2.158792,-1.920528,7.690031,4.618652,4.648443,3.303942,-4.644171,-2.152308,5.389473,1.682297,1
1.405649,3.446701,1.918131,-2.265842,-1.737129,-2.585125,-0.444292,-4.995584,-0.479551,-1.472118,-5.981050,1.949547,7.704500,9.408867,0.051609,-5.176987,-7.104047,4.190498,-2.399504,4.722651,-4.518734,2.905821,-8.524148,3.866224,0.274717,0.987675,-0.109695,6.838997,6.022207,4.482288,1
-1.281740,-0.941271,-3.354790,-5.420531,1.221975,-5.380653,2.160398,1.125170,1.798983,-0.216187,1.952980,-0.400841,2.072550,-4.753373,-3.545026,-3.250830,-0.505499,-0.144470,-3.662923,4.741053,-0.848877,3.009487,7.267570,-2.281586,-2.800962,0.876980,0.515455,2.264605,-2.847265,0.437824,1
2.070892,-2.466097,-1.088306,6.089947,4.829149,6.786249,3.681957,-7.463962,-5.901202,-1.528034,5.482893,10.134359,5.338017,-4.758733,1.812527,0.736908,2.320751,4.651360,1.198477,1.463837,-0.815767,9.047691,4.946394,0.715197,-0.642881,-0.180799,-5.524590,4.440615,-0.354891,2.850210,1
-2.741205,0.974756,2.235577,-1.028522,0.389296,-1.990475,3.726574,-0.640818,4.819290,3.473822,-5.157558,9.107597,-0.378386,-2.653574,-5.104875,2.225840,0.903017,-1.467573,5.247894,5.961040,1.547171,1.043100,-3.187763,1.355171,5.308889,1.139380,1.035662,7.552662,1.010986,9.534340,1
5.683159,-0.795322,1.239536,-2.855930,-4.933626,-4.100802,1.977299,1.176250,-2.464670,0.266947,1.356327,-1.227482,1.711113,5.081598,6.558281,5.328360,-4.411385,-6.296532,2.511440,4.118744,-3.889452,-1.104145,3.386909,7.554106,0.856808,5.638222,-2.882256,-0.803663,7.332512,-5.193289,1
-3.741980,-4.940934,5.583431,2.867798,-2.004784,0.955599,2.682051,1.152950,0.393940,5.874310,6.857386,2.696482,3.244564,2.122314,3.426250,1.291742,-0.428972,5.370476,-1.365782,2.893749,7.578508,1.922657,3.079975,2.940409,-4.468447,0.573069,-2.422760,8.850342,-6.259396,-0.057680,1
-3.843334,2.637604,4.899103,-8.228026,2.924051,1.521656,1.554848,2.249790,-1.326998,-6.437983,-0.453598,1.809425,-1.108826,3.588547,3.664751,0.223028,-2.651247,8.652609,0.093750,3.385988,4.587585,4.143227,1.350555,-0.078121,6.723404,2.201340,4.258692,13.303661,5.657001,2.901308,1
2.516590,2.903164,8.417105,1.020653,-0.721521,-6.782995,-0.288094,4.484900,-1.759182,1.627943,-0.629837,2.819799,-0.889183,5.876751,8.454773,-6.843060,3.139563,4.655073,0.010080,-2.009583,-3.886018,5.322231,4.968115,-3.975053,-2.262348,-5.604057,1.302748,1.920368,0.182924,-7.041916,1
-3.956743,-1.460163,-5.631787,3.816191,2.385891,0.642830,-2.679899,0.011219,1.262020,0.027124,-4.202393,-4.555430,2.305243,-1.853653,-0.955826,9.105522,8.319193,1.844639,-1.089405,-6.015522,9.425274,-1.072554,-2.777102,10.604712,13.407391,6.970865,0.664598,1.808319,-0.985842,0.047029,1
0.571926,4.946257,3.229937,0.100338,0.514883,6.375187,-6.573323,1.696383,-3.000580,4.310886,-2.246874,18.104637,5.291061,-1.253464,-0.744446,3.567501,0.662247,1.636517,-1.803246,-0.504549,0.293606,-0.290209,0.296711,2.433544,-3.423820,2.040642,-6.704727,-3.826112,-0.557814,-6.189894,1
0.147705,0.129658,-0.360537,-1.859125,-1.729145,5.693258,-1.821342,-0.438211,3.612288,-6.512723,5.227776,3.183340,0.828829,-3.381706,8.427105,-8.944720,7.590563,-0.748358,-6.434099,-0.003101,2.076143,-8.694942,0.736588,-1.384296,1.544983,8.567863,5.932281,5.120682,7.633307,-2.698708,1
1.130342,3.845177,4.382635,-1.251896,4.531244,-2.450552,-0.217407,-1.943581,1.490425,-3.204510,-0.817947,0.245256,2.643560,-2.414721,-7.582220,2.074188,-5.508499,-2.179146,-2.858894,-0.929867,5.080828,-4.174921,1.347446,-2.974939,1.514374,1.274368,1.785002,4.776867,-0.287951,-6.543633,1
-6.744265,0.777031,-1.571129,2.810408,-2.585381,-1.078960,-3.660160,-4.865193,2.874683,2.319715,3.012775,3.793756,0.252098,2.662960,1.754786,1.945190,-0.433506,-3.480747,-4.459291,7.037344,-2.432930,1.251362,2.416368,10.716572,-3.290071,-4.565907,-2.057463,2.849150,2.722237,0.059978,1
4.497450,-5.320676,3.960348,-1.622868,-6.642739,1.577354,-13.582643,5.145309,-6.183744,-0.549639,4.400457,3.456253,4.557093,-1.885641,5.179398,-0.788864,1.018848,-5.560326,-4.101824,4.961081,-1.014990,-0.943651,-4.421446,1.801382,-2.792219,-10.180528,-4.760528,2.736677,2.526546,-9.713688,1
0.816299,3.601858,-0.430870,1.656567,3.614515,-2.380270,2.889643,0.696938,-2.533794,-0.632128,-2.803976,-0.279961,-2.712002,5.013275,0.607443,-1.769165,5.097847,-1.820137,3.819296,-0.073845,4.090359,0.601385,2.652992,3.946350,2.582529,-0.029875,0.630013,3.666998,-5.335638,-2.303814,1
-1.226572,-1.831806,1.217800,1.272062,1.752224,0.435698,-3.283913,2.376286,2.043594,2.765106,-2.548414,-1.955626,2.487068,5.176743,4.342487,2.050297,5.721165,1.384933,4.761835,-5.470025,-9.630812,4.167105,-2.325521,8.627071,4.537779,1.229912,1.097834,1.042099,-7.473701,-0.313242,1
-2.279055,-3.393129,3.145170,5.588068,2.391787,2.469053,5.334211,-1.866835,-1.104345,-3.418886,2.941093,2.694155,-7.520267,0.407074,-3.933142,3.805143,6.213114,-3.695876,-4.219407,-0.701426,-2.240871,-5.007423,3.406521,-1.480387,8.670004,7.897999,1.271002,2.726383,4.705990,-6.561230,1
0.423138,0.551813,4.359795,5.675791,-1.589075,4.665358,4.576889,-3.485081,3.221157,0.281263,5.237806,-1.060194,1.575924,6.102962,-3.362667,-3.796659,3.002846,1.128712,2.268324,-0.364161,-1.716282,-2.666769,-2.333599,1.341181,-3.655614,3.252884,0.494774,4.406225,9.935816,2.477859,1
1.411901,-6.239415,5.691360,0.910463,-2.143656,2.418621,1.283163,-1.706396,5.882944,-3.944635,-0.385248,-2.479578,-1.233149,0.751602,-9.303945,-0.199347,-3.303499,-2.792450,5.335238,-0.402624,0.402750,-0.127466,3.029259,1.553373,-2.416454,-9.051819,-4.993252,1.578012,4.125204,3.666908,1
4.837528,6.365902,-2.689075,-2.232368,-1.105135,-2.419340,6.279421,2.959232,4.403824,3.810337,5.879688,4.272923,2.759928,7.675758,3.136225,1.375824,-1.854811,2.376438,1.819500,5.721613,1.793320,2.164669,0.486408,4.959826,-2.462307,-1.901121,5.633614,6.812387,-2.950235,-3.343494,1
9.039446,2.744072,5.295349,-5.162803,6.183598,-1.460346,-1.268324,5.738026,9.812395,-2.703749,-1.437815,1.893112,5.034563,5.464895,-1.401028,6.614426,1.996294,1.825155,4.368818,0.366743,-1.430487,-1.285772,-3.188391,-4.770573,-3.645775,6.525936,1.131905,-6.177794,-1.405756,-2.212469,1
7.242882,2.651403,-2.100307,2.830769,-7.340938,6.400105,-0.279528,3.527105,4.206718,0.478270,-2.791162,3.252613,5.612068,3.684616,-4.658692,-3.929594,5.337397,6.305912,2.111174,-4.272394,0.058664,1.592932,-5.179236,-4.418437,-3.806226,1.149921,0.323263,-4.701425,2.750568,-0.825247,1
-10.548834,6.544222,10.720417,0.854101,6.990423,0.215628,-0.524179,3.311708,-2.544348,-9.149716,5.445820,1.380812,2.414291,6.051550,4.050953,-3.823879,-4.473244,-7.280867,7.762918,-2.879932,-10.023162,0.227036,-6.093864,-0.807766,-0.155460,-5.227478,1.784956,-2.539444,7.095636,-1.532513,1
5.818111,5.875658,2.414791,-1.143833,-4.462217,3.644865,-2.021935,-2.374786,5.311977,2.450064,12.241764,3.552868,3.008478,-1.042948,-2.917614,-1.657557,5.468559,-2.556351,-8.844519,-1.748579,3.642048,5.648617,-1.642475,0.423584,-5.921249,-3.884517,5.984854,-1.949348,-2.589109,5.366348,1
5.101444,0.084967,-4.849212,-2.718576,-5.743853,2.135614,2.100880,2.374212,10.559052,2.107990,-6.688799,-5.917603,1.349199,3.409100,-3.316957,-2.023573,-0.240665,4.462261,5.026772,-0.165340,2.077751,-6.612236,-10.105355,-4.292631,-0.059410,4.996067,-0.409901,2.548529,1.643961,4.088114,1
1.961060,1.362072,4.052011,3.972593,-3.975876,0.376251,1.109550,2.442364,-5.159224,-3.088430,-3.242315,5.113491,3.396124,7.091204,-4.845126,4.317070,2.735752,-2.704241,1.114460,3.669910,-6.992592,2.978804,-5.460141,7.100540,3.759504,3.992874,0.535875,3.358479,-0.379890,-0.790033,1
1.212029,-3.970625,3.415573,5.913397,5.052235,4.789352,4.798216,6.400616,1.557821,-0.355429,1.544050,-3.770489,2.281439,1.374491,-9.873140,2.427280,-3.794553,-2.048662,7.950830,6.271898,5.490370,0.395344,7.255072,-3.451239,1.483059,-7.951083,0.600443,3.751545,5.415504,-2.844002,1
3.791677,-1.244123,10.477898,0.884258,5.105154,2.967216,0.481762,-2.023422,-4.681420,1.631533,7.327623,1.176199,0.737822,-3.826509,-0.247992,8.115965,0.591391,-0.062944,6.399801,-1.061029,6.326542,5.658838,1.232910,6.723129,11.322975,-8.059066,4.266973,4.461729,-0.403852,1.062592,1
10.220955,5.845125,1.698341,1.282682,-5.580020,-1.318449,1.339937,-4.450670,4.002880,-1.431847,-3.157087,-1.549149,5.617657,2.603918,2.373732,-0.029154,4.824884,0.416529,4.567713,2.423927,-2.502695,1.767366,1.993193,2.353542,5.491091,-2.139156,-0.223188,-5.841340,-1.849773,1.354076,1
1.404938,3.716953,3.499289,3.980104,4.727106,-3.763512,6.962812,1.198719,3.597731,-1.871250,6.309566,-5.976385,2.312883,-3.415773,4.450064,3.409094,3.161757,2.387459,-2.203913,-3.928926,1.910919,5.002274,0.639538,-10.594531,5.047930,-0.641241,12.109047,-4.696800,5.565355,-0.437296,1
6.170158,-4.785992,2.761374,-0.029936,6.004807,-2.275879,-3.592903,4.310904,2.735651,3.722815,4.796108,-7.402264,0.510851,-5.518305,7.761940,0.720596,2.235851,2.047428,1.858860,3.311718,3.960144,6.172613,1.824036,-0.971516,7.256401,-9.246649,4.330803,-0.770395,6.952160,6.062140,1
-0.360003,4.044744,8.888279,2.415527,3.376186,-2.533421,11.389935,-5.056522,-0.500446,-0.010405,3.924540,2.224258,1.212181,3.123960,3.518663,-2.294403,-2.410879,3.262962,-0.074297,-0.608498,-2.582279,-3.366186,-1.582684,2.300362,8.640707,5.124912,-0.161917,2.919559,4.361900,-2.089674,1
-1.372507,0.768414,7.477839,-2.023914,4.050655,2.464577,-4.552662,-4.957203,2.736937,5.114096,3.745811,-1.948286,-2.176569,6.551630,3.076536,-1.188580,-3.764319,1.856199,7.645432,5.683599,3.740370,-4.978380,-2.089756,5.281120,6.761194,10.647903,-4.502562,-1.609221,8.151196,-4.844522,1
3.282145,-1.963646,3.999702,0.123419,2.088572,0.251581,0.116957,-0.485693,0.108688,7.188160,11.680397,1.576832,-0.984283,5.635439,0.052151,0.186342,5.636396,-2.540117,2.801270,-0.029858,3.375736,4.576792,-2.463833,0.918642,4.091274,1.203663,2.337387,6.360569,6.321014,0.692833,1
-1.016327,2.579336,8.440931,7.298674,11.872831,7.447475,1.050779,7.848543,2.668095,2.199348,3.551346,3.276768,4.996162,0.100872,-1.561155,7.389441,0.673243,0.878952,-4.163672,-5.470877,-0.205679,-3.894317,1.324078,1.096811,3.827682,5.806318,-2.960098,7.052170,-5.754400,3.187700,1
-13.565202,-1.355822,-8.441661,1.604305,2.568449,-1.158571,6.910828,-3.459175,6.715126,0.757969,3.997618,0.770596,6.576485,0.910446,-4.263993,10.028557,4.018698,7.886396,-3.780251,-0.968214,0.820673,-6.203576,-2.258657,-4.777067,-1.795504,3.307356,4.093559,-1.521717,-9.687285,0.889074,1
-5.271866,2.937782,2.215933,1.131355,-7.438063,-1.048563,-1.622707,-2.779917,-1.409018,-4.510816,2.449486,0.763391,2.665007,-5.400924,-8.428939,-1.442213,1.577097,0.023735,5.965023,-6.883137,1.613306,4.241177,2.833597,5.004469,-3.234806,2.466923,3.043169,-2.090631,-3.171730,-1.958496,1
-4.958545,3.201733,-4.284140,-2.774862,-1.752270,2.477995,5.828566,4.395229,5.810099,0.190002,3.263241,1.248388,-2.819750,-3.529308,0.078485,4.892950,5.406979,5.317530,0.794540,-2.521484,-1.116322,-1.808790,3.526775,-3.289877,3.487881,0.000782,4.976706,-0.048269,5.171545,5.353401,1
-2.065784,-2.295599,-5.562912,-2.170176,8.694691,-1.447409,-0.580000,-9.174339,-7.294499,2.419514,4.159391,8.921272,0.714128,-1.043066,-3.708920,2.841709,-0.092667,4.692293,-1.118780,-6.788579,-3.967039,9.363182,-0.867270,2.580793,7.204493,5.330294,5.481066,0.072681,2.805796,0.599949,1
-0.576366,5.718872,2.343836,-2.516291,2.847918,-4.417292,4.478535,2.999397,1.370350,3.134058,-3.136953,4.680456,11.437910,-0.367786,0.813726,5.698381,3.134682,3.978981,-6.838741,-0.504244,4.962868,-2.872040,-1.403875,1.113518,-2.251604,8.190289,3.780998,4.463163,3.279341,-2.312269,1
-1.139910,-0.607183,-0.900518,-1.539043,8.195082,0.260408,-2.141977,1.050104,-0.024107,9.892214,-1.552721,0.924412,0.441666,1.412731,3.736258,7.477777,-0.968647,-3.358721,-4.227734,-2.953053,0.444647,-2.425819,-4.926171,2.412649,0.177502,2.272970,-2.897659,1.538105,0.973085,2.580553,1
-0.084135,1.450016,0.693455,-4.417963,-1.884993,-3.655182,1.763641,5.283226,-2.224234,1.696537,-3.847140,0.752317,-4.883403,-6.640376,2.286739,3.076424,10.743322,5.862701,-1.898972,4.104193,-5.304240,1.816027,0.078621,-3.255213,-0.524117,5.369764,-1.146503,0.506544,-1.642069,-6.160004,1
8.217443,3.208174,10.561846,-1.664043,4.943525,0.095125,-0.279924,3.918007,2.566072,-3.840566,8.255384,-1.922373,-2.146788,11.127068,7.540934,0.750658,5.036919,0.374048,3.249887,11.638193,0.016438,-0.465311,-4.339226,-1.613449,7.718445,0.455170,-0.509043,-4.221022,4.617147,3.787487,1
-2.694426,5.308275,7.028715,4.504248,4.462921,1.305086,6.629349,-2.559452,-1.400787,2.387392,2.434582,-0.575327,-4.813523,5.019047,1.220371,-1.602434,-0.647360,-5.225286,-2.040434,1.152195,-0.411572,1.647545,-5.448062,1.920948,4.277401,5.062302,-2.343430,-0.085144,5.358418,2.228846,1
-1.746910,-2.992914,3.008951,2.927519,-3.332764,3.660318,-2.032612,6.139151,-0.149725,-7.611248,6.023659,3.683231,-0.037865,-3.839881,-1.081169,5.164726,-6.426841,-1.077358,6.349642,2.917929,-4.551411,-0.897552,-7.668506,-0.897217,-2.286860,-1.541094,-0.388620,1.133099,0.772377,3.228367,1
5.508326,4.368441,6.829649,0.357651,4.133780,-5.851865,-6.865072,-2.995756,-2.331308,7.335520,4.225445,0.623093,-1.781643,-1.222731,6.195833,-1.028614,5.125738,0.333029,6.208885,0.916815,2.596037,-0.962786,-1.692066,0.279608,3.063749,3.043726,2.701693,5.801319,-1.244497,-6.366578,1
-2.463737,-1.176886,3.708490,3.241257,-3.790625,-3.498301,2.643507,5.311243,-7.797169,-5.071706,3.050480,2.401844,3.071566,2.680540,-0.619434,-4.580434,-0.265139,2.999146,2.400906,-1.485964,3.019115,-6.073950,0.114071,3.532516,8.781984,-0.370449,2.213243,0.841810,3.366186,-3.316442,1
6.814747,-0.248178,1.808945,0.913256,2.855837,7.675787,2.157091,5.403231,-3.924191,-2.873932,5.843054,-1.614328,9.977148,0.917267,0.399567,-4.391879,0.676781,7.449474,10.460012,0.124104,10.836760,8.132561,2.324291,-6.088847,5.000814,-5.300877,-0.818453,2.170687,2.769016,4.759598,1
5.349901,8.412943,4.606333,-1.032999,2.275194,1.009657,-4.126619,4.830442,-3.294161,-2.872091,-4.912728,-4.314603,-1.493008,-4.513089,-4.063230,3.572517,-0.024822,-0.418438,2.894705,-1.332214,-3.815138,1.630091,-2.560152,2.987886,-1.002445,-2.956179,-5.774763,4.693111,-3.056690,2.456501,1
-1.117306,5.326855,4.009323,-6.571996,3.697908,-1.673176,3.763674,2.003628,0.577419,3.473011,7.578911,3.098364,5.101999,-6.195650,-3.339874,2.001167,9.940451,2.719530,0.531631,6.937056,-1.538130,6.032204,-1.236029,-2.559021,-5.218635,2.224621,-0.980452,3.961718,4.227169,1.462084,1
3.901272,4.318010,-0.814938,-0.993650,-3.177950,7.186245,2.797251,5.957907,2.455927,1.417183,0.625265,2.586622,3.347864,0.875935,3.854357,6.206234,2.681396,-5.694633,-1.690092,6.069944,3.502262,2.193626,-0.116743,-2.694523,4.138815,0.608231,-0.497232,-1.330027,-4.870739,0.660019,1
5.429850,-0.436766,1.723049,-3.137014,-2.590176,1.800863,0.633190,6.003693,2.159412,-5.111659,-1.543619,-4.634393,-4.111065,-5.648834,-2.799948,5.326057,-3.558880,3.894907,-1.198662,3.677654,0.659588,6.631090,6.557261,-2.850412,-0.727465,-0.237623,1.168171,-0.525545,-2.519424,0.895454,1
4.413792,-3.873768,1.759542,-2.373142,3.589233,2.895546,1.950130,0.550871,4.826069,1.791368,3.430874,2.973179,-4.147895,-1.407307,0.142183,1.163395,0.782188,3.134462,-2.555677,-5.114993,0.953136,2.740122,-0.771683,1.433044,5.114262,5.016579,0.917124,4.605625,4.284136,0.795292,1
7.241854,2.621355,-1.276793,3.818008,6.154739,1.497688,2.066332,3.966185,1.644800,1.925728,9.225571,3.642868,1.312761,-7.774220,5.583502,2.759953,-0.275595,2.160769,5.480955,3.131779,-4.140050,-2.645111,4.483814,8.130989,0.640339,-6.287533,-0.761381,0.617832,4.138220,3.004448,1
0.465765,-3.146336,9.223419,-1.630367,0.120708,-5.069847,-1.806280,6.610250,2.100559,4.980927,-1.128269,-0.712290,-2.729725,-2.705467,-4.819200,4.264914,-5.220235,1.225231,-2.867352,-1.008017,-7.392584,-5.210596,-3.302137,4.890194,2.540880,-1.657681,17.617115,-2.722830,-6.268912,4.028118,1
-0.880402,-2.427717,1.095436,-5.262617,1.246841,6.110655,11.060266,2.644691,9.890932,1.147116,2.510675,-0.870756,3.950520,5.085953,4.225452,-1.930761,1.565172,-0.965284,4.352171,2.095345,7.203650,3.010014,1.885454,-3.557373,-7.535696,2.201090,2.174913,-1.761824,4.904167,0.719854,1
6.400579,3.450245,-1.017448,0.448198,3.013298,-2.037880,-4.337493,5.656693,-1.123768,-5.206141,-4.250820,7.809200,-0.823233,4.858585,-2.662294,3.615198,-0.975477,2.443794,2.809219,2.342777,8.736101,-1.655321,-0.538582,4.985701,-5.053359,-2.348982,0.326445,4.966291,1.483637,1.280546,1
4.372990,-3.218311,-2.898359,9.782166,-3.020262,0.075251,-3.041971,-10.396380,-7.740895,5.722242,1.815241,5.669212,2.097507,0.983316,-1.653107,13.784714,8.108582,-5.423833,2.835611,-2.299297,3.944344,-3.451998,1.836882,0.355770,-4.260031,1.099276,0.415579,2.475880,5.838306,3.874062,1
0.235115,-7.211396,3.918659,-2.868910,7.506739,3.164764,-2.196575,-1.529268,0.885231,4.336145,-2.433601,-4.849597,7.946743,0.192316,7.597139,-2.046730,-2.292646,-6.557651,0.101158,-6.624434,1.582949,3.142862,-0.613190,4.595858,-0.845198,-0.434786,2.723864,-1.817299,2.089769,-2.520035,1
-5.057631,2.676659,4.474951,-1.693993,3.227442,-1.692890,-0.228413,1.294718,6.071598,7.845737,-2.779894,-2.830069,1.156212,7.334753,3.525700,-1.272974,4.837942,6.686205,-0.933264,1.803665,-1.637686,11.077406,-0.141130,-3.039150,4.706341,-1.941250,-1.965872,2.954454,5.227242,-4.464210,1
-1.429731,4.339033,2.022894,6.364470,-0.455061,4.483150,-4.182846,4.018705,2.320553,2.005150,0.478584,3.086702,4.711040,-3.737829,4.620413,-0.477022,4.954342,-3.170784,4.057064,5.622351,3.266148,-1.721754,4.075346,7.097181,5.207756,-3.739430,5.720589,2.503544,-0.926249,1.690081,1
4.148458,-0.369419,6.396158,-0.194866,-3.413073,0.481672,-2.401785,6.126812,-1.026482,3.937975,0.206699,10.632437,2.171877,1.146141,-0.835163,1.837719,1.347101,11.323603,1.999134,3.723938,9.537401,6.002121,-3.441887,6.916731,2.105497,-0.149643,6.313980,3.780123,-4.681343,4.726496,1
-6.109208,3.735535,-0.743332,1.331829,-0.833691,-4.188301,0.721117,-1.620222,-10.690515,-4.121878,-0.825106,-3.823860,-2.701172,-6.320762,-8.364412,-1.426863,-2.293129,3.161135,-0.849979,1.048265,-2.058516,2.446663,-2.394375,1.466373,-4.833126,1.861320,1.113947,-1.476095,-2.527481,-1.833637,0
-7.793376,2.659412,-2.769072,1.534126,-0.434710,-5.711456,-6.285376,-1.225206,6.389496,5.571840,-0.490395,-3.543728,1.309467,-2.331944,2.620642,-3.777651,-5.392643,2.198313,-3.550594,-2.745953,-0.043808,0.170738,0.373186,4.945004,5.484974,1.875061,3.107607,-0.278471,-0.213440,-8.443913,0
-2.006742,-4.189598,0.837946,-0.099783,-2.209152,-2.948195,1.087507,-12.807137,-0.307463,1.896082,-3.568005,-2.697512,1.023825,-5.018625,-7.545012,1.843275,2.412451,7.222410,-5.381220,-3.941387,-4.405445,-0.877525,5.336550,-2.221149,-0.399143,-0.427919,5.669405,-1.826080,-11.776272,-2.595675,0
4.916775,-1.075340,-7.828978,-0.211374,-10.067759,-4.378496,-2.642744,-3.068317,-0.230991,-5.240704,0.374012,6.393894,1.490479,-3.594801,-9.408000,-0.555046,-5.132744,-2.215643,-4.573690,-0.196991,-1.995815,0.792467,-7.282875,-9.368749,6.732676,1.709164,-4.908997,2.873070,-4.057922,-7.718469,0
-2.502399,-4.050901,-3.364372,1.482767,-9.020643,-5.613740,4.884033,5.132067,-8.789532,-9.670912,0.090538,0.043957,0.577412,8.568926,2.391611,-0.232027,1.694082,-1.506615,0.488613,-3.663904,-0.107283,1.873022,3.862686,5.778070,-2.664852,4.915607,2.928978,-2.470409,2.020813,0.627361,0
2.501575,-5.000147,5.420103,-5.492838,3.145006,8.651176,0.016693,-6.049253,-5.911764,5.311258,0.178988,-1.354219,-7.311640,1.297386,2.216276,-0.858566,-7.007526,-1.533045,-4.495138,-0.849678,-7.830256,-6.492962,-3.291649,-0.415342,-1.971643,0.597530,-0.300919,-4.616703,1.141260,3.858654,0
-1.302935,2.705069,-4.471996,0.423895,-4.721939,0.620192,3.653660,4.399759,0.955551,6.522781,1.692425,-5.880826,-5.626434,-9.447936,0.828804,-3.997673,-1.548611,0.396734,-6.844561,-7.502907,-2.078814,-0.563503,-3.535185,0.597980,8.791933,-2.044842,-3.048086,-2.611774,-0.689554,-10.268379,0
2.961218,-3.528458,-5.444969,-0.839417,-4.970381,-8.882073,0.025301,0.445515,-0.369301,0.851475,7.375801,-0.307920,6.334770,-0.294336,-0.688158,-1.583519,1.019037,-0.474344,-6.530342,-1.551462,-1.554735,0.114662,-0.336035,-6.379785,8.692923,-3.221455,-3.598042,-8.912883,-7.238626,-6.497695,0
5.302240,-2.153442,6.408527,-5.554851,-1.710627,-1.589954,-0.256641,5.001719,0.892748,-0.158075,-5.735986,0.763380,1.914078,-5.143246,2.136927,2.586002,-7.278344,-2.793116,-1.755432,2.748024,-4.009535,-0.114183,-9.945121,-5.681896,-1.328623,-0.696096,-5.531792,-4.202576,-5.824991,-1.310053,0
-9.239614,-13.601700,-1.538006,-1.099413,4.276024,3.777182,-4.610695,-0.810305,-2.232141,0.940313,-0.023241,-1.611450,-0.383427,-0.943758,3.320759,-14.908723,-3.464598,2.214481,5.379662,5.583061,2.659674,-1.631523,-3.961401,0.908302,-0.037451,-5.848183,-9.302897,5.568022,-3.831623,1.024572,0
-3.018885,-3.324903,-1.374657,-8.479274,-6.518828,-0.829903,1.247503,11.455685,-4.666946,-0.258162,4.710356,2.065138,-1.311913,2.529203,-7.730062,3.610445,-4.906586,3.999468,4.132397,-0.238800,0.581621,1.806362,-0.999153,1.998571,3.160646,0.461023,2.106741,11.433037,2.289614,10.358019,0
-0.063957,-12.565525,-5.991332,7.811739,-1.139219,-1.698360,3.369762,11.014999,0.998095,-5.208700,-3.791454,-4.211306,2.163246,1.095568,0.832382,-3.104393,4.166842,-1.657068,1.116812,-0.877876,-0.088184,-0.851168,-13.425004,-3.864296,3.690170,-1.952980,-5.031229,-0.915686,-3.826132,0.867491,0
-4.397633,1.608356,1.439054,6.730145,0.470287,-1.679066,-5.756052,5.458094,-6.020881,-6.528901,-2.079916,-3.592031,-3.166307,1.355604,-2.819944,-6.591854,10.290615,8.197515,-5.453194,-7.964127,6.436592,0.632318,1.433016,0.833273,-0.617886,-6.956809,0.477142,-2.274538,5.658623,4.143675,0
-1.041948,-4.247854,1.956949,1.467384,2.015234,-4.006571,-3.169657,-1.959635,1.740438,-6.047153,4.093826,0.508373,0.834307,-1.682337,-9.604347,-11.085144,4.416517,-2.081305,3.974834,-7.310957,4.077658,-0.887506,-7.652825,-0.665573,-4.379932,1.371069,-8.039431,-2.134697,-1.587013,-2.830748,0
-5.175814,0.528383,6.171602,-5.691385,4.468901,0.060801,-2.260166,-2.784121,-4.825308,3.955786,-0.204817,-0.415340,0.806822,-7.800523,0.813499,-6.025162,-1.151560,-5.614621,-1.270079,5.626284,-1.614193,-4.691133,-7.995258,-1.436722,-0.996004,-2.887869,-1.990734,-8.275278,-7.728783,-3.138950,0
5.312109,2.115980,4.900726,-7.882617,-1.892357,-5.376463,6.327694,4.773039,-5.555308,1.121782,4.111177,2.051394,-5.305502,-3.431170,0.065733,0.675451,-0.277607,-2.318407,6.837223,0.214752,-2.900818,-5.060114,-2.856157,-3.204992,-1.448605,-0.643538,-0.889069,-3.843794,0.930119,-2.662029,0
-8.362279,-1.724411,1.267103,4.004528,0.152384,-2.145899,1.907784,3.130562,1.235292,5.516165,-2.695555,3.392849,-4.505896,4.731808,-10.090845,0.136829,-1.691326,-1.165249,3.096094,-4.467640,4.529301,-1.408951,-2.118811,0.881817,-1.835888,-5.953680,0.021416,1.158171,-4.966213,-1.560461,0
-3.554684,0.998850,-6.711553,-7.046455,-5.831633,3.629974,-0.004957,3.011927,-5.808453,-2.937962,5.343626,-1.171721,4.980747,3.380878,0.168608,1.276978,4.309559,-2.579437,-5.565248,-0.410959,3.727291,-4.945120,-10.886249,-3.216349,-0.366884,-9.244664,-4.655163,0.327208,-4.515923,-5.216255,0
-2.164942,0.054457,-2.229378,1.192535,-4.218481,-7.847256,-2.229021,-5.234146,-3.285191,2.417542,4.833487,-2.568327,-4.427517,3.183422,4.829006,-2.074352,-2.503830,-2.544344,1.031658,4.582687,1.823315,-0.590773,1.825554,-1.871109,-2.443367,3.077965,-2.511751,-6.456518,-3.874611,2.824032,0
-5.325352,-0.704435,-3.090515,-3.026121,2.349596,-4.984509,2.154222,-0.289268,8.493391,-3.411058,-1.340700,1.173779,-3.590164,-3.361706,-8.074873,-4.072687,-4.413279,-0.100637,-1.841997,-0.348421,-3.835787,-0.325024,2.752089,-0.641142,-4.575439,-0.139788,3.957504,2.053589,2.459608,-5.207413,0
-10.490547,6.255850,-1.860226,-6.723619,-1.249014,-0.640839,0.322166,-9.549757,0.737080,0.990145,-3.296696,0.939451,0.654789,-0.735777,9.877100,-0.560369,-3.108471,6.095787,-5.235743,2.196302,-1.651081,3.334660,-2.204584,3.792408,1.330006,-7.968122,-2.243999,4.352571,1.872612,-9.358820,0
-3.217548,1.530088,-1.145676,-5.366102,-6.029235,7.520788,0.021093,5.007727,2.131662,-2.909863,-0.105083,-4.916431,-5.742583,0.181147,-2.819780,-6.078912,5.234119,-1.854258,3.022657,4.795353,2.783422,0.179426,-3.913052,-3.712278,-2.322056,-6.208628,5.508913,-1.581156,3.947304,1.741749,0
3.873060,1.868095,-7.306130,0.328058,-0.599537,-4.436348,-9.790283,-3.123814,-2.057474,0.555010,5.392136,6.610395,-4.405064,6.187431,-4.101961,-3.933739,-0.038408,-3.877930,-3.762764,2.003881,9.525133,-0.703768,-0.553499,-2.006456,-5.693652,6.366714,-1.746750,-0.437853,-2.578924,-0.756325,0
-0.774801,1.537340,1.035509,3.573214,5.222992,4.618938,-2.986498,-3.003857,0.462725,0.095873,2.360233,-0.692459,-2.402008,-2.243645,3.336391,-1.442421,3.368322,3.091825,-1.028450,-0.306496,0.464237,-2.506071,-1.434538,5.313738,4.781828,-0.294025,2.779247,-4.450127,3.897707,6.456373,0
1.073753,1.371580,-2.006496,-0.550989,1.776709,-0.632050,9.565544,-0.195421,5.156775,-6.380196,-3.112181,2.831467,-0.787119,0.370777,-1.589195,-6.836074,-3.394730,-1.673407,-2.698999,1.621838,-5.851335,2.473999,-6.583552,0.692007,1.751543,4.031536,7.759209,-3.027981,-0.038651,2.271458,0
-3.780632,4.289705,-0.017290,-0.379026,-4.515701,-7.138209,-4.485405,2.423225,-2.192326,-8.769291,3.571672,-0.171158,-0.129019,4.357601,2.230543,-4.343605,-0.104187,-3.270168,-0.784634,3.581842,-0.130013,-7.409398,1.676895,3.431082,-0.793037,1.027269,3.283901,-0.477434,-0.583118,-3.065676,0
-0.968901,6.679192,0.522150,-6.576051,-4.230017,2.514521,-6.863771,-2.338396,-1.171446,-4.394707,4.522701,-1.866598,-2.767103,8.568439,-5.542121,-3.945086,-5.962354,-0.996183,-5.711620,1.921030,6.403214,-8.214844,-0.635546,1.908905,-3.861279,0.439766,-0.811066,-3.226732,6.918501,-4.041626,0
-1.241426,-2.140644,-8.250040,0.305845,-7.471053,-0.442123,-1.377920,-2.493979,0.705658,3.333422,-3.518055,0.341600,-0.048105,6.296194,2.535257,-1.322107,4.423370,-2.103809,-3.543573,2.864069,-5.817988,-5.311119,-1.899586,4.128969,-2.813744,-0.304209,-0.452314,-3.924936,-5.384283,-4.706234,0
8.771578,3.051046,-2.105242,1.766541,4.887877,5.118473,5.466076,1.950907,-1.722391,0.267551,4.943317,6.999533,-6.504872,-0.013933,-1.502670,-2.688269,-2.002157,6.908077,2.978704,0.052551,-2.316990,-4.898523,-0.943865,-3.866180,-4.845312,2.963272,5.030165,-1.030432,-4.520838,2.200840,0
8.784279,2.968164,0.260454,-5.654543,-5.046984,-1.243336,0.711771,2.674963,0.456751,-6.545040,5.354568,0.630510,-1.206856,0.039825,0.927269,-3.930557,0.088411,-0.658741,-6.587220,-0.392454,-2.125376,-11.286559,0.435047,1.259665,-5.636756,-10.569893,-0.154247,-3.305838,-9.317559,0.542183,0
-1.122797,-7.727875,4.285769,5.609495,-1.920073,-0.982388,-3.895023,-3.284842,-7.381026,-4.800352,3.370422,-5.698159,1.915201,0.116028,-2.755953,5.124554,-3.809948,1.870127,-1.538635,1.175850,0.346018,1.793053,9.414822,-3.464125,1.523781,-5.963722,1.478371,-1.518282,1.477497,-5.467972,0
-0.803755,-3.952511,0.990213,-5.295538,5.604681,1.398613,6.720837,-0.493484,-5.707348,7.683826,0.443542,8.056492,2.991856,-9.883503,5.052853,-4.962156,-1.885777,3.118525,0.035852,1.375643,3.007235,-2.006496,-4.316536,-0.894808,-4.783384,-1.702446,2.041498,5.607960,-0.239838,0.059393,0
3.336239,-5.167633,-3.395273,1.725567,-3.155100,-2.529551,-4.961079,-10.106559,3.601526,5.764811,-2.041952,7.940308,-0.898499,-4.066683,5.435617,3.134340,-3.431198,2.103910,-1.837753,1.385141,2.935112,-6.963130,2.311481,-5.092869,-1.796047,3.500683,-0.122461,0.195368,1.616415,0.302696,0
4.601347,-0.115065,2.220608,-3.194754,-4.936380,-0.355917,-5.050224,-4.490356,-2.581446,-2.895699,2.304388,1.978933,1.597931,-6.549943,-3.579088,2.325333,-1.691187,-2.836760,5.981506,1.710461,-2.478395,1.676886,4.745161,-4.398760,-6.009111,1.905842,-3.975739,1.186434,8.309999,0.770296,0
-1.857185,-1.577389,0.189423,1.389166,-6.923701,-1.955606,-1.313551,1.136292,0.040253,0.832972,-1.832756,0.016470,2.138132,0.657747,-8.945974,0.898844,-0.635597,4.511337,-1.620766,-3.079683,0.237051,4.123436,-1.200695,-0.446781,-0.697857,8.450712,-8.642763,0.173246,-0.421936,-5.484554,0
-8.323563,2.104057,-5.765780,-2.781324,-3.272604,6.272186,2.973206,-2.518415,-2.357477,1.221088,-3.048634,0.654877,2.454550,1.264782,3.866240,4.393341,0.426826,3.696304,-2.491453,0.934292,4.052769,-8.335014,-0.627096,-5.589789,2.218983,-6.213521,-1.854950,-4.322414,-3.694822,-1.070047,0
0.016062,-3.374344,-8.073339,0.179203,3.147547,-4.426737,-0.991966,-2.880833,-2.275274,-1.021627,-4.745834,-8.954821,0.938660,-2.545105,-3.356876,-0.889465,-2.730684,-2.374287,-4.234770,-10.775072,-5.380173,-4.208466,-2.254286,-1.885712,-4.586933,8.103657,1.279678,2.744417,-6.416147,-3.733288,0
-6.632835,-1.568523,-2.784187,-2.893988,4.329763,-4.381559,-3.141001,-4.644501,-1.234510,-0.276707,-0.793503,-2.512056,-0.807785,-7.031001,-2.597912,-2.707920,6.392208,-7.697901,-1.951769,4.108288,-5.729701,3.085749,-6.540973,-2.155186,-0.139076,1.075373,-1.408716,-2.137045,-7.767641,2.254862,0
8.046312,-4.614197,6.407589,5.471912,7.031368,-0.462120,0.113110,-3.053419,-1.874147,0.536047,-0.691534,-2.001602,-2.355837,-0.460003,1.765879,-1.593397,-9.545272,-1.045370,-4.651161,1.205423,-2.867754,1.754957,-3.592060,-4.045424,-0.325695,-8.400956,2.819172,-3.086235,-1.090551,-3.095470,0
-3.162527,-4.072617,-7.443734,-2.165531,1.535984,5.170090,5.067507,-0.893036,-0.616344,-5.837061,-2.669872,-0.018402,-5.368904,-4.728907,-5.768868,-4.063755,0.811344,8.355293,-6.039811,1.451557,-4.974537,5.064779,-0.744883,4.490841,2.946537,2.425131,-3.809450,-3.167427,0.942011,6.940052,0
-2.387991,3.266609,-3.532160,3.553555,0.301134,-7.443357,3.800829,5.082306,0.900471,-2.883343,5.234415,1.706299,-1.951225,-8.070379,-3.039242,-0.259892,-1.441435,-2.230623,1.455994,-3.446716,3.775177,-5.547511,5.665825,-5.717446,-2.503222,-2.159189,1.234646,3.246498,-6.844556,-2.696575,0
-4.185781,-0.913803,3.696646,-0.557419,0.662998,9.244467,3.418013,-0.903261,-2.804592,-6.535473,-0.909712,-1.559019,-7.255503,-0.984777,0.493179,0.691002,-2.124048,-2.989960,2.410315,-0.428259,4.678848,0.277380,-1.609428,-0.161613,-1.894363,-0.726553,3.536777,-2.076279,-1.657007,-2.018015,0
-5.428568,-3.223654,-0.202312,1.476603,-7.051974,8.697321,-5.523832,5.731573,4.427929,-1.366079,-5.527729,-3.845079,2.276077,-1.720171,3.917946,-8.451533,0.877653,-1.580679,-0.721769,5.709665,-1.550575,1.483551,-2.391157,1.972128,-5.102612,-6.991006,-3.286928,6.623671,5.774855,-12.834651,0
-7.035552,5.250303,-0.242065,4.198500,-2.925377,2.361483,-1.461946,-2.256384,-3.764463,-0.261051,-4.995298,-1.116703,-8.141351,1.427145,-1.910175,3.969017,4.794767,0.237860,-1.303108,0.802956,1.468576,-1.713079,-5.693009,8.803839,-6.463522,3.201624,-0.172737,4.891182,-3.325928,-2.446352,0
10.036779,-2.067303,1.679258,2.937674,6.339865,5.639870,-3.714668,0.303019,2.849463,-1.494007,0.949703,6.968910,-2.746437,-1.999279,-3.759138,0.291424,-0.606409,0.869017,0.670319,0.473463,3.336908,1.871664,-3.038687,3.198231,1.496901,-2.008394,-2.575495,-6.632557,-9.283462,-3.720791,0
-4.526661,-2.689058,3.902058,-3.621107,-1.918385,-0.424009,0.264080,2.169006,3.950434,-5.060665,-2.510899,9.091745,0.017729,-4.525049,8.229164,5.555670,1.524586,1.643253,-1.827078,-7.688115,-8.884219,5.668488,-0.418919,0.519978,-2.414177,-3.785202,-1.179018,-4.571033,-6.069132,-1.043314,0
1.022566,3.086325,4.052275,4.321026,5.229826,2.881054,0.099035,-4.974232,3.961519,-2.902189,1.509043,-2.203997,-1.165974,-2.316793,-2.303078,-2.902300,-3.321409,4.595060,0.772449,-4.805239,-1.252701,0.676016,-3.711599,2.185320,-6.913021,3.761332,-0.475639,-4.997112,-4.984211,-1.623688,0
1.851906,-4.031282,-5.606987,-1.497515,-3.394552,-1.024734,1.272840,-8.208930,1.120937,-6.069891,-1.309639,-2.202724,-1.159660,-4.070168,-1.803495,-2.018139,-4.908154,-0.644547,-1.752436,-2.251339,-0.161274,-4.605013,-2.086397,-0.863628,-1.985138,1.545969,0.412123,1.972115,-2.274031,-4.379686,0
-6.304767,4.509081,-0.606527,-1.988615,1.348917,-1.003809,-1.626871,-0.383614,-4.949295,-1.891684,0.113064,1.102711,8.281946,-1.372845,-3.500027,-1.447435,-1.668835,-1.722172,-1.585823,-2.701851,-7.231302,2.182222,0.451298,-0.109425,2.102871,-0.209070,1.169287,-2.731440,9.112858,2.199461,0
-0.196939,0.135717,-3.684811,-0.948399,0.846405,2.670677,-7.060269,-4.399796,0.869289,-4.482275,-2.694677,-11.537051,-0.934258,-1.112116,9.705858,-1.390451,-3.396132,-9.536424,-2.592033,-6.149282,0.122757,3.828964,-9.977620,-4.645323,-2.002020,-6.496535,-3.251102,-5.968036,8.352514,-7.665623,0
-1.930820,-4.741287,-5.618128,1.018932,1.544590,-5.660184,5.788036,-1.048853,-0.164686,-1.047333,1.836903,-4.883972,3.237082,-5.357059,-0.958977,-6.024091,-0.518805,2.327208,4.050053,0.340429,-7.032777,-5.343687,-6.097022,4.956808,-1.163887,4.181587,-3.556877,-6.319587,-4.316982,-0.144073,0
-0.220987,7.363171,0.888906,0.512083,-1.575422,2.905697,3.557753,-2.582876,-5.690870,5.549784,4.142756,-2.491608,-0.588104,-1.389393,2.231562,4.158415,0.033075,3.139410,4.964643,-0.283297,-0.334991,-3.832796,5.799143,2.129013,-3.701275,-0.196663,-0.919682,-5.675410,-5.578666,-3.076653,0
2.859171,-7.920086,1.810926,3.264482,0.621889,3.665077,-0.302748,1.430813,4.099934,6.041828,0.611628,-7.385264,-8.064163,-8.220677,-7.367873,-0.956554,-0.685133,1.133772,-8.301283,-2.757883,-4.206451,-2.403467,10.057884,4.916714,-5.312801,-0.097538,2.627115,0.752108,-7.703056,-2.695095,0
-6.456418,9.537863,-4.494091,-0.720451,-4.238138,0.636448,-0.484371,3.805136,2.300585,1.728239,0.070995,-1.654173,-2.173237,4.255177,4.530769,-0.949768,-0.415234,1.712103,-6.036229,-3.035358,1.970829,-2.878641,3.791842,-1.979864,-2.155348,4.136330,6.862829,3.875362,-1.690458,4.925785,0
4.664669,-5.824790,-2.013271,-0.428993,3.840870,-0.471195,-3.692219,-7.871702,-8.689841,7.594093,2.374052,-4.272486,6.551397,-1.349672,2.043859,-2.767910,-2.721857,-1.336700,0.764843,3.099619,-1.466433,-2.730303,-6.509026,-0.513393,-3.990740,-3.541416,-2.194145,1.047623,1.290646,-1.307322,0
2.398310,-6.873246,0.159199,-0.347435,-6.643985,-1.919678,-8.676149,2.692257,-2.012138,-1.217852,-7.843934,-4.343126,-1.145939,-7.788203,4.077335,-2.306435,3.480122,-2.358950,-1.929142,1.636652,2.078623,-6.727249,-2.445435,-0.677977,2.159243,-0.444536,1.795383,4.371675,-1.280809,-4.605101,0
-3.283144,0.452169,5.432650,-1.770426,1.256306,-0.683661,5.199738,-2.243988,3.193167,4.885447,-12.305270,-1.668379,5.403688,5.955931,-4.020571,-7.299260,-5.407558,-3.932884,3.866812,-4.890308,0.044638,2.894732,-8.708867,2.163107,-1.122993,-2.988846,0.008890,-7.173800,-3.511051,-0.557606,0
0.142199,-1.917488,-0.166693,-2.469860,-2.196560,-6.948105,-3.732401,1.341108,5.441723,-2.869789,1.790472,-5.264835,-0.129089,-0.387011,4.572657,1.557421,-2.951231,5.354830,-4.881113,-0.304770,-4.559183,-3.286558,-2.756674,6.526405,-6.022642,0.807898,2.707973,-4.840992,-7.201756,-0.675518,0
1.486250,-1.736025,1.114786,-4.754038,1.358961,-2.692554,9.703007,0.654524,-5.548090,-1.387276,-8.373446,-6.626746,-1.604904,-7.545172,-0.645164,2.363304,-4.810400,-1.751244,0.539568,0.449558,1.080805,1.081232,0.585575,9.436977,-3.178493,6.417336,-2.519897,-0.662064,4.181278,-6.819661,0
-0.601116,-2.735010,4.906063,-1.180328,0.840357,-3.334223,-0.794228,-1.834398,-6.822872,-4.635502,-8.336462,-2.254850,-5.659286,-1.147655,1.447828,2.892065,1.636974,2.271317,3.631279,4.450632,-3.228750,-0.984520,1.936481,-3.616297,4.175997,-1.145760,-5.706548,-1.674746,7.556181,2.744024,0
-2.188713,3.631351,1.316435,1.630196,-2.668875,1.743320,2.450485,2.489624,-2.092731,-5.303368,2.447933,-1.614880,-3.652706,5.248665,-5.020422,-6.076743,1.943785,3.813364,2.874702,1.905617,-0.089430,2.744730,-2.114866,1.517675,3.937239,-4.506586,5.065233,-0.388882,1.898773,4.053009,0
1.830261,-2.240765,3.347967,-3.049250,-6.699080,-9.485727,-6.063405,0.840469,4.231045,-3.757736,-7.806627,5.669338,1.573544,5.104883,-3.185282,1.769327,-7.199894,-2.899117,-1.293592,-0.888004,-3.379200,1.655304,-0.104399,-0.034132,3.780424,-4.411678,-2.414526,0.957619,-1.669382,-4.996422,0
0.776045,4.191648,0.478767,3.090466,4.180000,-1.212919,-1.964306,-5.232893,-0.135035,-3.316320,-0.384886,-10.549376,1.430069,1.483704,0.715752,11.377579,-4.576370,0.089157,-3.689135,7.223644,-6.764236,-3.475599,-0.352922,2.722473,-3.013077,2.085424,-0.714342,-5.272806,-0.926846,-6.089394,0
3.904268,-1.844419,0.468725,-0.038971,0.563795,-8.190293,4.229897,-1.318552,3.921669,3.517408,-6.129699,-1.172606,6.558163,-7.921614,-4.993824,-5.575252,2.023340,4.802629,-3.129883,-3.189510,-4.506784,-3.669636,-2.336594,1.945869,0.234467,3.962543,0.881256,-2.551302,3.981195,-0.871634,0
-0.664425,1.070301,4.183681,-4.002998,-6.838443,4.866762,-2.463829,-12.642753,-7.522751,-8.095473,-3.077803,-4.274000,-1.331152,-3.610622,1.536158,-3.464697,-3.822840,-0.755489,-0.246122,1.057880,-3.009634,-1.086905,-0.862974,3.472399,0.745689,-3.915646,0.893345,3.988798,-1.179003,2.030857,0
0.142080,7.996098,-3.039688,2.041775,-3.652414,-1.107681,0.244280,3.630411,0.171566,0.125053,-2.700207,-0.148884,1.310770,5.476265,-6.692753,-6.685348,0.708164,0.511740,-6.619555,-2.050289,-1.082664,2.611794,-3.284348,-4.521742,3.146309,-1.302717,-1.939400,-0.815456,4.594231,0.644058,0
-7.039819,-1.505091,1.745319,4.561144,1.066105,-2.003023,-5.454409,-2.453279,-1.116570,2.487638,-3.603973,4.787735,1.601511,-5.730614,4.773317,-2.734669,-4.336725,6.421627,-5.558957,-5.187574,7.591949,1.663406,-1.209684,-1.707195,-4.674311,0.451653,-5.740657,4.718475,2.513578,3.280807,0
-5.269732,-1.202705,-6.777658,-11.642450,2.878931,-3.664732,-1.717258,1.493132,3.707184,6.110340,-1.536858,2.725086,1.322977,4.223469,-2.404356,-1.931887,-7.474324,-4.562754,-2.082987,-3.865614,-2.372145,-1.197786,-2.570307,-1.607492,-4.326345,-7.485861,-3.645445,0.795359,5.865154,-6.204400,0
-4.344370,0.877192,1.620213,3.803310,2.585941,-6.958098,-1.342283,-3.220711,3.555609,0.639559,-2.819376,-7.600268,3.289312,-1.746679,3.875654,-1.768177,-2.661545,2.782461,-4.226873,0.344147,-2.705122,-2.116266,-5.491791,-1.597322,-0.544790,7.667164,-1.237316,1.971973,-0.472565,8.055565,0
-0.714205,-4.908825,-3.296535,3.379080,-2.086435,-0.568789,2.962648,3.899614,3.536900,-2.097408,6.720453,1.460606,-3.751219,-0.529772,-5.799810,-11.638663,-4.852055,-13.304244,-3.969725,2.607903,-4.663187,1.778372,-9.122757,-3.487808,-1.982718,-5.215603,-1.653584,-5.409899,-2.289303,0.148905,0
2.571190,-4.620028,0.824709,1.964640,0.611805,-1.783966,3.817869,-10.323376,4.054518,-7.623800,-3.602861,-0.155724,-5.388041,-3.718143,-2.065481,3.762249,-3.586550,-0.054113,-2.613668,3.368790,-1.911097,-3.649961,1.377939,0.105495,0.338013,1.094860,1.838930,4.578873,-1.612556,-1.159781,0
-2.151079,-2.561329,7.136379,-8.974852,0.407455,-14.151151,-0.477463,0.048874,2.710825,1.560040,-2.862524,-8.594334,-3.352282,-1.829851,1.181023,2.585173,3.182444,-4.670574,-5.088680,-2.871086,-0.177177,3.924129,-0.129919,5.676420,0.086573,-3.086300,1.407293,-1.974142,-0.385120,-0.011539,0
-2.753374,2.420376,-1.161856,1.982401,-5.660624,-0.653910,0.549004,-5.362375,-10.113691,1.556309,4.594698,-1.630177,-1.993578,2.238604,-2.709936,-4.425615,7.256317,-3.231741,-2.338057,-1.585466,-4.289324,-0.941126,-1.812216,-2.365303,-3.392561,9.779232,-0.423702,3.580999,2.513140,-2.865349,0
4.865522,-1.947987,2.326532,2.681919,-4.767839,2.416822,1.693727,-3.482880,1.966747,1.971460,-10.100044,-6.358224,-4.491232,-8.268275,1.400749,-1.406551,-2.245043,0.706276,-9.866666,3.803097,-4.335878,3.398052,2.487392,6.675001,-8.169188,-3.788612,-6.390472,0.351318,0.699480,-0.526299,0
1.101433,1.685421,-1.157019,-4.458073,-5.305086,2.473383,-3.326273,-4.288731,6.540411,-1.785252,-1.773169,0.636280,-3.189693,2.557116,6.519583,3.663588,-10.464522,-2.085526,0.297272,1.112646,-0.620628,2.003992,-5.521196,-7.024118,-0.350639,3.869305,0.049709,0.955114,-3.932997,-1.736546,0
-3.908781,-4.288889,9.097330,-1.125986,-3.198223,1.919512,0.501675,0.224527,4.210669,2.955364,-0.484060,-4.294865,2.332352,-14.519545,-2.522657,-8.664411,5.768753,3.261822,-3.402769,-7.156068,4.910595,2.562742,8.095671,1.034952,3.925728,-6.946303,-0.938774,6.206594,-4.190653,-4.615828,0
-0.415720,3.549326,-4.119402,-8.038935,4.911200,-3.173515,1.573336,-5.053293,8.394079,-5.596024,-6.597857,-1.938854,2.281088,-5.837985,0.361233,1.201830,-4.039192,-9.276391,3.141031,-9.341987,-10.095451,-3.702063,-5.833897,1.206167,0.681181,4.062193,-8.820529,3.537756,4.875418,-8.932414,0
-6.531215,-10.068015,-2.642199,1.487459,-1.845856,3.363052,4.969131,4.083851,-0.667173,2.747948,0.216295,-2.306562,-7.965871,-0.152565,-2.254984,-2.664448,2.550472,-0.882559,-2.147108,-7.914854,4.328691,2.268915,-4.602571,7.965382,-4.173574,4.476557,-3.337284,3.352711,-0.771725,-4.851553,0
3.682274,0.799562,-7.105712,-11.204644,0.689875,3.332745,-2.602566,-2.652473,6.490604,1.198833,-6.718884,7.772448,0.802986,-4.935652,0.139938,2.395338,-3.447454,-0.443733,1.763847,-4.167173,-5.540621,-3.708584,0.354664,4.205204,-3.618261,-1.169106,-3.948357,-7.055740,4.855362,-3.838169,0
-7.217129,-3.492363,2.234859,-2.001389,-1.112331,4.581507,-5.381590,8.160107,0.609274,-3.272400,3.726440,-0.561096,8.725857,6.114809,5.750841,-7.647772,-2.399349,4.408033,-0.266747,-2.073908,2.241735,-0.525587,3.145933,-2.971729,8.346666,-1.912521,-3.442274,-10.592055,1.202559,0.843155,0
3.898062,0.167538,-1.341330,-0.901989,-8.109001,-2.746344,-3.446461,-4.312206,-2.436846,-3.642082,-1.653143,-5.880996,-0.502808,-7.250992,-2.501781,4.808929,0.832579,-5.511417,2.909636,-6.182981,0.275549,-6.549448,-0.113806,-2.922066,-2.045620,-4.938057,-6.569656,-2.188927,-6.925084,-6.655168,0
5.196035,-2.542913,-4.885096,-0.875021,-7.851672,-2.576357,-0.989454,-2.171619,4.088360,-7.154589,5.903471,-3.179317,-1.177717,-3.335966,-4.795216,2.772869,3.529709,-0.577551,-3.379004,-0.424362,-3.275440,0.251011,2.654486,-5.162203,8.241652,-0.200138,-8.076722,2.197050,3.188454,-0.588530,0
1.301702,3.345112,-5.709462,-9.150042,-1.630808,3.563883,1.114180,4.288811,-3.047438,0.562443,1.463831,-3.434244,-5.714767,-6.629229,4.328457,0.918613,0.296892,3.292059,1.136713,1.568426,6.038826,0.803780,-8.408420,4.182302,0.075224,-0.395061,-5.380482,3.762486,-1.431631,-0.054487,0
2.728378,8.392538,-6.991062,0.263983,1.791206,-10.809477,3.112679,-3.516937,-0.384882,-3.808083,-0.464291,1.770546,-2.396122,-7.473914,0.761227,-1.921579,2.486759,0.452044,1.312613,-3.610006,-2.049282,-6.297495,-2.990574,-3.226593,0.222008,5.114149,-3.187525,-0.015139,-6.248464,1.560944,0
0.926317,2.000317,-7.196468,0.800158,-7.144506,-4.596453,9.141464,8.556488,-7.767116,-6.677698,-5.722006,4.189947,-7.100010,-4.331861,0.358156,-11.958680,5.837721,2.784986,7.871613,5.896427,-6.894554,-3.732460,-7.036739,-7.463964,-2.257265,7.023571,2.444296,-9.685666,-5.542209,-2.395418,0
0.053015,-3.177032,1.496950,-6.662935,-4.736059,-3.548553,6.233454,3.159498,3.841631,-4.294991,4.189400,2.522541,-1.971638,-1.115530,-3.693457,6.698204,1.504364,-0.725176,1.250734,-5.467888,-0.892780,0.018181,4.177711,5.590477,-1.335474,-3.292711,-3.383921,-3.901648,-1.536877,1.450048,0
1.540108,8.028210,2.880028,-2.445744,-0.819435,3.827736,-8.093059,-1.665762,3.701883,-5.563951,-0.507887,-4.174469,0.309185,-3.660440,7.988043,-4.326990,-3.924892,-5.787602,-2.371588,1.452005,2.596035,-0.833452,-2.806303,-6.477648,1.136009,7.633093,-2.907078,4.910933,5.666962,5.814678,0
2.824503,0.417706,0.425615,-0.252054,-1.434891,-3.859629,3.905550,-0.028774,3.729847,2.509176,1.084469,-2.610821,-5.596391,-2.367189,2.164553,-1.370710,-6.168707,1.317516,-1.413420,0.107544,4.547304,-7.140707,-8.948178,6.174856,-1.186588,-1.256699,-1.317604,4.616541,-0.683418,-4.190969,0
-4.730465,-4.009262,2.195751,-2.738888,1.770576,-6.768010,-5.134453,2.229610,-0.431782,-5.786506,-1.186495,-0.319483,2.763548,-0.761410,-2.228374,-6.620556,6.296453,-2.338871,-0.901747,-2.763786,0.361349,-3.901398,2.662062,6.219490,-1.217737,-4.082832,-3.552031,-0.510530,-1.292809,-2.237667,0
2.200996,-4.218998,-4.023766,0.881071,4.602840,-0.727503,-5.729359,5.667753,-4.185076,-5.645716,4.225916,-6.744177,-4.773067,-3.118296,3.633385,-3.600946,0.287348,-0.536570,-1.002956,-0.834166,-3.184267,4.786884,0.259727,1.553610,-4.715130,0.380936,-3.725471,1.774633,-2.111519,2.266735,0
2.864237,3.387524,1.475975,1.908611,1.149246,-2.554167,2.938339,-4.258593,3.614508,-7.110696,-6.753419,-2.264452,5.711691,3.591072,-4.062159,4.254320,7.614000,-4.436752,6.236700,-0.048050,-3.792433,-4.438606,-2.493023,-1.754099,5.537167,-1.721609,-1.642876,-3.587709,0.100525,-2.674438,0
-1.657463,1.014973,5.083488,3.471785,1.013456,-5.855268,3.184967,-2.018141,-7.250053,1.079359,2.918768,-3.539198,-3.570070,2.747467,-4.364916,0.443380,0.818333,3.128510,-0.350945,1.341616,6.254587,-0.065805,-2.898451,-3.634827,1.261795,-0.890125,-0.619322,-0.146288,-4.097561,-3.459120,0
1.044746,0.787680,0.130905,-3.018326,2.120445,-2.209829,-9.345694,-7.783466,-2.524176,5.406561,0.589323,1.825977,5.193663,-0.452747,-5.498913,-5.619030,-2.742098,-0.649443,-2.654295,4.871599,-2.572506,-3.790689,3.364977,3.992043,2.953648,-0.070854,-11.326171,-6.146741,-5.319510,-2.434847,0
1.417616,4.514486,5.264698,-3.221403,1.485588,1.326069,-2.514429,4.134279,4.887079,1.693878,4.590580,6.177359,-4.222475,3.546705,-0.224836,-5.335035,-7.808870,4.453564,-1.319485,1.435793,2.975843,2.249943,-0.124256,-5.264746,0.443901,-7.299505,3.975245,-6.321671,-0.887369,-2.104795,0
-3.779829,-1.272102,-7.662931,-5.600432,7.216354,-6.073880,-3.816416,6.105162,-3.339628,5.513361,-0.880081,-1.066212,-2.641706,1.888121,0.215803,-5.106840,-9.182131,-4.270014,8.690573,0.904329,-2.690315,-0.945862,-0.462103,5.669729,-3.729530,-4.871771,-4.029612,5.438759,0.739206,1.805210,0
3.651257,1.512983,-7.310950,0.903959,-3.225479,1.775730,-0.148972,-1.218084,-4.366419,5.144136,-1.807547,1.130062,7.557882,1.796679,-5.610987,2.823799,-2.415308,-1.875196,0.142933,-2.329052,6.074303,4.661049,-1.810287,-3.258904,-4.270357,-4.352745,-5.166218,-2.022331,2.260670,-0.942799,0
-0.932482,2.902935,-4.289276,-3.954351,0.382069,-1.693115,0.239655,4.943789,7.533974,-7.321521,1.749092,-2.051208,-1.484325,-4.803761,0.028629,-6.030514,-0.087479,-0.451168,6.243845,0.777100,0.529224,-6.379362,-1.035425,-6.304251,3.960491,-3.089119,-2.610195,-2.177681,-3.278898,-1.254036,0
1.085775,-0.264925,4.045347,-4.057011,1.670383,-5.740767,0.426952,-4.830223,-7.839726,0.137720,0.718306,0.927637,-2.203526,-2.695227,-3.612570,0.481956,1.618265,3.986664,-3.670626,0.480040,-3.058414,1.335636,-4.529018,-4.702181,-8.781851,4.293369,-0.180811,-2.236694,2.338966,2.037167,0
-2.162359,-1.553692,8.653015,3.977291,-4.332352,-1.443466,-2.106363,3.394239,-1.517420,0.951664,-0.610689,2.631136,-1.019117,2.961155,-3.478123,2.932091,-0.376057,5.135580,-1.835339,0.316454,1.943304,-10.467820,-1.984928,-1.443043,-6.910375,1.437725,-3.650661,-5.389931,0.272753,1.602493,0
0.574781,2.225658,0.806847,-6.278575,4.904163,-2.091618,6.291990,-3.948244,-3.918739,-1.377897,-8.368596,-1.501942,-0.685900,-11.738930,-2.374109,-4.190338,0.489393,3.135860,2.675829,-0.507891,-1.017986,1.893829,-7.206731,-8.873293,5.538788,-0.433300,0.624409,1.550791,1.586203,-11.718056,0
-1.816679,-0.678442,1.253368,-6.607913,4.500238,5.035183,5.762665,3.711613,0.178999,2.396006,5.225569,-6.495897,-3.553453,-1.562057,-7.742945,-0.974741,3.179064,0.134424,-2.006689,2.201639,2.323706,2.651806,-6.088536,1.109318,-10.223305,-1.689949,-0.228975,7.234827,0.195879,-2.936852,0
-3.217358,0.940342,0.501064,-1.040054,-2.066786,0.538683,-0.731041,-8.770129,0.241505,-3.793835,-2.990194,2.981627,1.639191,0.732964,-0.662546,1.285416,1.169958,5.633669,-2.097029,-5.624399,-3.559479,5.720930,-1.571598,2.121580,1.479816,-2.608112,-4.844282,-5.643220,-9.997029,-7.978659,0
0.867651,-5.730779,-4.979752,-6.281680,2.971451,-0.476303,-4.997360,-2.980032,-2.648991,4.554150,6.486410,1.192593,0.001013,-0.456228,-0.138947,-2.422682,-1.899088,1.015553,-2.246908,1.033789,-7.827500,-3.033611,-0.584324,-3.318264,-3.363920,-3.604734,-2.084946,0.585791,13.222492,-4.794987,0
-2.989054,0.148691,-2.935369,6.000578,3.477552,-4.690004,0.539438,-6.215396,0.141523,-3.310596,-0.330088,-1.859657,0.993832,-1.912956,4.694502,5.224577,0.278456,0.244522,6.919897,1.750849,-6.779246,-4.146767,-1.926718,3.087898,-1.584988,2.839626,1.433495,2.354685,1.132977,3.128025,0
0.121283,-3.150322,-3.567139,-5.851369,2.744099,-2.988029,2.401611,-4.167721,-1.790237,1.920124,-6.006977,-5.114830,-0.650764,-4.893190,-1.352865,0.227137,4.755123,-0.426294,-3.178993,0.714476,-4.253963,-1.881819,-5.569260,-5.106489,-7.644266,-2.674591,1.010950,-4.347670,-3.820765,-0.452686,0
-4.518724,-6.416285,4.333464,-2.592810,3.133930,0.499542,-1.549337,1.805016,-5.681705,-3.860739,-0.059355,-9.449264,-5.867330,-6.766827,-2.777624,-5.801316,-2.841076,4.843609,-6.961384,3.294397,3.975883,0.227377,-3.362499,4.289843,-4.026602,1.437536,-5.622261,0.586954,-3.427738,2.960035,0
0.468403,-5.987073,1.847935,-3.698183,-4.159538,1.403994,0.986036,-1.917803,-10.103730,5.795181,0.209347,-3.396389,-4.544374,-10.425591,3.879578,-3.936262,1.346682,-3.579927,-2.825130,12.719261,-4.251518,-0.598593,2.326355,2.834513,-10.454249,-3.611025,3.892906,4.767254,4.137318,-5.972383,0
-0.782345,-2.802744,-6.801588,-0.637932,-3.709856,0.971827,5.213306,4.800955,0.982630,-5.526585,2.499908,-0.940796,2.268446,-0.000599,2.152090,3.139006,1.134504,-2.233068,-3.609297,-1.765808,-2.803484,-6.110845,-3.877398,-3.115633,-3.475250,3.462709,-3.578001,-0.669956,3.196648,2.918293,0
-0.091396,-1.709084,0.707941,-5.657261,-4.862991,-0.999670,4.242678,-7.475892,-5.885025,-6.330281,-3.460651,-6.862955,-14.092363,0.495991,-4.228527,5.308357,-2.343994,6.124313,-2.581306,9.570026,-1.653872,7.172295,-7.439937,-5.952185,-1.463568,-7.915238,-4.114319,-6.070752,-7.021118,1.633190,0
-9.804389,-2.707813,6.527851,-8.290621,6.369020,1.616060,0.545532,-8.925945,-1.495747,2.423178,5.764755,-1.627510,2.204916,0.221897,-0.428890,-3.520819,-5.186174,-3.793259,-0.842096,-1.957102,5.305145,1.695538,1.130072,-1.221811,-0.745678,-3.188324,3.386444,-6.274240,-0.537682,-0.634325,0
-7.421761,-0.716799,3.701694,0.813742,-1.677719,-0.883707,6.087111,3.405769,-4.393482,2.957209,-6.212326,-0.115168,3.899887,-1.947910,-0.834917,-0.883110,2.443407,-5.945794,1.982866,2.869387,1.812115,1.560608,0.111479,-2.413824,6.486324,8.468559,-2.531494,-7.660348,-10.836813,0.678089,0
1.935366,-1.407557,-6.020259,-3.841381,2.461910,-0.201208,1.671644,-4.223736,-2.437845,-2.250254,1.216694,2.534626,2.711351,-0.180143,-0.784958,0.452337,-7.059130,-2.929689,-0.958092,4.509899,-4.563194,-6.157858,7.424093,-3.545662,8.025419,0.855370,-4.718067,-6.958992,0.165216,5.189203,0
3.860392,3.460001,1.441359,-5.652722,-12.862875,-1.430185,-0.436255,-3.235237,8.097689,4.310993,-4.626080,1.886286,-4.699566,1.038219,1.628006,2.576283,-2.374842,-3.293539,-4.784708,-5.877133,-4.878115,-4.195551,-3.625076,-4.937931,1.464470,4.378664,-3.973951,-0.557520,-4.003244,-3.707329,0
3.892979,-6.551373,-0.190458,-5.080494,-0.605028,-2.000708,4.422548,0.143013,1.654688,-0.724112,-1.772097,-4.418541,-2.738853,-2.103180,-6.013547,-4.148930,2.463758,4.416706,-7.593637,-2.994013,-4.450968,2.280561,-4.853321,1.195915,-6.784877,3.829411,-1.480499,-6.282590,-0.261173,-1.279196,0
-2.706541,-0.440577,-3.183937,1.382879,-4.838163,1.062361,0.325455,-1.756844,-7.066775,2.251953,-2.838146,1.177156,-10.650832,2.393459,-4.520273,-2.565096,1.865973,2.035870,-1.272814,6.606642,-1.164280,-8.723833,-1.363045,-1.600489,3.108541,0.409019,-8.199614,1.641842,2.075109,-4.786184,0
2.971195,2.937035,-0.005932,-3.950245,-1.883623,-5.185080,-3.937937,-0.777830,-1.261288,-0.060036,0.166153,3.074459,3.874449,0.618372,2.803642,2.146524,-1.512280,-0.215509,6.783651,-9.471936,-3.941847,0.086544,-11.289726,-0.224287,-0.126328,1.267603,-3.379026,-2.725466,3.057184,3.322315,0
2.283611,-2.178886,-2.531918,3.356665,-3.662041,1.728502,-8.981466,-5.230280,-4.735559,-1.281862,-6.753224,-6.617982,3.800837,-3.097866,-1.084272,-4.378820,3.011545,4.090712,7.417473,-3.443665,0.894724,0.043695,-0.408773,-4.646265,-4.188637,4.358040,4.559256,0.481834,-4.121649,-3.474815,0
4.581038,-1.434149,6.600998,-3.179850,-1.946047,-7.794927,-3.912283,-0.498934,-3.439117,0.708071,-4.545143,-1.186386,2.957611,0.410639,4.627785,5.481323,-12.138737,6.518984,3.247747,6.950552,-3.180712,5.232569,-0.720394,1.315670,-1.325674,8.012255,-0.389961,-0.479109,-2.383944,1.466475,0
-2.782055,1.552893,1.264475,3.784103,2.366251,5.067804,-1.227322,-2.326563,-6.072747,-1.728666,-1.649343,5.353180,1.858309,4.131170,3.314894,-7.937244,-0.469427,-2.948124,-10.242322,3.066891,2.429874,2.133493,-6.687961,-7.960657,-3.088270,-7.408272,-3.883949,-2.945162,-0.134321,-1.814381,0
3.121786,-5.566997,-0.916655,-2.060699,-0.247965,-1.237238,2.813139,-0.542023,-5.583850,1.242794,-5.650349,6.771214,-4.054556,-8.015260,0.828686,-3.020567,9.094429,-5.718788,-12.718729,-3.518442,-2.981112,3.505856,-0.157043,2.307068,1.422733,2.193186,2.613432,-6.490688,-10.255644,1.193750,0
-0.624895,0.564976,-1.467733,-3.858185,2.705336,-3.482672,1.599524,-5.489632,-3.143141,-1.455330,-7.769506,-4.350346,-10.898278,1.273397,4.169228,1.222998,5.979813,-1.376308,-1.714024,-1.842739,-7.020187,-1.555618,0.524479,0.129314,1.217848,2.882954,0.617794,-1.387289,-5.922508,-1.462353,0
-2.811428,-7.074948,-6.569592,1.814436,-9.908013,-6.247642,-6.529154,-4.720800,-4.156195,-2.012550,-1.548883,1.351480,4.040375,1.130640,-3.522144,6.460396,-1.541246,2.238165,-2.959116,-6.131449,-3.397457,-1.327763,-10.441943,3.855923,2.721857,3.006361,4.483589,2.306772,0.538960,5.333738,0
-1.958076,5.203077,2.874142,5.002420,-3.884932,-2.199291,-1.780161,0.956335,-1.067841,0.234018,0.575661,-7.219093,-8.831717,3.366880,-3.923845,-2.749716,-1.690176,-0.653790,-3.768162,1.226330,0.692612,2.658205,0.531824,2.444073,-1.437283,-0.629307,4.521334,0.343645,-0.098572,-4.692352,0
-3.329645,-0.111389,3.730762,-3.413803,3.383898,-2.084753,-1.559202,-1.825268,0.578941,-6.905360,1.977600,-2.102602,-2.978270,-1.915257,-8.194558,3.584589,-0.022951,-1.281965,-1.695028,0.289734,-7.674876,-4.917311,-4.085104,0.233885,1.756607,-2.588652,-5.044714,-3.251644,-4.993782,0.700302,0
4.067350,-1.663420,-4.047831,-13.079355,1.566093,-2.472122,-0.822086,5.787952,-2.613522,3.780376,3.414753,2.221342,-3.066936,-4.073624,-8.285684,-2.185902,5.121614,-1.204487,-2.062309,4.370348,-0.668325,-1.186359,0.731646,0.149744,2.265276,0.324602,-1.732573,-2.794523,-6.925520,2.861019,0
