1.094460,-2.534880,0.909826,1.720282,6.446043,-1.347492,0.379797,0.221884,-4.768424,-0.684128,1.368898,5.038950,4.695377,7.838774,7.158802,-5.980042,0.709473,1.321964,6.247919,0.383018,3.532473,1.515888,0.935938,-4.604391,-3.562631,6.645348,-2.613295,1.179190,-5.414396,-5.906384,1
6.950769,4.567886,1.395458,-2.034060,0.577984,3.962423,3.950445,1.073275,3.785879,5.096027,1.294931,-2.335279,3.457623,-4.781894,4.086157,-0.764942,2.123886,-8.490848,0.990950,1.037132,-2.320503,4.256329,-1.384251,2.919519,-5.688070,3.777586,-3.161951,6.115786,-4.402412,4.263271,1
0.418978,-3.354540,2.738998,6.810139,-4.424056,-0.377586,-2.425852,5.287600,-4.420652,2.455893,-5.345120,3.200619,2.213074,4.477594,5.644539,-5.085049,-1.331114,-10.432054,-1.906227,0.138319,3.516146,8.057085,3.312038,-3.023319,-6.709769,3.034716,-1.444473,2.016645,7.784956,-2.120859,1
8.221205,6.880461,-0.232805,1.895529,-5.541357,3.655363,-4.603806,-12.821320,6.703653,-1.864407,1.303970,-5.513150,-5.022433,-5.261419,1.265274,-3.107382,2.002880,-0.488752,6.406162,5.870970,-1.613892,3.066717,4.792488,0.738304,-0.486586,-0.163589,1.244495,-1.251333,3.641487,0.363407,1
0.563675,0.270905,7.222696,4.102253,-5.279598,-2.919828,-0.097706,2.144426,-2.135197,7.580490,-1.626102,-3.202908,-1.336407,4.756985,2.647324,7.748762,6.457645,-4.686585,0.466969,-6.495236,-0.155909,6.244781,-1.742039,4.586515,0.922579,0.769709,-0.372089,-7.184076,-4.068593,0.128588,1
-6.633824,3.939754,2.795298,4.279011,3.385494,-6.239100,3.327192,0.480791,-0.905069,5.718216,-9.057876,-0.083347,3.085957,2.450642,12.936638,0.366163,0.088236,-3.033865,6.400423,6.788425,2.376968,1.925644,5.537539,1.056095,6.777491,-0.439688,1.923811,3.294800,1.270676,3.604004,1
2.326612,1.038376,1.203623,4.162336,0.331406,1.777084,-0.701315,-7.205701,-3.822713,-4.109500,-2.964682,0.136047,-0.022083,2.594057,3.660946,-2.885202,-3.341404,-0.141870,7.629183,-4.745461,-4.407065,-4.070528,-9.903305,-1.788239,3.766224,-1.306450,-10.246360,-1.279291,0.886992,-0.319532,1
1.320814,1.389524,3.092295,7.739262,0.036745,4.761671,-4.854022,-2.390812,4.024494,1.436596,3.480570,6.001593,0.667170,2.708759,8.030685,3.734957,-12.503734,0.636616,0.680283,1.563404,1.080864,-1.831909,-3.075441,-2.424862,-8.019660,2.146961,-3.326656,3.322025,-1.595333,2.217529,1
5.582882,-2.967945,-0.468561,-0.621798,-7.890786,3.055941,2.798069,0.415302,1.218500,3.362066,2.204859,2.782370,2.030598,0.460278,-6.873752,6.941154,6.875782,4.882288,4.775770,-1.256866,7.334152,3.171486,7.144724,6.329069,9.653618,-1.763500,3.798834,-2.010195,1.779177,-2.914001,1
-1.803139,6.690912,8.908588,5.889414,2.060070,0.259115,-1.968281,7.800812,2.420174,3.158661,11.204378,2.655210,-1.847841,1.480755,-1.331800,1.831697,-5.999509,3.698942,2.337475,1.023733,-0.146561,-1.028212,1.142572,-0.821083,2.515949,5.396717,-1.346035,-3.587999,-1.324266,1.786119,1
5.974279,0.177307,-0.729553,2.017832,2.403141,-5.201510,-2.947550,-2.119967,-3.835023,3.529346,1.691294,-0.047173,3.738512,-0.151827,8.718960,0.053442,2.649630,-5.248616,-4.649428,4.056036,-4.415622,-4.854376,-0.001177,-4.739414,1.395586,-2.204115,3.112053,-3.098372,0.818623,7.746624,1
-0.388243,2.202602,0.333923,0.596357,4.712574,3.841328,0.757507,6.261810,-4.503886,-4.561852,4.375557,-1.100128,2.486193,1.538580,-2.713699,0.271498,2.056059,6.987986,9.845991,-2.614990,-3.916540,8.057316,-0.120344,-2.994446,12.246605,-2.173151,-6.052648,2.642776,0.253199,-1.165283,1
4.776562,5.545683,1.022150,-1.268570,-0.501575,0.590208,0.292986,3.458612,5.293774,-0.969879,-7.625175,3.894346,-5.532166,4.829618,0.559406,7.322311,0.105320,-6.899200,2.299520,3.812040,1.554506,-0.379057,-1.642376,0.596354,1.855194,-1.339348,-3.012623,-1.076679,-0.186131,-1.127823,1
-0.947395,0.954609,1.819855,1.921751,3.203470,3.859564,-9.711571,-2.848475,-1.492846,-5.093363,6.522978,3.538185,3.729870,2.848158,1.008146,-2.386362,7.324064,-1.456490,-3.073441,-2.215239,1.179726,1.210760,8.711205,-2.092787,9.479074,-7.552120,7.475456,5.844427,-5.218247,0.168116,1
-5.246621,-3.954576,5.928488,-4.778855,0.952589,-2.163101,-6.798356,-6.050266,-1.610403,4.002079,7.759464,-3.059284,7.731810,-1.323561,-3.369808,-1.706902,-3.260702,-2.721056,5.381262,-1.434753,4.995232,1.752932,-1.874743,-2.233410,0.620548,-3.512342,7.412249,3.396193,1.495319,2.318026,1
-2.471603,-2.665081,-0.085875,3.426168,-1.730518,-3.947134,-0.028587,-0.563559,-1.834587,7.566366,-0.348417,0.432369,4.353668,3.084494,1.221178,-2.564928,-0.745335,2.331169,2.205179,2.869190,5.599569,0.056593,7.997925,-10.637633,5.952454,4.723097,4.506042,3.598017,0.474773,-3.156759,1
1.468927,3.225992,-2.513632,-0.365538,-1.656563,-6.675796,-0.302473,4.689823,-7.275826,-1.353357,2.871140,-0.227551,3.248556,4.680569,2.101032,-3.710817,1.400209,11.254257,-0.337284,1.176844,2.586334,0.785036,2.652071,1.211422,0.489235,-0.716217,4.424120,3.682730,1.003277,-4.275946,1
-3.643017,4.693924,2.050894,5.933418,2.246078,-0.973621,3.977852,0.559072,3.281446,6.285666,-3.806519,-1.356642,2.895260,-1.760920,3.522905,5.549105,-5.152327,9.831999,-1.038897,-3.327650,0.456198,7.292673,-2.981056,-4.055571,-2.734690,2.262640,1.310984,3.745762,-2.308626,2.619804,1
-0.540668,0.280724,-3.414980,7.381411,-1.868448,-1.731705,-2.025318,-1.836842,-1.199724,-1.203598,0.320421,-0.471870,3.898153,10.454300,-2.509981,-3.903237,2.650047,1.647036,-4.638492,-1.230551,1.512150,-3.895256,-3.925435,11.454435,-1.752762,-3.264116,0.025414,11.832256,-0.240789,4.308342,1
-0.591232,-3.092707,-2.008366,4.575911,5.620228,5.383202,1.974600,1.745806,-4.604467,2.182726,-4.509328,2.182192,2.004589,-1.783812,5.699593,-3.877451,-5.020376,3.390566,4.266485,5.211197,9.190495,-0.344786,-0.003489,5.742134,2.396471,-5.593122,-1.664345,-1.479124,8.054348,-4.055621,1
-3.346693,2.103561,4.033892,-1.277126,1.296978,-4.686595,1.446232,-0.857971,-6.334490,-9.175616,5.218752,1.787664,0.006756,11.044060,1.726931,4.323088,5.299480,8.442944,0.184389,2.470322,6.130308,4.230005,-0.552746,3.124781,1.034306,0.814219,2.193281,6.170275,0.095245,-0.950510,1
-1.213018,-7.403139,1.428640,0.834351,-5.696913,1.346922,3.332552,-2.641907,1.700054,-6.098317,3.227703,-7.200793,-2.866537,2.908440,5.501863,2.642445,-7.197933,-3.122093,1.078403,1.919453,3.652908,-0.516550,-2.009306,-4.771671,-3.757542,0.179384,-5.982457,-1.326704,0.031132,5.367558,1
-0.110512,1.244574,-3.158262,0.186983,4.749016,6.326569,0.117458,-1.110075,-7.928112,-2.194620,-4.702950,-0.591318,-0.025326,3.035458,-0.828562,-1.204947,-1.030302,2.707367,5.622744,-0.614397,0.440243,-6.873014,-4.202876,-3.663918,0.140234,8.606085,5.723654,-2.933296,4.233627,9.563505,1
5.842226,-1.854490,-0.739313,-1.463207,-0.728821,0.509073,-0.427696,-2.172091,5.046755,0.076574,-2.879059,0.736115,-6.511168,-3.252537,4.360464,5.900812,2.120316,0.645458,2.594730,1.754181,3.400682,3.122957,-2.634079,-0.754663,9.911360,-1.970999,11.215332,-1.679117,-1.473774,4.820148,1
6.393635,-5.022159,-4.638911,-2.922705,-0.682676,-0.849226,-6.925035,3.768913,-2.997452,5.634731,2.715891,1.118284,-4.017159,2.215662,3.192345,2.678034,-5.032587,-0.625902,-2.800358,-6.951289,-0.604189,3.905401,0.832764,1.934113,-13.624280,-2.810202,-0.573380,-0.452171,6.354290,0.191853,1
4.265390,-1.419361,-3.574646,-11.874987,0.498343,-2.643526,2.196989,-0.268770,-5.685800,2.671495,0.461554,-1.283907,1.175610,1.444204,5.681070,0.122755,-3.291426,2.563761,-2.497578,1.804081,2.751022,6.731100,-0.335190,2.981575,-0.533909,-1.308918,-1.429472,7.012583,3.211258,-1.069727,1
3.616665,3.648060,1.801208,-8.081429,-0.573116,5.417349,2.485928,-2.709867,4.583399,1.424166,6.405100,1.765764,-3.209517,0.626532,0.888248,10.710674,-2.588663,-6.378983,2.628725,2.682007,0.346540,4.335728,-0.356184,2.997791,1.022196,3.805960,0.192205,-7.300014,4.292448,-1.140440,1
9.572109,-1.367809,6.069857,-1.114046,1.546860,4.177158,-0.589808,4.573036,-7.293249,-2.489178,-1.463512,-0.356741,5.231720,6.912230,1.682566,2.484703,7.941929,1.880180,-3.563468,0.942804,4.700274,1.210096,3.112360,2.663244,-6.739358,-2.138777,-4.283333,7.009245,3.219543,9.198437,1
-1.550257,2.360485,6.531733,-2.505898,-1.849842,5.510542,-5.849055,-1.523636,-2.946482,3.401211,4.181200,1.291742,6.895138,3.904690,1.772877,1.115980,-2.025732,-3.245636,-0.752417,2.754965,-0.179728,-0.558445,3.776028,0.403543,0.842850,2.233839,-1.985985,8.216507,1.530006,2.453997,1
0.901785,7.374176,4.608055,-5.392127,4.276564,4.985365,0.990702,2.551836,2.781046,9.260183,9.028797,-0.258814,3.408382,1.495018,-0.354485,-0.411198,-0.510469,3.217138,-0.627985,-2.069483,3.372486,-2.870792,7.714771,0.902739,8.928089,-4.128635,-9.015862,-0.978966,-1.430845,2.602169,1
-4.783834,1.028450,5.365482,-0.594997,-2.710960,1.136879,4.308746,-4.529018,-2.219719,5.055483,6.563229,0.259249,5.390709,-2.579094,-1.245846,6.212168,4.639654,-0.487465,-4.524311,4.177797,-1.311644,1.038130,4.716494,-2.051579,5.853479,7.086922,8.483263,4.532600,-0.721535,-6.911449,1
-3.034834,6.932402,-6.033702,1.471165,2.931290,5.642588,2.176504,5.482494,2.529942,-11.353282,13.063953,0.900194,7.093584,3.846910,-1.267380,5.578360,1.079887,-6.770446,3.659719,-6.687816,3.619247,-6.150185,0.488733,0.963852,2.962444,3.055445,2.454153,2.628927,-0.835827,-1.454678,1
0.491312,5.514246,0.446421,-4.257944,1.345577,-3.185068,-0.918715,4.029959,4.892881,1.640579,2.893501,1.274050,-2.811768,-4.594983,6.846199,-6.022507,0.545731,-0.112635,-12.243452,7.007730,6.646946,4.885180,6.991241,2.048084,2.685320,-0.067488,2.104303,-1.243706,-6.841613,4.109907,1
0.172001,-0.919882,-1.854548,0.911575,1.477190,0.610804,-0.824785,5.398241,-3.696329,-0.346260,-0.974510,3.483841,7.668362,-5.174799,2.105015,-1.996359,2.568897,-0.738428,-4.938144,-1.218611,7.930679,4.419382,-2.500372,2.109943,-4.930332,5.298637,-0.878616,6.879410,-4.412297,2.670183,1
-0.778778,9.532463,-0.617531,2.059938,-2.736231,-0.335955,8.110519,2.888203,2.767235,1.566641,3.371563,-3.360319,-4.064894,6.762508,2.678167,3.164661,-5.364664,1.127987,-0.247219,-3.581306,-0.970377,2.975607,3.037125,0.452795,7.736538,-1.919512,0.053535,-0.649223,2.664793,-1.973379,1
-7.943681,5.100262,2.176851,1.345011,4.022255,2.295759,-3.051491,0.577888,12.373222,-1.987787,2.116682,7.297039,1.746752,-1.940187,-3.371225,3.233341,-5.064996,-6.172102,4.562378,3.166048,18.243664,7.395922,1.314068,-0.668888,0.511080,1.383856,-0.356590,3.740030,-0.971737,-0.861393,1
1.100348,-2.263208,-6.940006,-1.691744,6.605251,0.032080,3.998989,2.459866,4.737125,-1.619335,-1.437122,-0.769619,-9.042562,0.154810,4.796545,-4.734888,1.026228,4.485989,-3.576908,-0.184517,2.219482,3.407152,0.410315,-2.683838,-1.253368,1.455763,-4.474485,3.762569,6.505165,5.481375,1
-0.281628,2.891649,-3.838287,-3.077093,5.144489,0.571482,4.260473,-1.150150,1.146118,-4.882359,0.315386,1.531263,1.296963,1.121675,-3.860788,2.461229,1.942696,1.642185,2.282452,1.401861,-1.384216,-2.596132,4.562588,4.319334,4.070805,2.539061,9.003376,1.648977,-2.552370,-0.297180,1
3.027382,-1.238316,-8.376300,-1.914841,-7.463330,-0.431746,4.924568,1.548506,-0.949511,7.229856,-4.339911,-4.880491,6.029537,4.969616,4.451624,1.908009,-0.400911,1.593302,-4.903727,-0.121731,4.062223,-0.282131,2.658237,-5.927546,2.500263,2.574415,0.646645,6.222334,1.305466,-2.167030,1
-3.487680,-3.459116,-0.697906,2.406006,-0.924431,1.810820,-2.857424,0.909513,3.054888,0.648542,-6.052570,9.121597,1.070219,3.658796,5.959229,0.710224,0.742849,2.041584,2.495003,-1.396145,1.458315,-0.909100,5.475317,1.295134,3.000837,-0.654417,1.202620,-3.094933,1.965237,-1.549726,1
12.077816,-2.065266,-9.410316,-0.395393,-2.128851,-5.914841,13.543697,9.489227,-1.873022,-3.010382,0.350664,8.128132,-7.142291,3.151884,1.666693,-4.374437,0.116350,1.072369,4.162333,2.506123,-2.772299,-4.338634,8.188017,-5.144207,4.119345,6.890486,8.605185,6.289549,3.271111,0.586483,1
6.005676,2.391882,1.696236,0.231663,-0.216690,-0.476254,-0.237522,0.625166,-5.870009,7.397675,7.349751,-5.954735,-4.002594,3.247046,7.413876,-0.172668,4.926483,-4.024138,1.712339,-0.742004,3.419775,4.443630,0.406950,7.933632,-2.641819,5.194904,3.728611,3.448200,3.828417,2.950846,1
-0.787893,7.726183,3.160093,1.467514,0.628695,0.703880,2.319094,3.654087,5.920103,-3.351255,0.581650,1.649242,-3.276806,-0.510206,-0.258015,8.284492,-7.982422,2.578203,-1.822781,4.062664,6.071869,1.173294,6.097397,4.325394,3.704182,-0.838037,4.964258,2.690380,-2.946985,1.060467,1
5.282980,1.836729,3.901552,0.047310,4.717054,7.327288,0.158154,6.009590,0.926105,-4.728195,-3.584326,0.299595,6.154333,5.053112,4.965649,-2.196861,-0.472013,-6.907149,6.427956,-8.161585,9.434032,0.672775,3.598579,-7.210052,-6.087104,3.027912,-1.744270,12.096104,2.589592,-4.943346,1
0.042887,-0.756231,-1.156979,4.081615,-1.846031,6.845882,5.581976,1.832783,5.970650,8.022852,-2.523230,9.152527,3.668417,-2.324980,6.809431,0.532070,0.456377,4.138069,-5.794231,4.133888,-1.960535,-4.355643,0.793015,-0.913830,-0.395031,-0.217993,-3.869052,-1.691254,-6.619165,4.381464,1
0.769636,-3.232838,2.191853,0.567694,3.460802,-0.256115,9.510794,-6.396390,-0.166859,0.643320,-4.084215,-1.382126,0.846645,2.495569,7.624142,0.817877,-3.512587,2.293180,-3.427423,-4.110373,1.226606,0.081133,-1.152769,5.387888,4.332037,2.638472,2.078106,-1.011574,0.068779,-8.683136,1
-4.431767,-0.771669,-0.298532,-3.061855,3.767550,3.651661,-2.116814,2.133871,7.284899,-2.825083,0.294077,2.359285,1.331068,0.320169,-4.538759,0.166641,8.238607,-2.742342,6.842253,1.067942,6.409250,5.657211,1.087023,-1.428181,-3.466042,2.259842,2.300785,2.407398,3.915939,0.055798,1
2.081478,-3.094828,5.897749,0.083824,-10.568881,-3.598933,7.571291,6.645765,6.167465,2.550066,-0.992601,2.162386,-0.708313,1.216869,3.717693,3.069513,-9.269747,-4.396131,5.948095,4.156614,-0.262562,2.018164,-1.755009,7.808088,1.547201,-0.232229,-3.371437,0.085609,2.413706,0.483513,1
-1.210083,3.399063,-6.134452,1.776552,-3.400295,0.088848,-4.469453,5.228020,1.657293,1.438173,-1.691031,6.751539,1.356258,3.158680,6.405014,5.743259,-0.346310,-0.451897,8.330139,4.202646,0.381577,3.488688,4.359354,-0.164587,0.196566,0.065577,3.308285,-3.090822,-0.576900,0.957256,1
5.110664,-4.183795,1.691425,2.055519,5.207384,-1.109697,-5.272244,-1.690727,-0.287605,6.835152,-4.244084,-4.435509,-0.872776,3.368549,5.307161,-1.993610,3.551794,-0.972507,-1.470274,1.488245,-6.684321,5.517702,0.147791,7.036972,0.825876,6.162886,-3.231035,7.983763,2.889235,6.371809,1
-3.524527,0.854734,-2.258322,1.248905,1.799618,-4.127584,1.043165,0.368507,0.019785,-2.133545,-3.016146,2.304468,3.283592,1.211802,-3.074600,0.237812,5.889534,0.495726,3.402777,4.115208,1.498169,1.133860,-5.214230,-3.310032,-3.164894,8.849438,-1.865374,-2.148113,6.898167,0.013588,1
1.899883,-5.943699,2.605503,-4.854846,-0.785505,-0.682056,6.614214,1.122869,1.278345,-0.705187,6.011683,2.684696,-3.584485,2.267881,8.654482,-0.640522,-0.927750,-2.297672,5.785278,10.287813,-1.223570,-5.424841,-2.414291,-3.479490,6.547251,-2.988205,7.409773,3.378687,3.362194,3.006557,1
3.310900,-2.740854,-6.183064,2.528950,7.245754,1.949718,5.054646,0.541119,5.660892,-5.774111,1.952755,0.629318,-7.001052,-1.612617,-1.292107,-5.883851,1.491051,10.424330,-3.110620,3.609648,0.401855,3.513769,4.796751,5.908987,-2.746620,-2.478239,0.707031,2.704885,4.464182,4.909937,1
3.069254,-8.987442,-1.367270,3.211781,1.623405,4.526539,-0.222679,-3.368893,6.205551,-3.059858,-0.255627,5.857912,1.602566,10.097509,2.135139,-0.587814,2.527613,-2.581900,8.747313,-1.784611,-1.362597,2.997583,-4.371658,2.102072,-1.851515,-3.213394,-4.538687,-0.098608,-0.677162,1.954458,1
0.736284,5.047062,-7.864583,0.956751,-2.909239,5.115017,-11.669116,11.512922,7.253956,3.716251,-2.349815,-4.533300,3.546576,-0.226566,-3.477900,7.011343,4.778708,0.687170,-0.615931,-6.986244,0.985365,-3.202089,1.852020,0.097582,5.488123,0.993860,7.122526,5.168541,2.632555,3.256758,1
-0.785412,-10.990334,-2.038839,3.688530,-3.931411,-3.729456,1.033030,-1.817141,3.394772,0.576645,6.310545,-2.125778,-0.587978,-1.414135,6.622374,-2.728699,-6.077131,8.283487,2.925491,2.582579,-4.024395,-2.455578,2.227232,4.672050,0.779602,1.048079,2.690556,2.821320,6.006233,7.092964,1
-4.932150,-0.298479,-4.414062,7.344238,1.564089,-0.048840,-0.310411,3.430302,2.852543,-3.560348,1.008396,2.403923,4.759745,8.951582,-0.644991,3.652925,-2.261431,-2.276110,4.569464,7.692955,7.930071,5.166489,5.561529,1.607328,-2.944456,9.049704,4.366993,-3.049881,-2.388390,-1.446512,1
-0.322479,0.929941,0.686625,2.228212,-1.985098,4.103815,-0.403904,-1.073156,0.725393,0.459625,2.297520,-2.326975,-3.582889,2.200724,6.328459,10.616241,-1.352089,-7.922493,2.846478,-0.952637,-6.177491,-1.806881,-0.781456,-0.226303,4.864613,0.941769,1.087910,2.186922,-6.905939,-4.101993,1
-1.114414,1.117338,-4.092284,3.143929,-7.210766,7.447735,7.547487,4.969988,-7.081856,7.364723,1.947792,-5.633389,0.396336,-0.781416,3.901592,10.015524,-6.008102,-0.010542,-0.391171,8.325876,-7.045098,0.181147,5.181887,-3.994453,-1.827587,-7.567482,3.312782,-2.016081,1.591286,1.382414,1
2.405357,11.553701,-5.116138,-3.197035,-5.432876,-0.722195,1.140902,-0.151556,-0.528797,3.044127,5.622028,-6.765388,3.331749,2.878550,6.957941,-5.676805,4.220299,2.485424,0.479977,-2.741110,-4.270583,2.746130,-2.868273,-0.884344,-0.181398,3.186789,-8.832701,2.788998,-7.238325,-7.102142,1
-5.773540,4.116035,5.033794,2.441593,-1.204081,-3.601867,-0.715965,-1.168102,1.608215,5.464798,5.403143,4.243593,-5.349361,3.014395,2.928122,-0.768885,-2.679291,-3.406946,-0.717207,3.637781,11.809210,6.639006,6.199358,-2.039558,1.879581,2.145964,-2.378372,0.689201,3.568401,-5.134146,1
-1.128321,-1.698608,6.858065,3.402645,2.527241,1.520224,-5.065680,-0.272383,-5.342305,1.707691,-3.905311,-0.203033,6.898867,-1.274021,0.806862,0.441128,-4.617059,3.606897,0.222181,2.859184,-8.714565,2.654789,-5.493493,8.890085,6.735003,4.893255,-5.820423,0.982437,10.570744,-2.120464,1
-8.912176,-5.532991,0.850159,1.925898,-2.238300,2.552301,2.931435,1.566355,3.187258,-0.751316,-5.914998,-4.873587,-1.535570,-1.985081,4.863314,0.839447,6.756104,4.606382,-2.600607,5.102219,1.606604,6.069893,2.645634,0.267843,9.529266,-1.346472,0.303303,-4.749404,0.326422,-4.391357,1
-5.437802,9.308916,-5.876762,7.006956,1.841911,-1.253969,8.184513,4.037870,-11.009965,7.114712,7.286394,-4.365686,4.638626,6.112183,-2.451147,3.547621,-5.322303,-0.690996,1.732824,3.166229,-2.644749,2.016512,-1.323580,3.864588,7.036306,5.394768,0.540369,-5.247976,4.461523,-4.540241,1
0.029472,-0.188093,1.797348,-0.344170,8.796984,6.238508,4.274126,-5.171557,1.587341,4.122871,1.132793,3.872454,0.739494,-2.693357,3.843784,-2.899836,3.361708,4.764736,1.812643,1.645962,5.968945,0.707560,-3.965383,6.942198,3.002436,0.837996,-4.737993,7.160143,0.274817,-3.313570,1
-1.484674,1.884621,-1.106112,-0.016905,1.801517,-0.237659,1.765930,1.177645,-2.357962,-3.157028,2.691143,-1.548021,1.507853,4.294981,2.883951,4.912397,8.694666,0.405502,-2.468542,3.174028,6.601460,-4.823231,-0.625715,0.388372,-5.538480,2.920897,4.171204,2.187109,1.804104,1.150419,1
4.779726,-5.748583,3.956018,-1.278587,5.834642,-0.146547,5.846195,-2.262192,-3.722986,2.149057,-0.693569,4.749968,-1.122768,5.562416,8.543491,-4.162364,4.111433,-2.767580,5.370535,3.152836,3.375441,-0.496763,-7.219207,5.910131,0.694281,-5.591708,3.743727,0.096401,-5.348760,0.591705,1
-0.558744,7.999981,-5.467473,1.001028,-1.267965,1.723078,-2.457962,-0.268051,-4.969443,-1.554115,6.553268,1.405361,-1.075232,4.336863,1.345570,-1.292967,0.390940,8.490358,1.336773,-1.182404,-5.457906,5.650450,-1.385904,-5.673323,-0.068169,-6.373624,0.365789,-2.024437,1.119184,-1.402615,1
-2.445732,1.301554,2.413662,0.627790,5.019903,0.612005,-1.654829,3.184050,4.731268,-5.091182,-3.045698,-2.850515,10.659073,1.209929,6.237431,-4.505873,0.715687,-0.517857,-1.493786,0.115936,-1.317665,4.477020,0.188736,-5.480832,-0.546701,-0.277493,-0.652914,3.700727,-8.212098,2.286648,1
-1.332800,1.759918,1.796013,-7.009593,1.441488,-3.691206,5.888155,4.091610,11.628679,-8.040472,3.869730,-2.688791,-3.489601,0.768484,-3.331032,-0.101372,-0.442831,6.760784,2.917091,6.233343,5.839630,0.393578,3.372278,1.906145,4.654955,-1.913328,7.361359,7.408308,1.011873,0.951338,1
-0.572824,-3.663064,3.333677,-4.122964,-0.331974,4.033340,6.816679,7.813982,0.433088,-7.498281,5.790602,9.143110,-3.791344,-1.605190,-3.046186,5.078293,3.399046,4.777666,-4.106503,0.679277,0.815701,-5.956059,6.312063,1.138248,3.670652,2.044596,0.018253,0.078279,-0.860941,4.207876,1
-4.981009,2.046663,-0.216587,-1.848839,-1.215637,2.077021,-2.962103,-2.281860,3.840488,4.758547,-4.717490,-3.989286,-3.773604,-1.374834,-4.300159,4.135880,3.027973,2.194193,-4.120655,-0.312338,-0.690228,0.984194,-1.739868,5.303566,1.880146,5.002783,-2.603861,3.201300,1.348087,1.493622,1
-2.046320,0.509695,-2.649492,1.612120,10.231501,-0.317205,1.781916,-2.838188,-1.463697,-1.263430,0.373310,3.543133,2.038908,-4.674557,5.222366,3.612350,-1.278730,1.188389,0.744904,9.177391,5.400013,-1.458551,2.855913,-1.712749,2.225996,-3.337492,-5.450168,0.388256,12.708176,-0.997326,1
-3.202246,2.188450,1.317596,-3.313530,1.224825,-0.118711,4.126778,-1.151896,-2.774538,-6.883133,10.813236,0.245144,-6.901574,0.785990,2.011593,3.933521,-3.631263,-0.547953,1.772356,3.765270,0.025417,3.814447,2.099567,-12.672050,-2.508278,-3.874653,3.477411,2.633139,3.851719,-2.887960,1
-0.158382,-6.124880,-0.258106,-1.774340,-4.778305,1.174971,5.930529,4.237482,-3.832146,-3.929222,8.862907,1.843233,0.824720,1.369526,1.032206,-2.679419,7.157442,0.339893,-1.891932,-5.538589,12.901203,0.977415,5.585852,4.312056,1.206459,6.863302,6.860531,-0.619080,0.223244,1.271963,1
-3.292114,4.557674,0.056051,4.841236,2.474819,-4.315205,-6.164902,-1.520346,-0.849083,-6.741402,0.643593,-0.430456,1.289419,5.855862,0.993900,0.047495,-1.399250,7.866121,6.772560,-1.111221,6.946283,-1.728058,0.669514,0.920889,4.147057,2.860056,2.756489,2.139730,6.400906,-0.828691,1
-1.985142,2.356266,-3.523090,1.305145,2.747490,2.018576,-10.543518,-0.746572,0.681482,-0.558054,0.994755,3.868734,-2.207628,7.398951,4.018654,1.578962,3.717348,-0.848928,2.328121,5.480791,3.553099,-1.649811,0.063929,5.956064,-3.679577,-1.392311,-1.003321,5.362549,-1.818407,2.998438,1
7.865719,0.259407,-1.377272,3.687077,-8.884126,2.618845,0.583366,4.788294,-0.396011,-0.016588,-1.469114,0.937592,-5.778184,-0.177803,5.073217,6.696419,-1.371910,1.864595,10.585121,4.551580,-3.814714,3.667774,3.254808,5.298937,3.029928,-0.197081,-0.342642,4.144564,6.675768,-2.760771,1
4.569433,8.323923,-7.244140,0.884672,2.612198,9.848801,-5.365895,-1.857759,2.966923,-2.347425,5.327366,2.808178,3.647207,10.137630,7.034046,3.939474,-3.550083,1.469980,6.979240,-0.664490,3.380045,1.510693,3.628557,-2.121180,-5.454221,6.047169,-0.206934,-5.920765,11.587076,3.359449,1
-5.124483,-0.342598,-1.091915,-5.183105,3.957483,-1.779224,6.783909,3.040966,7.871548,6.040314,2.619431,-1.826071,2.033487,-0.989391,4.423656,-1.361500,-0.735630,1.573017,4.223667,-1.777092,2.785677,2.915062,2.406317,6.797197,-4.027843,5.053921,1.747044,2.667727,-3.232534,3.235046,1
1.614872,-1.348446,3.595646,8.658331,-3.076977,0.716644,7.811064,0.396067,7.895531,6.988461,-2.089746,0.244345,4.605902,3.489475,0.856714,2.392042,-2.398039,1.773140,2.907455,-1.481108,4.428341,3.252115,-3.465218,-0.028440,-4.534769,1.670815,3.623035,2.663046,-0.766930,0.286139,1
1.802128,-1.341936,2.302679,1.782576,-4.644535,-4.535298,2.229139,6.340508,1.490395,6.813744,8.780890,-0.344452,3.953239,-2.334501,-0.211798,0.973221,2.492376,7.790337,-8.508462,2.873606,-5.488626,2.061655,-1.940550,-3.214504,-4.891163,-1.610708,5.848787,8.928581,2.541157,-8.601388,1
0.650131,0.925323,3.211258,2.793844,5.336620,-2.048693,0.897453,9.284321,1.570177,1.530991,-0.207214,8.459808,-0.571756,0.249777,2.489861,1.006048,7.002684,0.994137,4.510359,-3.303968,-6.455262,2.884029,-3.624139,0.177736,0.327032,0.047613,0.296486,-3.953190,-5.581889,6.369061,1
0.466990,-1.322954,-4.363782,-1.783617,-2.657005,-6.455164,4.065498,5.935497,-3.863252,6.233540,4.758385,1.245815,-4.577612,4.939676,-4.414866,3.137743,4.095604,-0.481087,-0.846754,3.463863,-3.276678,-3.589859,2.400724,6.350941,5.283216,-3.530233,8.167727,4.067785,3.660099,-2.783113,1
0.792393,-4.323255,5.740988,-0.484829,-6.352388,4.324549,4.962841,-5.094792,1.639967,0.249729,6.267256,-5.189769,-0.513699,2.656382,-4.874854,-2.546230,6.274687,0.368074,-0.830542,-9.167479,6.320007,4.902094,-1.264971,8.658924,1.335461,-7.059543,0.634773,3.432053,0.024296,8.744419,1
4.855635,2.196239,11.302263,2.908747,-5.322474,0.211823,-4.368268,0.578032,-5.593842,2.734184,6.404850,-0.740534,7.088114,3.492229,2.199303,-7.529328,-0.835012,-2.855860,-0.709019,2.729002,-5.888149,3.162420,-3.358526,-1.517981,3.654905,1.262743,1.159046,10.548065,0.428846,2.147266,1
6.093649,-0.890108,7.006937,7.510626,15.271080,0.939592,2.138214,-0.859039,-2.436975,7.911842,-1.073355,8.762247,1.731323,7.085930,-0.344204,0.162909,0.709066,-2.819712,2.100985,-3.608469,5.159246,3.304167,3.420912,-3.595862,-7.348253,5.443655,-3.023321,-0.985233,-2.596601,2.693224,1
1.619713,0.082850,-9.762374,-1.688000,9.642523,8.054176,-0.544804,4.349358,2.034128,6.813841,6.722897,-7.232491,-4.291023,2.225964,0.882839,-8.357898,3.343510,0.610600,5.267311,4.887936,4.003311,-2.132460,2.380651,7.379313,3.679543,4.193954,-1.749994,-1.496128,3.919239,4.132475,1
-4.725901,8.081944,0.206301,-4.944330,-4.791751,-1.692692,0.054190,-3.584379,5.079880,6.456381,1.831150,-3.024574,1.447262,3.505869,9.059946,-3.377403,1.119423,-0.443769,5.507885,-2.847702,1.778236,6.049093,3.051765,4.784441,6.112383,2.976727,-1.280415,-1.961817,6.953436,0.038153,1
-0.818089,6.182371,-2.821266,0.830948,3.984888,0.180771,2.848063,3.665689,4.244547,0.790361,-3.483953,0.477266,2.254206,4.347288,-3.555579,6.153765,4.607969,2.172110,-2.998684,8.922489,0.524923,-2.973597,2.211523,1.026859,-2.012472,-2.058884,1.828314,0.617777,-2.990347,6.090328,1
-0.911880,5.415989,-3.742745,-4.298428,10.238384,-1.090530,7.014393,2.742380,-1.461082,1.201162,3.313341,-2.896418,1.174597,4.202564,0.011932,0.586117,5.933472,7.309580,-0.543871,1.925156,1.832272,5.118572,-1.317636,0.549177,-0.919882,1.995907,4.860786,5.327944,5.408590,9.281801,1
3.785866,-7.109005,0.332243,9.812557,-1.327694,1.512655,-2.882023,5.438314,5.499739,-1.437876,1.848412,1.059164,-0.976984,-1.882208,1.024637,-1.626839,-7.089156,-4.292132,1.393753,7.019503,5.077021,5.329233,0.235765,1.003651,0.134026,2.058561,0.613863,-5.221601,-5.661146,-3.094511,1
-0.880117,1.379637,1.218903,0.482126,-5.761421,3.420870,3.177559,1.896931,5.794632,4.160702,-2.513674,2.880026,-2.588957,3.763580,3.575258,3.804771,4.167322,0.734827,-3.669305,6.885227,1.397976,4.727894,-3.788061,1.259232,0.741192,2.292370,-4.219879,6.537096,-3.301897,1.551107,1
-0.933199,3.906870,-0.660143,-2.464695,-0.101727,-2.083902,-8.200233,1.986742,4.686569,-2.143944,6.025246,-0.345737,0.807133,1.041449,2.798491,0.511803,3.180157,5.264574,2.102448,-6.659441,-3.965139,3.207077,2.348040,-0.430807,-3.713007,-0.902540,1.687078,-1.214415,-3.509604,3.223368,1
4.179758,2.373159,2.604790,-1.556744,-2.027328,3.903336,8.405401,-0.373886,-3.887063,-4.398723,2.651533,1.066648,10.056738,10.850784,-2.752905,-2.266481,-1.095837,5.403868,-0.923382,1.903448,5.709486,4.570526,5.284079,7.127937,1.853031,-0.540216,-0.199642,-3.043587,2.691097,-0.965847,1
2.323921,11.737406,0.379282,-2.495169,-2.218319,-0.330492,0.221958,0.192225,2.675097,-0.458023,6.522030,11.684502,1.016773,-8.044554,0.212849,3.114248,0.800264,7.532320,3.309872,4.601297,7.044039,4.472675,1.869614,0.840780,3.419729,-9.166146,5.032251,-3.509380,-1.522766,4.093037,1
10.194569,7.113754,-0.376780,3.218674,2.161228,-2.194914,5.142807,0.584473,5.919456,-0.541092,2.132456,0.712343,1.411489,-3.065693,9.089960,-0.356838,2.567400,-1.978178,-6.449535,-3.853651,0.177837,1.163055,0.272821,-0.564615,2.078959,3.925377,0.160717,-4.445039,2.035238,2.088800,1
3.911770,-0.345924,4.014864,-4.468551,4.476252,-1.292011,1.820408,-4.724912,-1.816053,-1.466850,0.120070,-6.232816,-3.429749,1.333931,5.742870,1.807014,-0.604914,2.417421,1.561579,-8.773312,1.813761,3.916229,1.364382,-0.788954,1.375877,-0.438122,2.969505,-0.611464,-2.009098,-0.999990,1
5.793806,2.188587,6.348780,3.197098,-0.780262,-4.949235,-0.848194,3.564423,-8.394195,-2.619364,7.395615,2.615520,10.109709,-2.648968,1.349518,-2.562397,-0.755041,-2.938808,5.819691,0.482706,-1.707363,1.474352,0.848593,3.373375,-2.690784,1.887083,7.024496,1.781317,4.762697,4.351732,1
1.196758,0.394104,-9.725129,3.924061,7.606413,6.099195,-1.816929,-0.545771,-0.158247,-2.251991,-1.488916,1.276136,0.297865,7.248453,5.967297,0.809776,6.761713,1.792566,1.623365,8.658981,5.759758,-6.368756,3.630171,2.098642,3.962238,2.306719,3.400999,2.026793,-3.285934,-7.466849,1
3.669085,-2.418133,1.513515,0.717968,-7.514849,3.045938,7.408617,-2.387251,-2.066730,4.255573,-3.116877,-2.479227,1.851124,5.293739,-6.389071,5.314760,-0.906887,3.712416,1.400213,-5.678319,-0.865345,-8.621053,2.457472,0.161751,-5.648498,-1.004299,7.861988,0.310734,-2.920406,-5.044546,1
4.887878,1.075296,-1.400484,-4.849112,8.979500,2.093843,3.679308,-0.002422,3.526423,-6.631199,-1.258627,-5.883892,-2.489832,-0.041742,-2.741871,2.099300,-1.872368,2.012241,2.493744,-2.362125,1.704943,-2.713057,0.066147,-6.486415,0.197445,8.392328,-7.305455,-6.281384,-0.461584,1.419729,1
6.843687,5.367945,4.268021,-5.494696,5.852692,5.082348,1.166361,-4.425070,4.089491,0.273279,2.868185,-2.502060,6.877949,-1.964279,3.338291,3.113277,-1.097002,-1.854477,2.976095,5.572533,3.807154,6.488571,-2.389263,-3.836074,-2.257645,-0.424929,2.761158,4.757853,5.135000,2.771912,1
3.042330,4.715006,3.349442,-4.536187,0.423298,-2.725683,7.192371,7.024931,-1.913694,-9.023812,6.573097,-2.494656,-0.723934,-0.489088,2.283772,-8.363265,0.687542,2.919348,4.810947,0.916754,0.833151,-2.581898,4.827438,0.844500,5.553545,-2.269390,-2.006437,-3.113390,-0.758400,1.080868,1
3.654396,5.930283,1.837225,-6.009608,-1.330851,-2.110876,-9.536546,-3.225485,-0.130980,0.476416,1.301281,8.147938,4.410500,-3.455637,4.086876,-1.958124,8.484468,0.942101,1.682442,4.176054,-6.047365,0.126497,1.647682,-2.740702,1.151876,7.582443,3.578930,1.652971,5.019623,-0.058661,1
3.793467,0.878963,0.249626,-2.630726,5.506998,10.725643,0.743496,-1.169981,3.601192,0.503935,2.134571,0.821424,-3.903451,-1.081108,0.616808,-1.633804,0.376217,2.249445,2.603973,7.861925,-2.105957,0.203358,8.463127,7.881655,2.829975,-0.298107,5.702368,5.083727,-8.388010,-6.232512,1
4.114981,1.984205,-0.789692,4.021763,0.891788,1.973495,2.381704,-3.601212,3.972378,0.884949,5.188169,3.580776,-7.533804,-3.734832,-4.369691,2.297459,-1.764051,-1.203358,10.682192,2.273664,11.525486,-6.532917,1.228415,-1.250658,-6.842138,-2.150318,-8.811674,10.745344,-4.669674,2.009186,1
-1.637396,0.863663,5.990540,5.642771,3.232119,-0.088715,0.918907,-0.844643,-0.105808,-3.851150,0.727568,-0.808365,5.292305,5.185568,7.830738,-0.307175,2.312796,1.345198,1.108236,-1.826200,2.172552,7.967676,7.199137,6.931137,6.491018,2.147532,9.981926,5.644798,1.529966,8.963898,1
3.892117,-4.482795,2.443558,-2.325407,4.540359,-6.026512,-0.415983,5.257738,-6.168303,2.647919,2.067108,0.655920,7.622334,1.562567,6.107174,-1.581898,-5.475287,-7.032764,0.577827,-5.814427,9.607613,-3.171082,3.345318,3.556160,4.650341,-1.054010,-3.589789,6.504965,-3.355738,0.258165,1
1.251213,2.785110,10.488806,-1.867342,0.747927,4.567030,4.682669,-0.879007,-1.592051,0.970722,2.558670,-0.279610,-2.388037,-1.754612,7.026955,-1.997900,-0.092480,0.561758,8.463596,-8.364363,0.307133,4.472776,-3.859676,0.713753,3.315680,3.611568,3.340776,4.281004,7.496754,3.021006,1
1.152691,1.106567,-6.374767,6.545044,7.160614,-0.185575,-0.876972,-3.438583,-5.932890,0.138809,-2.521570,9.125340,-10.695864,-7.352579,-3.830034,4.220118,-0.323196,-9.091501,1.547421,-0.968597,-3.252016,-0.875355,-0.020420,-8.327341,-3.161182,-2.738815,10.237564,0.638796,4.856773,-8.187003,1
-1.467505,4.673660,0.155153,-7.004128,1.141962,-0.227551,0.356396,8.766535,-3.359398,-2.947937,2.907623,7.993382,4.093676,7.425032,2.294127,5.388796,7.906614,-0.727341,-1.749628,2.570528,4.053139,1.522789,-0.229589,-0.119173,1.055706,5.459024,0.477097,2.376141,3.762358,-6.860785,1
-0.514729,0.409687,4.046915,1.697969,-1.288841,0.247433,-8.571681,3.679293,2.096661,3.079697,0.049532,1.975882,2.855421,-5.381020,-3.252123,2.591438,5.114225,2.684475,3.211067,-3.002096,8.806484,-9.742402,-0.766586,-3.057533,-1.356195,-1.142351,-3.817593,9.344561,3.582802,1.245541,1
4.293636,0.069933,4.080894,7.475386,-1.139448,-2.980852,2.051420,-4.141937,0.887774,-0.048792,0.748547,0.288103,-2.898142,12.121561,10.257528,4.350698,-0.918016,3.248430,-4.178349,-7.334305,2.342646,-0.814999,3.204872,4.339434,5.303289,1.693186,-0.483501,-1.415945,-3.584599,-1.266748,1
-1.635906,0.508425,-1.436882,1.469597,7.905216,6.572668,6.362394,-9.441058,4.490534,-2.660913,2.953726,2.495930,2.910198,-2.683445,7.137285,0.553032,-0.450474,-2.708931,0.713873,1.032896,2.103018,8.242584,0.452898,-5.449947,1.816463,3.947407,-1.247787,2.118689,6.004694,2.217093,1
-4.583151,2.008133,4.624155,-2.615961,12.314180,-7.277843,3.030199,-5.653174,5.139198,0.180935,3.950125,3.718962,-6.763845,-5.695711,-2.749704,0.910229,1.023039,5.375843,0.054934,-2.240925,4.564745,-3.663597,5.350126,2.693201,7.242231,-4.453739,-7.380111,1.565027,5.580393,2.151960,1
-0.944778,-5.957569,2.454443,-0.178518,8.470816,1.172762,9.541544,-3.522009,8.644043,2.371487,-5.122700,2.499279,2.099648,4.830387,7.095032,-0.910959,-1.486120,5.547915,0.724386,-4.411699,1.317080,0.153542,5.507851,2.563795,-1.693817,7.125589,-7.303924,5.104603,1.737198,1.051281,1
-4.375355,-0.497929,-0.310942,-0.951960,-1.357050,-0.493959,-1.631304,-3.306248,-0.368240,2.681250,0.884945,-5.499732,4.468824,0.311708,-3.341265,-2.016605,6.441380,0.555338,-0.505585,-3.114202,5.244856,1.884865,-5.206214,-6.886830,-2.460047,-1.114134,0.528732,-2.213388,5.737293,6.738630,1
-4.451722,-4.033407,4.704966,7.335649,-0.393433,1.936840,-0.855068,-1.065620,1.790911,-6.827555,1.180225,0.273199,-0.558756,-1.541178,2.777197,1.804644,3.972055,1.399933,1.988607,-0.856607,0.482416,0.035414,2.168104,-2.807001,8.882366,7.053638,0.554718,-1.348909,-5.291554,-2.729172,1
6.084896,1.336456,3.867956,0.534649,-5.329328,4.020227,7.385052,-2.020409,-5.747231,-1.037615,0.746422,-0.701227,1.344358,-3.924606,-1.223894,-0.236622,1.538960,-5.049686,-3.266209,8.938511,-2.617147,3.093109,0.673944,2.042990,2.884859,-1.133848,5.640692,4.396894,3.611858,5.401060,1
3.074623,5.634714,-0.911625,10.092888,2.176088,3.283993,-2.022427,3.688196,5.047087,5.465919,-3.859996,-2.761520,1.535572,1.195951,1.797289,-1.167734,5.113770,8.426199,0.109270,3.106836,3.515551,-5.481957,-3.983047,8.028811,4.333075,4.598879,1.530081,-7.664183,7.427502,3.826891,1
1.136505,5.928139,3.604723,6.356655,-1.241524,-3.347496,3.962423,1.812397,2.278196,-4.492544,-1.038340,-2.798574,-1.021461,2.131126,8.503067,-3.233908,2.118338,3.064295,-0.948586,2.271303,4.062504,4.177151,6.769981,4.231239,0.914986,0.248737,8.805094,5.630226,-1.340126,-1.998070,1
1.558559,-2.155655,-4.025249,2.546139,-2.146069,-2.821283,-8.672271,-2.121752,0.313654,0.240591,1.068790,0.210865,6.265778,4.811155,3.311504,3.682804,3.095455,2.903612,-1.111526,1.198200,5.329552,-6.111555,2.084517,-4.107695,5.575022,1.608938,0.244539,0.683073,-3.557184,5.416231,1
5.266672,2.968874,2.501818,2.138903,-6.397360,-1.716333,4.154877,-4.124012,2.414965,0.528240,3.401703,0.964479,-2.158020,-5.737774,10.703981,0.188066,-5.185069,4.006821,0.154593,-1.678738,-0.371010,2.238775,2.427547,7.531185,5.905783,-3.397070,-0.359497,-1.206852,3.194603,-2.382301,1
4.958700,-1.923634,-0.073202,-3.860242,-5.640275,2.313753,3.477287,6.130054,-3.058702,8.151346,2.183969,6.886387,-1.418173,3.476727,-1.938555,-2.448015,0.100615,-7.267473,6.080729,0.914291,-8.414792,-0.322763,-1.880604,8.855581,1.849401,3.248446,4.661699,-5.714479,-0.365469,-0.540323,1
-6.521594,1.694958,0.727194,1.746954,-1.456165,-6.807681,3.048716,8.068329,2.825027,-4.112350,-0.400507,0.566626,1.563538,-4.434841,-8.794417,2.546650,2.556847,2.441042,3.022549,-3.831766,-0.248606,-0.216591,-6.122976,-8.291939,-0.878050,0.329145,0.082285,9.395672,0.902912,4.351170,0
1.344944,-6.683521,-3.165756,-5.007807,-1.149849,4.032867,-6.747311,0.690596,-5.604591,-3.615477,-5.723281,-1.679251,-2.715986,5.671249,-4.743622,4.378782,-4.134823,2.954687,-0.794554,7.196644,1.508820,-3.526417,-4.152678,-3.065615,-1.056095,-3.397720,-3.423599,-4.144066,-6.113388,-1.257557,0
2.116983,-2.919704,0.009352,-1.265913,2.370461,1.109066,-0.954897,3.501844,0.167658,-0.312819,-2.950632,3.881218,7.072382,4.133114,2.836016,-4.193876,4.472481,-2.260262,7.796301,-5.126446,-3.626986,-1.395859,-7.165200,-1.541382,-4.781668,9.806608,1.710758,-5.221060,-9.424438,-7.607571,0
-5.199364,-2.768055,-3.784285,-4.016495,3.867811,-9.100492,-9.819491,-2.921442,-2.875641,-1.677288,-4.279413,-5.616817,-2.182907,-3.024622,-5.795118,1.017456,-1.320921,-3.706587,-4.980209,3.248827,-2.907852,8.854834,-3.156448,-3.401873,-2.362123,-2.561447,-3.208124,3.578434,1.642305,4.240356,0
-5.192539,-4.436800,1.366789,-3.471745,0.741905,1.235689,4.567633,-3.503349,-0.404797,-0.527292,-2.252245,0.865900,5.242912,-1.687006,-0.957811,-3.708496,1.875229,2.087236,-8.594190,-3.975313,-5.356314,-2.252539,-9.374496,-5.107834,-6.441061,4.117891,-8.282899,3.475794,-8.140419,-7.961155,0
-2.374123,5.389288,0.500969,-7.824966,-6.113282,3.968851,-0.652855,-0.245325,1.401154,-4.254055,-8.521959,-2.140768,-4.869839,-3.991373,-2.028309,5.159885,1.003244,-4.034885,-2.580114,-10.807598,-3.522802,3.277678,4.094978,4.129827,2.242458,0.364342,7.785633,-2.395611,-5.692615,0.954323,0
2.636435,-10.556624,-9.090318,-5.662120,10.568882,-5.522114,-6.041238,2.390755,8.307592,-1.746073,-4.517870,-0.488176,-7.265296,1.531233,1.627705,7.333055,1.097775,-2.442900,0.819311,-0.948858,-5.287182,2.468679,-2.198887,3.544161,-1.895306,-4.848412,-2.007113,0.427502,-0.669813,0.601233,0
-2.743397,-5.697109,-3.600428,4.277281,-2.675894,0.406853,0.484684,-3.931135,3.246183,2.028032,1.854021,4.878321,3.319143,-1.380114,-4.497162,-0.387777,4.826963,-10.773587,3.941946,-5.332918,4.578331,-5.470095,2.177067,1.556807,0.265474,0.883598,1.737787,-4.108778,-6.586051,-2.040768,0
-4.248396,2.977156,-9.327806,-6.638096,-4.661329,0.835676,1.327900,0.535448,-2.447296,-4.596972,-6.366399,-7.061279,3.953905,1.612247,2.662962,1.867220,4.815742,1.962534,-0.274317,2.660526,-0.244289,-2.341522,5.854544,-6.214334,0.450663,-3.785700,-4.753689,4.073189,2.897539,-6.054378,0
0.867188,2.602440,-2.671099,-9.079772,1.363878,-0.866461,-2.530088,-2.167746,-0.487055,-1.957041,3.482811,2.685816,6.304693,-6.017800,-8.320709,-2.500031,-6.703985,3.176140,6.246502,-3.052217,-1.208523,-8.623985,-6.619079,-4.522572,-4.617115,-0.435322,5.059717,3.199547,1.215528,-1.565979,0
-0.581045,-8.648844,0.274632,5.615185,-2.870222,4.115681,-0.153936,-5.805860,-4.609543,2.529787,6.388186,1.683537,-0.145191,-8.479141,-1.606110,2.704184,-0.459154,3.993994,-4.588095,5.249718,-2.981583,-6.931010,-6.492524,3.180414,0.960064,-4.971521,3.880302,-1.189562,0.475166,-7.079676,0
-0.066284,4.811058,-1.711035,0.778198,-5.834036,-0.891079,5.203987,-4.677906,-3.177753,-4.758444,0.561209,3.595526,-10.185431,-5.855330,-1.211111,-4.244474,3.796881,-2.199789,-1.837772,-1.937075,-6.916718,10.979824,-1.340658,1.055603,-4.677475,1.013222,0.488979,-4.220539,1.327658,-4.821346,0
-8.586411,1.676529,6.021971,4.662325,-2.655062,-1.794041,-3.822790,-1.142546,-0.211258,-0.039398,-2.052979,-4.104275,-3.259275,-3.830076,-6.257511,-0.710854,1.127924,-4.915762,-10.267913,4.457703,-8.001538,-3.206041,4.443970,1.259686,-4.060375,-5.563300,-2.540674,-0.113634,2.956793,-0.844074,0
-1.810492,-8.087905,-2.813593,2.620781,3.366934,-1.080791,2.838120,-2.395428,8.752083,-1.502310,7.625973,1.908005,-2.275312,0.034107,2.186737,-0.135025,2.227966,1.279955,-15.265484,1.116831,-0.286337,-6.495980,-0.651163,-0.102001,2.440035,-3.429337,6.192385,-0.369270,-2.650915,-3.113640,0
-5.456835,-4.967619,7.299274,-1.044352,-9.960729,6.701229,9.256464,12.153305,-1.631750,3.997347,1.230398,-5.730675,-7.660446,3.222624,-3.128523,4.420959,-3.148224,0.901876,0.158819,-5.145979,2.842377,0.768202,-1.326902,-1.720768,0.306936,-1.536478,-1.502684,-3.383698,-3.095539,7.898045,0
-6.656948,8.279692,0.527481,3.674860,-6.665072,0.509718,-1.154682,-1.827553,-1.463028,-1.177826,-8.248385,-1.340862,-7.451595,3.482332,-1.639023,-1.295544,5.969316,-6.007902,-8.150151,-4.364996,-5.954590,-1.192280,0.751347,0.689102,-5.249680,-2.565723,2.492781,7.228933,-1.389387,-1.480595,0
-4.408005,3.173637,-0.258450,-10.589281,-7.535871,-0.367048,9.333838,-5.374004,-0.060928,-1.767584,0.386286,2.216854,-7.177038,0.743013,-6.027299,-1.058594,0.945957,1.109507,-5.363388,-0.024481,-8.236065,2.483839,3.696280,-4.299807,-3.433268,-5.908998,0.771105,1.300146,-2.213636,4.918982,0
-9.784528,-7.725331,0.976822,3.228693,-0.880539,-3.758574,-0.006805,-3.643759,5.843307,-2.362270,2.616756,-7.019682,-5.190058,-1.308079,-3.892725,7.531801,3.046419,-2.379726,-1.265160,-5.359362,0.935156,1.749977,3.047691,-1.250135,3.248636,-2.062572,-5.518259,4.711170,-9.357287,-0.499603,0
-2.838968,1.188467,-1.916988,4.143679,4.782793,-2.085096,-0.032040,-5.952510,-0.885145,-3.466702,-0.216806,-1.837887,-4.538822,-3.038910,7.319628,-4.852097,-4.054277,1.274950,-0.241409,-7.440768,-3.155571,1.391970,-5.302889,-1.854553,-5.599960,-5.173853,-1.841719,-3.748316,-8.706715,-3.283674,0
-4.944948,-0.149853,-1.715450,-3.580851,-5.497187,-1.379545,2.724424,-3.060184,0.818027,2.265554,-0.832087,6.723473,3.864971,-4.730881,-3.761086,-1.176901,0.482063,2.696106,-0.936382,1.535046,2.884985,-0.244469,0.532557,-5.279409,-4.604578,-7.477261,-1.998409,-7.779080,-6.455020,3.674997,0
1.548914,-0.047152,-5.118341,-6.593719,-4.894869,4.428995,-2.915106,-2.738083,-7.138693,5.809357,-3.791842,-5.968639,-4.301630,-8.866256,7.894220,-4.686470,1.213747,-0.598221,-5.532166,-1.368860,2.981689,2.684561,3.486427,-0.184164,-3.356953,-3.305380,0.419535,0.989073,-6.754657,-9.992448,0
1.881655,-2.192120,2.513071,-0.960909,5.386740,2.721910,5.979502,-0.492506,-0.707777,-4.562502,4.443886,2.462654,-0.455910,-1.801857,-0.461067,-3.491419,-5.255350,4.911106,-8.335110,-3.408649,-5.518280,1.572163,-0.451468,-2.218594,-1.689823,-0.639523,-3.738295,-9.308249,1.314703,-4.356218,0
5.493828,5.784912,0.584980,-0.888521,3.750536,3.573896,-1.048664,2.494486,1.253485,-6.376218,4.341053,-0.392326,3.448547,1.105032,-5.063999,1.177509,-5.247995,2.626833,-1.163275,-7.130040,0.524900,-9.915201,-0.008772,2.972345,-10.040665,-5.625974,-7.269663,1.560789,3.223351,-3.444361,0
0.588154,-2.497662,-2.211008,-1.870365,1.354074,-0.738298,0.875658,-3.435829,-4.824724,2.123699,-2.247032,3.501554,-6.651321,-1.736549,1.397276,-5.678606,-3.134415,0.066704,-5.195414,-1.494062,-10.273307,-0.952873,-0.757446,-5.569694,3.546965,8.400484,-3.998308,-4.661169,1.752829,-0.888500,0
-5.417461,-4.849640,-0.496159,3.072744,-0.557528,-0.856623,-5.347637,-5.183182,-1.796465,6.886578,2.863453,-3.713373,-0.056864,-5.324024,-2.142639,0.489477,-4.496069,2.620876,0.916262,0.360872,5.054773,3.911306,-1.986471,-6.707854,1.412851,-7.315557,-2.492151,-0.138651,-0.023277,-3.278370,0
-1.716244,-1.604753,0.602051,-0.564734,-3.341875,-2.308676,-5.289555,-3.999578,0.047506,-2.520657,-4.559147,-0.660439,0.781744,-3.715752,-6.006637,1.842768,-4.538321,-1.937504,2.750099,-9.942971,-3.301384,-3.340752,-1.322756,-5.823874,-3.368320,5.809776,3.655346,7.411158,-0.340618,-1.950212,0
0.432070,5.633230,1.001768,3.994286,-3.430286,1.155203,1.702620,1.132874,-7.351923,-2.192190,-3.056278,-2.487173,-7.785815,-6.112992,-4.277748,-3.605227,-3.158175,4.515028,-10.549117,-0.731859,-1.709360,-8.232529,1.536579,-3.594250,-10.997430,3.047131,-1.716261,2.572506,1.514357,0.182310,0
-3.297583,-3.879444,3.062876,1.951494,1.388027,-0.654552,3.685318,-2.204323,-2.555353,0.159298,0.158020,-7.371952,-9.665766,2.805832,-2.017824,-1.010126,5.218206,-2.967817,-7.228608,3.744665,-0.838362,3.569820,-1.824938,0.771208,-2.502357,-0.527256,-2.625784,-2.660715,2.035965,-5.260715,0
-6.550083,1.037989,-4.807159,2.169390,-0.226152,-5.549633,-7.160141,-2.655043,-0.004641,0.715267,-3.728580,-10.052232,-2.322750,2.511435,-2.166965,0.289944,-1.772314,-3.689768,6.978262,-1.965647,2.067749,-0.772556,6.756586,-6.955238,4.910439,-2.909523,4.225824,-4.627100,-7.047985,1.982811,0
4.620686,-2.277729,-6.599349,-1.052828,-2.723812,-5.760609,-1.908192,-8.917966,-4.046246,0.906485,-2.806292,0.374447,1.057459,0.387417,-5.567770,0.527580,-0.937933,-2.605047,-2.895063,-3.008650,-1.001242,-0.093201,2.277533,-3.751915,1.089329,1.083992,-2.627884,1.903334,-3.384134,-6.455422,0
-1.383036,1.589445,1.561716,-1.645975,-0.612455,-2.941690,-6.373441,-4.882032,-2.885391,-4.566446,-5.219952,8.359493,7.032242,-7.319496,-0.469061,4.024183,4.084993,2.162905,2.247124,-1.649500,-4.264603,-1.015793,-3.280863,0.179529,-4.326847,1.070387,6.298193,2.535769,1.243380,-4.288607,0
3.751051,-0.625448,2.267824,3.299839,-0.173466,2.021999,-6.281783,1.675398,-0.275330,-5.437206,-2.343632,3.637035,2.747654,-3.037830,1.559547,4.305367,2.313953,-7.019303,-0.084654,0.043474,2.973267,-6.816958,8.369837,-0.843628,9.882969,2.152489,2.565134,-7.888409,3.511017,-5.076567,0
-1.316107,11.277622,-3.177183,4.270128,3.715084,-5.500187,2.706402,-2.141335,7.791277,6.328461,-6.416160,-5.410629,2.184935,-5.023413,-3.713102,-5.456682,1.591896,-6.647751,-11.246317,10.788269,-5.609035,3.440887,2.723600,-14.494974,-0.367338,2.652466,0.038788,-2.338451,1.746164,6.780081,0
3.205156,9.251842,-0.528463,1.039238,4.585594,-1.085585,3.558304,-5.936476,2.466320,-1.780087,-9.111207,-1.024782,0.437494,-9.482451,-6.613194,-4.259331,3.675653,-4.530849,1.026770,-3.345448,-4.081470,-5.113905,1.556206,-2.697603,-3.687670,-4.917488,-2.363775,5.745111,3.988564,-2.594967,0
-2.407867,3.345411,-1.405121,-0.731907,-0.762451,-0.607590,1.249315,1.081753,3.972469,1.958649,-3.132383,3.457041,5.820028,4.509714,-2.759209,-6.966979,-8.219582,-4.140135,0.959084,2.434486,-1.537727,-1.704260,0.803608,4.106884,5.726658,-3.663822,2.853647,-2.033453,1.784002,-5.177755,0
2.979303,-4.837976,-2.593832,-4.877127,-4.832354,2.140627,1.002060,-4.029821,2.138247,-4.362221,0.131905,-5.871140,0.762989,1.244978,3.131014,-6.924283,-6.904880,-7.338900,1.366531,0.065548,-8.844040,-5.156328,-1.603567,-4.172062,0.033785,-3.393513,-0.427244,0.284460,0.997746,-3.560005,0
-2.334167,-9.249923,0.700638,-1.252964,-0.889402,1.440392,0.905548,-0.691925,-4.178907,-4.075815,-3.597647,7.123484,-5.870242,-0.164549,-1.688789,-1.381336,-5.362972,-4.445375,4.595547,0.763397,-6.950400,-2.968521,-2.981560,4.419514,1.141813,-9.971647,-9.583446,0.395069,0.730593,-4.892107,0
3.245584,-9.382375,0.545263,4.457577,0.629795,-8.865513,2.093302,0.741037,-5.236271,0.243992,7.497013,6.306799,5.112169,-5.411407,0.379410,1.916155,-5.928182,-1.253767,0.775106,-0.603611,-10.151104,-3.241526,2.353672,-0.156837,-1.416475,-5.583677,-6.190302,-0.097004,-1.473070,-2.512232,0
-4.641249,2.142639,-1.143951,3.362617,0.292498,-3.625944,1.396502,-5.237076,6.684937,3.825851,-5.680664,9.791950,-2.363600,-0.325066,-8.167949,-0.119284,-2.074120,1.204243,-2.503578,-1.595850,-3.870802,2.371161,1.815052,1.149704,1.090534,5.174669,4.150698,2.819334,3.767387,1.714838,0
-7.998025,1.479143,-6.301223,-2.353960,-4.745173,-5.140619,-0.819412,-8.998119,-3.838957,-4.677155,3.283648,-6.486026,-4.284060,-0.370819,-3.531954,-7.505710,-2.448214,-8.064156,-2.185278,0.515957,1.182159,-1.596401,-1.135143,1.960560,-2.975986,1.215160,0.890036,-0.686600,-5.814250,1.524721,0
-1.079138,-4.275034,-5.271311,-7.872110,-4.106039,-4.828989,4.776522,2.512220,0.107687,1.131561,6.258759,3.849360,-0.508604,1.843147,2.770197,0.308908,1.733265,-1.274981,-2.124950,0.168652,1.661308,0.601669,2.595741,1.250389,5.839792,-3.544859,-0.492943,-2.274368,-3.092342,-3.973251,0
3.701876,0.487270,0.008875,2.143391,-1.802404,0.742451,-7.156296,2.117086,2.541523,6.468952,2.313181,-1.612627,2.693657,-1.505714,0.506424,4.125172,-6.018651,-9.488769,-4.049490,-9.483496,-1.277674,-5.347645,-5.551546,-1.020895,-3.090046,0.306362,3.841164,-5.970866,-8.508639,-8.107022,0
-3.489130,5.384502,0.445002,-1.512819,1.257938,-8.389267,0.013882,1.505669,-7.907881,0.715389,-3.426296,-2.970243,3.788435,-6.153472,-6.548767,0.458017,0.860329,-0.775665,-3.002609,-0.478943,2.716524,-6.183966,6.856403,-2.189487,0.683336,3.759956,2.151159,-0.651384,-5.006681,1.699696,0
4.650805,-0.838411,4.054255,-2.525759,-7.334124,-4.891516,4.952181,-1.242355,-5.922543,-2.634626,-1.947081,-2.493889,-1.081434,-3.369965,-0.471706,0.576035,-3.394579,-5.306364,4.498693,0.987713,-4.993233,-3.207478,-3.830450,-3.116531,8.510996,-2.092049,-3.871355,2.957441,-2.384352,-2.080561,0
0.318663,7.713316,-1.337736,-3.702471,-2.892038,-1.538933,-3.334225,-1.041418,-0.315680,8.692570,-0.937346,-0.071936,-2.497128,-7.431081,-0.910267,-0.573048,1.976280,-8.759020,4.921963,4.550842,-3.880812,-7.887733,2.769835,-2.289516,0.195314,5.180002,-4.770582,6.572199,1.201601,-2.980021,0
-8.443237,6.871613,2.906748,2.599426,-0.093508,3.626823,0.416155,-0.240503,-5.560409,-0.735769,-11.522998,3.541353,-5.361790,-7.150114,-0.280922,-3.153584,-3.943144,-0.463840,-3.596539,-6.232024,-1.903185,-1.752787,1.038687,-3.314621,0.408947,-1.293724,0.206045,2.548042,1.977707,0.047134,0
-0.547359,3.161530,-2.373287,-1.419310,-1.258322,10.585869,4.145773,1.369707,2.311596,-1.239424,-1.768871,4.967993,-0.747694,-1.742672,3.547457,0.620123,-5.196077,0.581980,-7.346695,-1.028114,-2.847071,2.176388,0.967525,-4.105059,-4.466196,-2.108652,-2.095234,-4.963724,-0.065542,-1.647068,0
-1.839214,-2.606516,2.006544,-0.005831,-3.485420,5.316473,-0.434355,-2.153530,1.682770,5.893530,-4.161047,1.520288,0.590782,-2.954674,-8.322560,-1.241760,-4.110590,-4.288790,-0.467676,-0.604702,-8.004118,-5.207792,-5.915116,1.777241,-4.609241,8.922405,1.737181,0.277601,-4.126055,4.473129,0
-9.013220,-1.994394,-0.086149,6.776127,-4.318794,0.754963,-0.963202,1.298601,5.203690,-8.436894,0.829887,0.266331,0.392200,-1.768654,-3.840696,6.363361,-5.262512,-2.750177,-2.629183,0.106129,-2.459208,-2.260166,-5.200251,1.711645,-3.179211,-9.721353,-5.547155,-8.449722,0.602299,-0.648554,0
0.349108,-5.669094,3.351299,-2.835741,-8.107043,-3.673077,0.219910,-3.163200,-3.245052,-0.343880,4.953329,0.237839,0.126789,-3.804369,2.192993,-2.924656,3.968124,-4.451094,-0.725800,3.221523,-1.268057,-1.909920,-4.736782,-0.046371,-11.894967,-6.598478,-4.627748,-3.007122,4.926224,-3.644728,0
1.555016,-4.182802,6.968925,-6.859327,-4.226217,4.251989,-5.475138,-3.855768,6.682085,-1.984335,5.654060,0.587978,-3.661135,-0.779463,-2.671619,-9.258794,5.007561,-0.828707,-2.562239,-5.480593,-6.415797,-0.675234,-3.537300,5.853239,0.583218,-5.335148,4.782051,2.152700,0.784912,2.323887,0
-3.429939,-4.758224,0.346342,-4.746759,-1.172804,-0.484053,-1.660038,0.524736,-1.430662,5.960369,-1.919415,-1.438864,-4.460350,-2.775906,-0.550272,-8.303151,-7.815737,6.394489,-3.449898,-1.985941,9.312428,-2.563896,-1.210342,-2.547298,2.495766,-3.455437,0.516874,5.052109,4.417694,-6.592340,0
-1.360334,-4.501749,-5.162504,-8.540173,1.772490,-7.947899,-2.402163,-5.557793,5.545097,-2.840004,-0.752600,-6.719198,-4.789192,0.060369,6.033854,-3.307716,-1.737045,-8.517677,-1.469088,4.413647,5.504805,1.826485,2.283358,0.565445,2.127899,0.501841,-5.700942,3.649616,4.922752,1.642124,0
0.285482,1.174496,0.945047,-4.464029,5.375711,-3.463095,9.731453,-4.828358,-7.537079,4.120298,-0.321033,-3.428497,3.401066,-5.879145,-2.700102,-0.295195,-7.997092,3.450844,-4.128656,-2.157059,-1.754431,-1.963646,-0.566324,-1.735949,-2.099310,-1.473160,6.315090,-5.658809,-0.271896,-0.338514,0
-2.941460,-4.467541,3.690796,-2.109261,3.890270,-6.965537,1.834991,-3.121061,4.207758,4.483587,1.161318,1.328505,-7.111051,6.852287,2.318335,-0.024666,-2.954235,-4.810749,-0.882719,-2.792734,0.558039,-2.075159,-0.870464,-2.363592,-1.635075,-0.994164,-3.146856,1.750429,3.876312,-2.907297,0
-2.967752,-4.431608,7.441153,-0.044552,4.236971,-1.716887,-1.487505,1.743677,0.761007,-7.529921,-10.187503,-2.797342,-6.713708,-0.770153,-1.314911,-8.971087,0.427082,0.030212,1.208858,5.470285,-2.876793,-3.463137,-4.367388,-1.897724,-2.183464,-6.537356,11.046326,7.046419,-9.696781,-5.451086,0
-5.330500,-1.096722,-0.698437,-1.275730,-6.039115,-0.848341,0.027092,2.844500,7.249508,-4.434780,-2.191168,-3.246248,-2.548506,-3.174896,-2.591749,-0.221472,0.866800,3.187681,-1.810453,-2.858603,4.437431,-1.028767,-8.933852,0.869045,1.899294,-2.114202,-1.549122,-4.239416,-1.045206,2.016808,0
-1.379669,-3.184378,3.049494,3.144438,-5.917427,-3.238255,0.582928,-1.628942,-1.807945,0.648546,-2.224297,1.614750,6.883661,1.986311,-3.025614,-0.531189,-5.562119,-6.320449,0.373827,4.280867,-4.583244,-0.242426,-11.801722,-4.774801,-2.477732,-2.866713,1.701313,-7.623824,-3.500462,4.211533,0
6.861822,0.954338,-0.461061,4.484592,0.548943,-1.338135,1.124254,-8.578094,-4.384192,-3.473593,-2.447504,-3.636776,-2.072266,-0.574934,1.977942,-0.523853,-2.501179,-2.139950,1.390026,4.555410,2.828753,-1.676434,0.223122,-4.646008,1.984911,-7.273806,3.362608,3.649048,-1.315866,0.887369,0
-2.888918,-2.785149,-2.331446,-1.146835,-1.450068,-5.457630,-1.311691,-4.006100,-2.181715,-7.716022,7.983067,-5.456751,-4.649422,0.518490,-4.828505,-0.785347,-4.688656,0.471577,4.297382,5.300192,3.859478,0.294285,-3.012514,-1.398689,-2.400257,-3.406649,0.779631,-3.555313,0.900774,-8.488221,0
-8.096868,-3.516047,-0.538975,-0.981470,-3.096069,-4.168552,-7.561372,-4.024290,2.768282,2.799284,4.160013,-6.025243,-3.780470,5.105505,-4.031054,-4.996807,-1.793903,-0.484251,-2.351973,4.404980,-2.428623,-7.099646,7.606779,-3.649055,0.490786,0.079664,-6.662541,-6.510585,2.078081,-2.346649,0
-7.081759,-1.511917,-0.961983,5.522697,-3.086065,4.890594,-7.517614,7.851357,-2.995359,-4.747925,-2.542997,-4.541401,3.025112,-7.691648,1.464493,-1.829950,0.305140,0.024956,-0.993052,7.457172,-4.959291,-5.463152,5.016882,5.540390,-0.132137,-0.785822,-2.111387,-9.261246,1.356838,-2.917385,0
-3.206915,5.505152,0.409966,2.281006,-3.999615,-0.579113,-11.738768,-4.981428,0.832371,3.693512,-5.396336,-5.551493,4.489033,-12.952471,-2.461683,-4.488956,-1.424955,1.848558,-3.086348,-2.913832,0.947344,-1.182793,-5.773675,-4.986929,2.255205,0.508307,-3.489946,-4.324707,3.064770,-8.519724,0
-4.234175,2.222624,4.512526,0.443140,-4.057535,-0.063288,-1.244442,-5.117556,-4.232677,-3.708437,-8.097255,-2.523460,-0.737579,2.949118,0.251650,8.228838,1.802975,-4.588282,0.759537,2.551048,-4.878277,-3.869713,-0.474760,2.448017,-0.468025,0.167133,-3.588945,-0.856440,-0.831242,3.523863,0
2.099773,0.870636,-4.633629,5.047718,-3.713533,-2.260502,2.212854,-4.911848,4.750893,5.089701,-1.710875,-0.699812,-2.585560,2.188513,-6.863290,0.261259,5.093227,-5.393089,2.834732,1.070818,0.812637,-4.284718,-3.579405,-7.888635,-1.533756,-5.437767,-1.883284,-9.925812,3.160755,0.774620,0
-3.793058,-6.001596,-0.677071,3.450531,-1.850651,5.480196,-7.335504,1.976871,-2.246193,1.292250,0.694845,-7.830410,6.501469,-0.431091,7.106993,-0.867659,2.659725,-2.119640,-4.739399,-4.456850,-3.627159,-1.824211,-8.516024,-4.383080,6.272408,-3.868074,-3.230722,5.327093,-0.231909,0.162067,0
-3.728994,5.888983,2.341944,1.135479,1.427933,1.230299,5.361084,-4.080446,-3.143639,-7.842524,2.141800,-0.554976,3.047842,-3.105822,-1.400940,-0.581331,-3.318914,1.374512,2.994864,1.226719,-1.911131,-3.804338,-3.515463,1.318544,5.536325,0.850733,-4.011181,-2.925211,3.184534,-2.663166,0
2.948143,3.166729,-3.705910,-2.053310,-0.587353,-2.087120,-5.136168,4.184799,-3.864967,-6.265306,-3.809658,-3.748169,-6.828572,-4.763998,0.936979,2.270412,2.802111,2.594261,0.662657,3.122902,8.441935,0.610315,-1.126432,-5.617953,-5.189131,1.862841,1.731192,-8.170135,3.387268,-4.219501,0
0.673599,-3.148178,2.882914,0.406740,8.563644,1.565508,5.571190,3.643585,-2.172869,-3.168173,4.458311,-4.166346,-4.139997,-2.230299,-9.214739,-1.982161,-7.237586,-4.378126,-0.388884,7.390734,-0.399712,-1.208651,1.822952,-1.168787,2.354673,-4.675592,-2.189817,-0.347967,0.396847,2.734035,0
-4.298546,0.895788,-7.610482,1.570631,-5.325769,5.245794,5.256222,7.180210,-0.138981,0.413822,-7.987090,-4.975243,-9.979542,-1.233618,-2.785896,-11.504053,4.722269,-2.923275,-3.544699,1.510559,-4.538252,-8.650702,-3.358303,-1.830717,0.422903,-0.810488,-1.903006,-2.977074,-3.987766,-7.307245,0
-0.752821,-2.067905,3.998743,-7.099307,0.701319,-0.160963,-8.033226,-4.444447,-9.932013,-3.850201,1.314753,-2.132908,-1.556442,-0.603577,0.651094,1.116394,0.629929,-0.598806,-6.822329,-1.798956,0.831718,-5.231844,1.940189,-3.809158,-0.230135,-4.667395,1.122643,-0.957432,0.844816,3.449783,0
-6.985673,-2.113560,1.086716,-6.393730,-1.148876,-1.418041,-2.316628,-0.174990,-8.705731,1.610937,-0.410961,-4.225210,0.236670,0.963942,-2.790047,1.562090,2.222618,2.788605,-6.105563,2.400486,1.675421,-1.838291,-3.837109,-5.174795,0.862417,4.386530,1.837355,-2.669046,-8.092459,-3.998005,0
-1.864315,-4.207207,-5.920338,-0.987442,3.388084,3.471201,-8.082682,-6.444385,-6.163674,-1.568867,2.517445,5.462975,-4.030441,2.332922,2.452168,-5.225725,-1.922859,-6.091816,-2.844048,-1.450043,-2.434692,2.961105,-7.138791,-5.825253,-5.047232,-0.714478,-5.878958,7.496490,5.366322,10.242855,0
-0.402056,-0.253048,2.382763,-1.862627,-3.779936,6.942509,-1.743488,-3.156307,-6.182471,-1.698229,0.801567,-1.980574,7.908148,-2.338263,4.293354,2.481432,-4.373831,-0.027594,-6.565400,-0.590229,-0.280766,0.406948,1.400101,-3.177874,0.247719,-4.727852,4.773642,-4.695175,0.424786,-4.398155,0
-2.811501,-5.466448,-0.212029,4.827023,-3.312658,-3.964586,-0.241989,-0.672804,-5.738159,0.388332,0.046217,-3.626362,3.405577,0.204386,-7.461078,3.556009,-3.215952,4.641657,1.902443,-2.165459,-1.891703,7.174612,1.910028,5.477345,6.111938,-1.971188,-0.165318,-0.169800,-3.086519,-1.656084,0
-5.577270,-6.623380,0.882687,2.298677,8.799456,-1.021948,-5.918448,-8.674504,-1.733267,0.835016,-5.271397,2.913279,-0.965525,-4.556055,5.736858,3.992868,5.579802,-3.051199,0.421282,-2.411936,-0.487551,4.340971,0.723705,-2.718275,-0.001802,-3.026104,-0.687183,-10.309182,4.671608,-2.236465,0
-1.015423,-1.089632,-0.686234,-3.754339,-1.381151,2.674393,-1.122309,-3.232689,4.027843,3.046013,-0.915443,5.348978,1.811666,-1.821636,-9.435539,-2.104740,0.381430,7.480770,0.062284,1.020697,1.271843,-5.138197,8.068207,3.221947,-3.038069,2.678768,-3.375284,-3.679468,1.062923,-1.633448,0
-4.244322,-4.792299,1.606001,-2.065229,-4.876448,-6.854770,-2.611679,-3.286604,-7.079634,3.854343,-4.102242,1.618271,-4.632206,1.238943,-4.450315,3.659836,5.605736,1.593683,-5.106876,-4.545795,-2.916019,11.696964,-4.182888,3.094189,-1.885227,-2.459932,0.997524,-4.906618,-6.683871,-2.110283,0
6.027294,-1.570320,3.103294,-5.573853,5.300173,5.738150,1.018675,1.372536,1.165306,-5.763461,-9.107309,4.754536,0.593250,-1.574018,5.238201,3.461914,1.881821,-5.727497,0.913208,-0.553743,2.614590,-2.255085,-0.756542,-9.192220,7.624859,-5.606561,-4.588064,-4.404881,-2.512012,0.416779,0
-2.994188,-3.870356,-0.746397,0.293032,-1.711178,-2.089016,0.745977,2.922220,-10.378276,-4.875622,8.685806,1.068064,-1.950878,-10.320814,-2.857407,-0.280327,-4.599030,-2.725410,0.154987,4.484667,1.161173,-2.579792,0.215105,-3.205671,4.591520,3.096708,-3.927055,-3.161049,-0.324106,1.916708,0
-2.965767,-0.194271,-5.658439,-3.632946,-0.316574,8.598322,2.334686,0.576998,-3.976568,-0.271389,-2.422729,-3.824774,-3.007462,-3.282108,-0.475067,-1.605560,-3.101849,1.173761,-0.959486,-1.018528,3.150455,6.172735,-4.197567,-0.359249,-4.817383,-2.906664,-4.677111,-3.036383,3.500683,0.534697,0
-1.663988,-3.559412,1.506323,3.820242,-2.584448,4.791140,6.132864,-5.465303,-3.645149,2.408060,2.657793,-10.950738,-3.230314,3.322332,-5.550177,1.917040,-6.477090,-0.342630,2.731413,-0.727987,-2.518387,2.913820,-3.725031,6.269796,0.126286,-0.660715,3.098173,-8.898904,0.195374,-9.463719,0
0.509256,-0.136555,0.202148,1.415834,-4.160452,-0.775896,-4.133116,-0.330568,-8.134856,-4.195726,1.903313,-2.113714,2.306183,-5.034536,-5.934634,-4.333847,-5.849808,-5.841099,1.006090,-4.662609,-4.604284,-0.886339,-1.130125,-0.145617,0.975502,-2.507395,-2.828655,-2.008173,-4.981997,-6.595874,0
-2.602917,-2.730303,-1.488443,1.982847,1.476187,-1.437279,3.059624,0.725233,-4.978291,1.208401,-3.450985,0.424234,1.828184,0.259096,-1.617111,6.673147,-4.522051,-7.313680,2.090677,1.693920,-2.324419,-7.982578,-2.090473,-3.494495,-5.696791,-5.307877,6.232815,-7.169456,-2.997431,-4.181467,0
0.287811,1.980766,-4.636417,-0.935467,-3.608332,-1.604839,0.741106,-3.513762,0.678825,-0.694218,-2.317617,6.931236,-2.982647,-4.767155,7.333338,5.155422,4.855301,-1.842970,-2.451153,2.162271,0.212389,-5.303885,2.327757,-1.506344,-2.029577,-8.047030,-2.289349,-0.187487,2.421288,-6.174190,0
-2.748394,-0.425457,-5.659500,0.235666,-0.507931,1.080256,-3.765169,-5.503359,-2.450399,0.228901,-3.901373,-3.318319,0.662132,4.470196,-3.248564,12.990891,0.422464,-4.420946,-4.990789,-2.760799,5.363558,2.574615,3.131592,-0.589039,1.063721,0.992235,-5.356993,-0.132853,2.576616,0.614859,0
-1.934391,-4.285379,0.726143,-2.152544,-3.826824,1.573597,4.094692,4.141357,3.939579,1.470070,-2.465338,-3.445879,0.403782,-8.256457,-0.681267,-0.910498,3.000113,-2.750389,0.505035,3.883598,-1.538687,3.192818,-5.715184,-1.273281,-5.374859,-1.460470,-2.449066,-3.440977,-0.074270,-3.157192,0
2.225092,-0.908298,1.030716,-4.998304,-7.891153,2.614475,2.761747,2.581161,-0.700459,3.662786,-1.881670,-2.959393,0.965691,-2.780336,4.415224,0.283714,5.836628,-1.145851,-3.585541,3.884710,3.288639,0.907583,-9.280689,0.041117,-2.804428,6.368994,-2.092365,0.094677,-3.300060,-0.659714,0
-5.659310,1.486137,-2.155519,-1.791607,0.621325,-2.592781,7.988100,-5.859537,-1.559038,0.734381,2.306873,5.054255,-7.913831,-1.570189,-0.268343,-0.062086,2.821129,-2.061352,-4.206329,-8.356521,-4.856752,-7.634876,-9.590958,-3.181107,3.886929,-3.029543,-0.398815,0.922306,2.796906,-2.754267,0
6.436348,6.937344,-2.412930,-2.309191,-1.268543,0.403927,-2.649033,-6.280766,2.494802,-2.669294,-6.556509,-5.049570,-4.411018,-3.517483,3.408951,-0.881304,4.890442,0.509001,0.128237,-4.078316,0.021271,-3.299805,7.531755,-4.434284,-4.874485,1.240688,-3.453762,1.333309,-0.613287,0.924427,0
-1.994534,-2.642878,-3.560026,-4.498276,-0.372843,3.800596,-0.146055,-2.349253,-9.853008,-3.654812,-0.262985,-0.541397,-6.365506,-0.956818,-1.340012,4.183043,1.546421,-1.483765,-8.343898,-1.375654,5.192541,1.075644,-5.237848,-9.247631,-3.012629,2.379416,1.094435,-2.479322,-0.617483,-3.305819,0
0.398222,-4.902987,0.089392,-0.445213,-7.038843,-8.719405,2.235918,-5.107769,-5.210823,1.955137,4.027149,2.290592,-5.414970,2.823851,-0.806278,-7.532289,4.479343,-4.242321,-1.459475,-7.501729,-0.668163,-7.292711,-3.259373,-1.397766,-1.593838,-5.805600,1.115383,-0.427622,-1.963560,3.448946,0
-5.093060,-6.829902,-11.397112,-1.823774,-4.981613,-2.457115,1.245932,-0.174957,-7.739128,-5.165058,-7.767848,4.918560,-2.780403,-4.582050,-1.759724,-5.982409,1.373461,-6.086132,-1.714689,-0.025835,5.329536,4.079805,-2.942760,-3.615480,0.610394,6.576004,-3.431868,8.532158,-3.630196,-0.960787,0
-2.689552,-6.716442,-2.120766,0.950161,-2.669256,6.408297,-2.920164,-0.673811,1.916407,-0.300627,-3.781723,0.193148,-2.452364,13.321804,-0.456707,0.521269,-0.825651,-3.275711,5.608358,5.246948,2.309902,2.363644,0.195591,-2.040020,5.690754,0.986773,-0.372824,-0.405409,-8.414649,-2.967562,0
1.166090,-4.113054,1.463690,-8.598846,2.272892,1.471739,-9.314535,-0.949247,2.371193,-2.489088,1.644314,6.935925,-4.172091,-2.003580,6.824013,-2.966360,-5.028301,-4.990820,5.569016,-2.272842,-12.583752,-4.103422,-2.674799,-0.220869,1.544071,4.303743,-0.407909,2.333866,-6.839180,2.438807,0
2.843956,-0.384319,-6.771707,1.775505,3.619005,-0.009720,-0.347198,3.722923,-2.939241,-3.669750,-0.664465,-2.087112,-0.287968,-5.558627,-1.163002,-8.524354,-2.587715,-0.127094,-5.648958,1.563227,2.278709,-0.258984,-4.026258,-2.040087,-1.257092,0.241924,-0.415117,2.501926,8.917641,-1.598764,0
3.355974,-3.023605,-10.305947,0.308598,-2.031998,-0.648075,-9.038387,-0.093290,-2.189484,0.781071,-2.255981,-6.698670,-6.114006,-5.938966,3.495987,2.607626,-4.953863,-5.655640,-3.414131,-3.268415,-7.874066,2.524239,-1.960932,-7.597521,2.885132,4.360634,5.147480,-3.873419,-7.172016,3.068068,0
-0.942274,-5.901715,-0.819464,-4.304647,-5.121241,3.031778,-1.715895,6.862474,5.410353,0.472338,-12.994379,-6.921418,4.430851,2.194132,3.333471,-1.592470,-4.472488,2.822300,-1.698534,3.042261,-1.777800,1.087481,0.063009,-2.610090,1.131096,8.700138,-7.579440,-0.751253,-7.264261,-5.956126,0
0.927443,-8.452202,0.560354,0.815823,-1.705168,-0.331408,-10.203170,3.303131,-0.606030,-4.398935,-0.652580,-3.760454,-3.534391,5.411411,-0.937244,-11.314989,-0.152824,-2.637770,-5.421879,0.256254,2.184311,4.314140,2.887629,-0.442865,1.940218,-4.716021,-0.634092,-1.501074,1.467907,0.492449,0
-1.872604,3.983353,4.322430,-0.569904,-0.036186,4.815350,0.261112,-4.112955,4.740694,3.383852,-1.055521,-6.119492,-6.624754,-2.936569,-2.798885,8.092684,-4.938141,4.346127,-1.601004,2.577774,-6.948256,3.348545,0.603912,4.159641,-4.273478,-1.286423,-1.559668,1.915985,-3.531101,-0.942951,0
-0.894766,-4.699883,-9.952079,1.833881,1.627386,-1.347677,0.499340,4.668966,11.974281,0.250963,-2.083208,-2.385355,-3.837343,0.385027,-1.840670,-7.393061,-3.925341,1.364681,3.816223,-0.057346,-4.718233,3.740698,0.954805,-1.659637,-0.234409,0.872131,1.917849,4.253252,1.101969,-2.865677,0
-1.145662,2.562546,3.573914,-0.040144,0.347807,-6.537707,-4.474371,0.272371,-2.907927,-2.041773,7.506918,1.365097,-1.463383,1.601963,-3.330816,1.311754,5.122416,-7.393447,3.481747,4.411591,-4.078278,3.095871,-9.607822,-2.911011,1.441599,1.442495,2.215189,-0.585249,3.903374,-6.775623,0
-0.173286,-0.797367,-6.643162,8.409756,0.089594,0.699898,1.318539,-9.381115,0.980551,1.403608,-7.818266,-3.205658,-2.954470,4.971521,3.851328,-3.563776,-5.173355,8.491674,-4.131266,-4.811853,-0.078417,-5.020710,-0.500883,-0.093378,-3.272415,4.191708,6.002954,-4.852079,-1.835932,-2.188892,0
3.116953,-3.103910,1.257610,1.217463,2.149538,-3.596312,-4.037409,0.336973,-2.831581,0.078867,0.580469,-0.421049,1.207516,-4.928717,6.649298,-1.076748,-3.959787,-2.914948,-0.995874,-9.506340,-5.431662,-2.260895,-5.509224,-2.723486,0.142887,1.772203,-4.473921,0.748913,-0.648376,-0.362770,0
4.062981,2.192228,-6.723820,1.803976,1.011988,-4.311382,3.282818,-3.297932,2.606516,3.648603,-2.126339,5.407755,-5.569505,7.264404,2.400644,3.514624,-5.097044,-4.367615,-4.602831,1.435959,-5.571973,-0.556129,-2.013426,-1.700844,2.902769,-3.006817,0.726986,7.045000,-7.089446,-0.044138,0
-0.689556,-2.259516,2.805765,-3.596951,5.371294,-2.255692,-5.919847,-2.134422,-1.393909,-6.182014,-7.690391,3.072622,-6.393795,-5.065031,4.269707,-1.466805,-1.144060,-6.183376,-3.471712,0.134092,0.468876,-0.519390,6.988573,0.291842,-4.388998,-1.431711,-4.762369,-2.377316,0.295279,-1.339708,0
-4.284521,-0.316391,-2.148117,1.900682,7.899868,0.441422,-0.672085,-1.119909,2.344090,-7.543092,-2.906862,4.227564,-1.859833,-1.582054,-1.998133,-0.310440,2.680645,2.935936,-0.326447,-1.950903,-3.416727,-0.299723,2.912771,-9.423559,-2.788054,0.621958,-9.694119,8.511862,1.533552,0.490633,0
-6.971643,2.579926,0.510149,0.996954,4.763466,-5.698783,-5.401720,-1.031588,1.109182,0.119684,-1.034151,-4.593754,8.164673,-1.457941,0.278862,5.363535,-2.143324,-6.194338,8.573391,4.913095,3.114094,-0.820614,10.598446,-0.969975,-4.810495,-9.404336,11.538486,0.325050,-0.856415,3.020758,0
6.858307,-7.008565,3.950676,-6.397154,-1.439775,-1.172043,-6.034551,3.230427,4.004036,-5.424921,-5.977241,1.568155,-8.984705,-2.108406,0.716339,-3.481279,8.135542,-0.441568,-0.655916,-7.288739,5.089266,7.401247,0.784763,-3.323435,3.020956,-2.661060,0.649063,-4.030470,-1.663191,-2.997124,0
1.962317,0.915947,5.347616,0.731964,1.008055,3.546463,-4.609566,-1.197599,-3.682386,0.998421,-5.809527,-0.029604,4.040783,-0.949558,1.999252,-2.832836,-0.245363,4.607201,2.917871,6.559834,-2.754166,-7.205832,-7.044028,-2.197266,-0.763742,5.936316,-2.284410,5.005936,-0.776600,-7.285169,0
-1.688915,-1.385866,-1.639694,3.319412,-5.783308,-2.977943,5.403303,2.691311,-6.278781,-1.186134,0.595043,-8.174503,-3.691353,-0.142801,3.801964,-4.194105,4.314169,1.727930,2.908228,-4.592426,-0.966173,-0.763544,5.307865,0.452175,-8.752294,-0.865185,-7.224253,-6.097273,2.400257,-0.356541,0
-5.121080,-1.383316,2.946489,-4.592276,0.307154,-4.823051,-1.302282,-6.680333,3.067942,1.556875,-8.464228,-0.345812,4.916050,-7.796331,0.493036,-2.663450,0.333757,3.447487,4.801136,0.928442,4.603905,-0.636923,-2.433067,2.522741,-6.326800,-4.805822,-3.313540,-4.541927,-0.594341,3.937363,0
0.077394,2.827473,3.870255,-8.138058,-7.018456,-0.559927,-4.669603,-3.733175,1.446449,1.142771,-5.157724,-4.443226,-3.523930,-1.040524,0.040722,2.660648,-4.103338,-8.765538,2.512640,5.565861,-1.572088,4.857706,2.318327,-0.866783,1.558109,0.980928,-4.851982,-3.568335,-3.608501,5.404266,0
4.198702,2.226608,-1.719744,-2.227322,-4.485094,-0.947256,2.257282,-2.758898,-7.300887,2.318611,-6.027674,-0.802252,5.008741,-3.132734,-0.793884,0.994747,-0.007891,9.968079,4.045013,2.321934,-4.895231,-5.761145,-4.182697,-1.070705,-3.033199,0.142511,-2.865942,-1.255079,-9.024003,1.846607,0
-3.284105,-0.456877,11.596149,-4.749697,-2.675161,-7.564197,2.619631,-0.491125,1.068602,-2.511240,-5.040167,2.903381,-2.487659,0.480398,-0.178762,-7.381536,-5.196697,-4.897709,-1.828257,-9.130377,3.401825,0.866333,1.033663,-0.552233,4.038868,2.198778,0.255861,2.743471,2.886028,-5.653860,0
-3.505402,-3.813673,-0.051401,1.674660,2.564596,-1.730339,3.228315,2.097746,9.539213,-0.581545,-0.292574,2.976952,5.049650,-2.400496,4.414808,5.230375,0.548592,0.639227,-0.651968,-8.533786,-1.502771,2.811195,-3.997679,-2.854469,-10.777843,-2.320776,-2.360605,2.846682,-8.669284,2.073023,0
-2.822414,-5.551889,3.783600,-1.370680,0.171850,1.106405,3.998453,-5.904902,-2.760023,-0.718580,-7.305034,-2.232992,-0.134123,-8.642666,-0.712881,-2.360615,-4.858025,-3.840734,2.261839,-1.912205,-6.860507,5.181488,-1.738060,8.165104,10.039774,0.638668,-0.767328,-6.360445,-3.616199,-4.388342,0
-2.584719,-1.729221,6.120827,1.050692,0.865173,-1.112600,-2.264473,-2.114916,-5.565766,4.537075,2.850443,4.277225,4.325821,3.068781,2.485313,8.058010,-6.318660,-1.799011,2.012623,0.412521,-0.205999,-4.654203,-5.138056,-2.732536,-1.123619,-3.479382,0.506441,-0.322807,1.088631,-0.028482,0
-3.334227,-0.734930,-4.682793,-5.897284,1.805166,4.901434,-3.334639,-4.612209,-6.585248,-0.213285,-0.090971,-6.045653,6.838877,-8.470396,1.672615,-1.513592,6.485762,0.441917,4.451433,-4.506413,-3.295506,-0.302689,-0.309877,-2.361727,4.776081,-6.329443,2.734293,0.113703,-0.522696,0.119816,0
-1.720470,-1.076731,-11.827093,-3.764217,-4.157492,1.631632,1.801563,-3.945303,6.695299,0.980444,0.629599,-4.410995,-0.998940,3.052675,2.739370,-1.178545,-5.887227,0.317739,-3.669222,-1.882671,2.403028,2.979437,0.822187,1.580219,5.160534,-2.968634,7.219187,-0.234852,0.390429,1.498270,0
-5.161724,0.488808,4.405832,-6.094624,-1.459862,-0.521347,5.608383,-0.339731,-6.998405,0.200573,-2.812962,0.289543,7.035891,6.942459,9.714464,6.503040,-1.798288,-1.726807,-1.843172,0.193262,-2.360460,-5.314623,-0.418837,-3.923956,-4.045616,-5.249884,1.415401,-1.651545,-0.295612,7.487518,0
-2.143311,-1.401915,-2.553818,1.538050,-1.061106,3.193697,1.022852,0.619223,2.677076,-2.113483,1.198454,5.220726,1.099079,0.877941,0.245464,-1.428026,-0.232214,-4.768776,0.240707,0.048851,-2.101698,0.203232,-7.150423,2.924524,0.329752,-1.537222,-12.202324,4.634510,-2.069675,0.568439,0
0.064348,6.934612,-5.587213,-4.822481,0.147169,7.001623,1.361237,-0.778561,-0.286213,-5.748652,-4.812273,-3.596443,1.617392,0.793848,-8.628399,2.075930,-1.978254,3.605190,1.821817,-1.440907,-0.731108,-1.848206,-0.043449,5.079472,-5.798284,-2.920866,-10.483245,-0.982962,-0.757286,1.305872,0
0.853912,4.177902,0.150726,-2.196436,-4.341200,-7.237604,0.352903,0.505714,-1.950710,1.044180,-3.988754,3.914045,-1.030279,-4.834177,-0.292791,-6.055189,2.091528,1.841131,-5.704966,-2.261007,-7.028972,-3.457420,-5.949550,-4.332245,-8.574654,-2.276518,0.801325,-4.596632,-6.726025,-1.614534,0
3.784252,-9.265212,-2.270700,4.974899,1.053003,-3.453724,1.152847,-6.564614,1.187969,10.071774,-2.227732,-1.248602,-5.955048,-4.745043,-0.747889,-3.379362,-2.803444,-4.208920,-0.269604,0.822010,-1.642649,-6.825953,7.071609,-0.690100,-4.653278,-2.580044,4.575144,-8.197748,1.956602,0.258476,0
