-3.293261,1.943245,-4.734759,5.096083,6.189714,-1.088606,-2.804558,-3.256504,-2.190895,3.862160,7.806095,-4.987493,0.913883,9.316460,-5.592184,5.575096,1.325844,-0.732449,-3.540280,1.636719,0.016144,1.659676,1.061176,4.378691,-4.068148,0.720406,8.363098,5.638529,4.997700,1.031218,1
-2.731651,-1.940268,2.195210,0.110281,-2.729137,9.550579,3.762819,2.099333,2.103111,0.576401,-0.449900,6.399387,6.652117,-4.097874,-0.780413,5.789789,8.968605,1.761019,5.461042,5.703886,0.650484,0.853191,0.671928,-3.107412,10.420385,-2.577036,3.753235,-3.392403,4.491425,-2.480705,1
-2.820782,4.580273,0.679522,-5.025963,2.888754,-0.254364,-1.675920,3.670094,-1.176905,0.045862,-5.152521,0.843100,-2.215689,2.331139,1.326349,2.115990,-1.794018,4.039717,-6.242907,2.332525,-3.075310,1.028385,3.191456,7.827255,-1.850269,-0.334730,3.061186,-1.922163,3.484402,2.954449,1
-0.418957,2.676046,2.902283,-2.580833,-2.566441,1.288046,0.193258,0.424707,3.893789,0.528152,0.516985,-2.847895,4.470984,-3.140589,0.398516,7.693785,-1.435848,-0.167503,0.878620,5.849949,10.100786,-0.014212,6.088991,-2.070242,7.319817,-1.030453,5.287100,-3.888896,-5.418779,0.670456,1
3.192556,3.329714,0.781244,6.197113,0.940987,0.783133,2.907883,5.479103,1.020990,-0.509104,-2.948362,2.187340,3.632856,-5.294570,8.341948,-2.735697,-1.242294,-6.421026,4.912477,3.216724,-1.271200,3.348066,-5.231849,-1.367167,-0.055994,0.044394,7.000708,-5.172427,5.581062,4.390764,1
2.379522,5.554546,1.088181,6.944599,0.562576,-2.264608,-7.004102,1.649599,2.949099,1.688261,4.484194,-6.682313,2.800804,10.060913,1.822893,3.993343,0.797462,0.285479,-2.302311,-4.940978,0.757269,4.978771,3.276369,7.881624,0.207464,7.924843,6.434425,4.424318,-0.613176,-1.318121,1
0.314655,7.108223,4.963600,5.010851,-0.110418,8.671154,2.480343,-3.060148,6.154280,-4.343224,-6.347001,7.303909,2.435026,3.576557,-0.836718,2.479465,6.719273,0.472147,5.611050,0.344267,-0.254993,-2.650589,1.024982,1.252897,7.702890,-3.408024,1.311295,-0.892340,2.787682,0.614384,1
-1.782005,6.950439,1.975851,-0.763765,4.201021,8.260977,-2.704931,10.880978,-2.590809,-4.215844,4.573610,2.038418,7.365284,1.476561,4.161230,-0.643007,5.497860,2.083254,1.937782,-2.691635,-0.936333,6.854780,-2.026237,4.863064,4.189991,0.717045,1.220686,1.292770,2.218498,3.068375,1
1.971275,0.896761,1.040131,0.035677,0.022974,6.335629,2.317474,-2.078011,-1.653803,-1.032162,1.695738,-2.647076,-2.146399,7.300392,-1.238111,-4.626976,-1.925062,0.221603,4.357101,0.004736,3.337351,1.178671,-4.133204,-3.296158,9.555876,-0.822884,8.490114,-1.890236,-2.869005,-3.978671,1
-4.184564,6.919025,-3.983161,-0.733364,3.409399,-0.771444,2.476418,4.868437,7.951120,0.499422,-7.219810,1.986084,6.155104,-2.989595,0.636660,4.990341,-6.704813,-5.016725,-5.090146,-10.886060,0.927530,6.412861,-2.710810,-7.101838,7.779751,5.813246,-2.274450,-0.306942,-3.240114,-2.990837,1
-1.687870,-0.991968,-4.252923,-1.197187,1.225773,6.866953,1.913483,-3.854565,2.489296,2.120234,2.869795,-1.010031,6.158085,-1.470337,0.156626,1.143108,2.157085,-3.069433,3.388103,-4.832123,9.168852,-3.805730,3.878744,-4.652736,0.512466,-6.786914,5.526157,-3.751447,1.289419,14.233231,1
6.818300,-1.674026,-4.682832,-0.530483,2.310247,-2.898827,-5.915167,-0.524559,-1.686640,-6.916988,2.309591,-1.925768,1.759962,-8.369556,2.966898,3.469275,-0.627575,5.922300,-2.506910,8.040098,0.437922,0.574606,-0.925526,1.550938,-0.336708,2.140516,5.165642,2.588942,-3.198671,-3.667880,1
7.420990,-1.882164,-0.793322,2.283245,7.669931,3.709532,-3.215906,-1.104738,3.721235,-1.058298,1.063894,5.618402,-8.860826,0.617723,-9.695634,-1.455448,-9.330518,-4.945061,0.740524,0.481848,-1.152752,-1.258917,2.090134,-3.203545,4.189735,5.685480,-1.452198,-1.680273,-2.921270,-3.342829,1
2.936190,-0.723558,-6.297359,2.872416,-3.910691,-5.581790,0.363949,-3.501020,7.352386,0.785467,3.413012,4.011269,-4.754197,-0.196064,0.047991,1.070999,2.513266,-4.031941,2.194557,6.773354,1.685869,7.440151,3.750177,-8.352984,-2.084883,1.570292,0.184460,1.294752,7.946327,-6.376233,1
6.167166,4.589769,7.055058,5.037523,7.397762,3.782412,-5.738667,4.541857,-0.466455,3.484665,4.022415,2.999489,-1.554424,-0.777784,5.670118,0.019440,1.037815,3.054144,4.353491,5.706579,7.559803,4.824121,0.267637,-0.280058,-5.035361,2.232035,1.038189,0.311205,-0.184824,7.814543,1
3.292786,9.999340,-2.673895,-1.061594,4.543207,8.746439,5.440996,0.318392,3.595299,3.121199,1.883175,3.857637,5.107761,8.342363,1.423777,1.425726,-4.087537,-7.534572,4.161158,-5.205440,-6.376037,0.300953,2.293560,0.135374,1.719336,1.350336,-2.239012,0.630896,3.285208,-0.868549,1
2.429028,-1.487095,5.139694,-0.970791,2.847462,0.331047,-1.586563,2.588799,2.365637,2.215269,6.289694,7.898544,3.510605,9.219210,2.787872,-2.611019,3.157747,2.075500,-1.296556,-3.445137,-1.951200,3.647215,-4.195657,0.819349,3.835234,5.201040,1.030609,1.978209,6.538034,3.717274,1
-4.176669,0.805260,0.076416,0.321424,7.289686,3.950531,2.361837,-2.942785,4.749512,-2.339565,-0.473827,-0.536047,-5.512986,2.097334,-6.080877,-0.142811,5.661404,-2.491215,4.594105,4.016220,-8.228787,0.551527,-5.519347,-3.469400,1.197796,1.013462,-4.380087,-1.631870,-1.438742,-2.398191,1
9.639259,3.289818,-0.915161,-3.994418,0.605202,5.430820,-3.417431,4.484245,4.787275,4.627890,3.461058,-3.451506,-0.020586,-3.682161,-2.963602,-0.348425,2.714674,1.024742,3.391024,-5.760056,0.844923,1.032381,-1.585897,4.467970,5.757368,-4.967050,-0.758074,4.839458,3.186001,0.400730,1
-6.373137,-5.158161,5.303747,4.906525,-4.272255,-1.977747,-4.427836,-3.128704,3.372908,0.521828,-1.403048,-4.028168,4.743690,0.676434,8.696428,-7.607158,0.303194,-3.674923,-6.356478,-1.763605,0.280386,-0.306980,-3.007212,5.189520,2.385084,10.354136,4.169540,4.771162,1.060184,6.408482,1
2.928112,5.661173,1.162216,0.381706,7.667072,-2.238493,-7.048598,1.864561,-5.519771,0.788410,7.642183,5.974438,7.931519,4.360809,-3.621373,7.432396,0.141315,0.529636,-2.165033,-4.522928,-4.168309,7.155340,9.549915,0.317369,-1.882006,1.779043,-5.901473,1.507275,-5.026727,-2.858614,1
2.560837,-0.541058,-3.471764,1.609251,1.583233,-1.558083,-0.751204,-2.658337,4.980045,-2.819086,-1.456816,2.080557,2.350723,5.965729,-1.121372,1.134775,2.541656,1.526087,-0.704477,-3.194065,7.920118,-5.943247,3.139318,0.947973,5.063377,7.630299,3.693556,-6.105709,7.637613,5.489714,1
3.414001,1.912500,6.167444,-1.119871,4.791649,8.182154,5.816328,-0.665854,3.484043,-0.015308,-6.495780,2.042423,1.077608,2.788290,2.432827,-1.878029,5.223831,-0.378309,3.103031,2.832703,5.406155,2.394493,3.313923,4.958178,3.854652,7.250742,0.099945,4.444174,5.869661,-0.659189,1
4.583494,4.429653,-0.456537,0.526899,-3.192312,-4.605623,7.032875,3.607338,-0.360901,2.331764,3.756695,0.969622,-1.288828,-1.203798,1.617508,3.684614,0.990808,1.814436,7.088753,-1.392036,3.856138,-5.496665,-0.727100,1.292555,0.593298,3.602211,-3.314440,2.638618,-3.747412,-7.297404,1
3.592510,-8.861009,-3.793664,-1.283392,7.347515,-2.172712,-0.944675,-0.563559,3.543072,1.114071,-2.934183,-1.209869,-2.121922,0.807915,2.546309,2.414923,5.776175,1.160534,1.382036,-2.391129,-2.527565,2.100931,-1.284088,6.162193,-1.234537,-3.696140,0.470419,-1.946743,-0.852913,-0.496138,1
-1.374664,-1.621202,4.873096,-1.278477,-1.454952,-1.027815,4.469790,-1.291679,3.090916,3.375101,5.243750,4.295399,3.025839,3.138855,3.614069,-9.198869,13.687080,-2.155569,7.734276,3.649632,-1.166857,-7.865521,-2.546373,-0.310204,5.297300,1.852640,-0.026379,1.709791,1.455336,-3.339455,1
6.564013,-4.934194,5.398640,0.729439,7.024805,0.162157,2.124962,1.909445,-0.144657,-14.446615,3.345043,1.327446,2.930861,-0.451130,4.210424,-2.902550,-2.010208,4.235008,1.820864,-3.494358,3.468712,-2.613941,1.379532,-3.354628,2.662289,-2.320368,6.235464,3.289289,-2.393185,-6.027068,1
6.232046,-2.521521,1.397844,-1.222481,0.532778,1.825890,0.352392,-1.169359,3.292942,-1.272463,0.990377,3.317413,-5.978599,-3.648028,-1.866045,3.146395,0.339066,1.961395,-8.560490,-3.462976,2.778538,-0.582760,-2.013691,0.377987,-1.532322,2.008057,9.222126,-4.144548,5.019007,-0.070988,1
0.263275,3.665648,-3.104015,-4.720741,7.155357,1.028709,0.275085,0.752216,9.406408,0.367704,-0.280405,-2.614204,9.149082,7.525658,-2.641661,2.318972,-3.258984,0.580017,2.091932,0.693035,5.422382,-3.512947,3.400433,2.465183,5.603210,7.343403,4.192734,-8.881371,8.561296,-2.871435,1
0.689201,1.803505,-5.018291,-6.648404,-0.419508,6.615927,0.674328,0.744751,5.881683,7.971354,-1.015753,3.734869,3.070023,-5.346218,-1.819164,-5.480251,0.587473,-0.328962,4.026323,3.807394,-4.325629,7.903627,-0.418669,2.221647,5.522615,3.638983,8.056080,-5.975533,-3.385971,-6.396980,1
3.460945,0.401421,5.177759,3.653255,9.915808,1.073843,9.500425,-4.808336,0.690002,-5.629189,-0.460964,0.181789,-12.045994,-8.717774,7.889238,2.623989,0.524498,0.710115,1.642029,2.674553,3.440786,-3.224817,-7.512689,-1.161516,-3.579351,-2.129257,-3.721503,-0.701401,-1.470123,-0.513235,1
-4.836999,2.881765,0.917486,-1.877596,-4.076290,-0.182634,-0.518503,6.072401,8.176697,0.414124,10.051731,1.959959,3.693604,-2.462128,1.129786,-2.007341,5.097979,-3.219004,7.504797,-2.056047,0.117138,6.521172,2.210356,3.020573,-3.189520,4.425638,-4.255612,2.745003,-0.231916,0.022549,1
1.820690,-5.704602,2.513838,0.830723,-1.419529,2.316896,-1.897974,5.630058,-2.175087,-3.870114,-7.101722,0.651321,-6.279877,3.608557,-3.390488,5.761009,10.715559,4.447437,4.006071,3.230227,-0.322828,2.713505,3.541498,9.227272,1.043652,7.386410,-2.954855,2.972546,-2.329020,-3.344442,1
0.137873,2.333876,-1.482195,-4.244880,-0.255573,2.568041,-0.567354,0.381027,4.996935,1.897474,7.199249,-4.148534,4.107021,1.845209,7.499846,-9.109016,-4.894461,4.607313,1.026001,-0.377466,-0.818289,5.049665,-0.303011,-2.938574,-1.967960,-0.810537,1.534105,-5.877591,0.760170,-5.872321,1
1.393990,4.236803,-2.288465,5.784647,0.101223,4.366102,1.186773,1.522243,7.830040,-3.537430,3.902412,5.937433,0.836958,1.249613,-6.213095,1.975372,-2.124086,-2.125231,7.552530,3.720797,5.514145,8.790062,3.866179,2.620131,1.490469,-3.046228,-1.168678,0.421425,3.663467,-8.411329,1
-2.113916,6.333406,0.890682,-8.774034,4.636608,4.970877,-2.122789,1.945496,-1.565989,-0.447886,4.388971,0.450115,-4.424458,-1.625492,3.808496,6.549009,1.971388,0.493610,9.167744,4.232941,2.259565,0.229483,1.871143,1.785305,2.299562,2.031481,3.714733,2.314926,-1.421362,-5.249708,1
-5.202341,-1.996538,-1.956827,2.162720,2.161806,-2.133036,-3.321236,-3.164024,9.439924,3.410145,-4.088449,-3.517780,2.969517,7.890059,-1.128767,0.151316,-1.990316,2.664183,6.146133,-2.911230,6.198690,1.396952,4.316042,1.740891,2.184370,-2.152164,-4.910584,7.770008,-1.958397,8.397543,1
2.402288,0.833782,2.654234,6.786798,-0.690096,-1.526186,-3.704808,4.128572,-1.486376,-0.724409,6.610886,-4.198660,3.430099,6.218765,4.687313,-5.413700,2.026573,4.102430,-2.948050,3.180174,-7.164189,-4.186106,11.144646,-3.343502,9.786623,-1.963640,4.280346,2.462107,8.466017,0.470625,1
2.510231,5.122608,-4.190589,2.482189,3.114847,-0.840893,-5.484565,4.150654,14.561031,2.147032,-4.990448,4.356653,1.374069,-5.646797,-0.383364,7.856356,1.682131,2.977993,-0.307171,0.674759,-7.306479,-7.272045,5.285139,-4.802052,10.597528,4.041288,2.237722,-5.075230,6.382195,2.741529,1
1.864220,1.957586,5.258017,-5.202975,8.829084,8.742754,-7.291416,-7.184443,-1.316021,6.584375,-2.138477,-8.179146,4.451609,-3.429598,1.880272,-1.779123,3.134178,2.192373,-1.924427,3.426168,1.971127,-5.013456,0.990499,-0.634476,-1.576696,4.932913,3.522255,0.614172,1.058399,-4.847221,1
-2.130699,7.788412,0.020391,-0.048635,5.458582,-0.726078,-1.700104,2.250015,-4.031458,-0.963711,-1.586349,4.829266,4.449192,1.763391,-1.065365,-3.834162,-3.136292,-2.945591,-0.034052,-0.884415,-3.346369,6.013578,7.867762,4.066530,1.328606,3.219736,-0.404352,0.168085,-2.197874,3.703016,1
7.329412,-2.442364,7.644892,8.715622,4.271456,3.156641,4.065922,4.683775,2.160641,-1.190163,-1.498478,0.982010,-0.748491,5.229151,4.254269,-1.679825,4.774641,-1.559679,-0.169031,0.480471,1.767332,-1.016609,-2.269522,4.934931,4.244751,11.397511,4.809746,1.748127,-2.325668,-4.452401,1
-2.380030,-3.138969,2.665369,4.336449,3.658045,10.068409,2.375095,-2.349030,-1.550900,-3.940409,1.417822,0.079056,0.744297,6.091244,5.667696,-3.410877,0.843233,4.907499,-0.581409,3.386162,-2.548712,-0.691608,0.478033,-4.849791,-6.069635,3.039431,7.222507,-1.917082,-2.450556,-0.138353,1
2.778780,3.329912,4.884315,0.131008,-0.426752,1.575478,3.374958,-4.242862,-4.973654,6.158045,-1.019638,-1.502604,3.044861,-0.186991,7.514936,9.074522,7.664585,-2.295357,-6.025687,-0.199163,4.127056,3.351873,10.814152,6.100918,-7.137794,-1.192478,2.626514,-3.873566,7.007090,1.945103,1
-2.633478,1.904404,7.368578,-2.075974,1.622297,2.718250,7.555618,-1.250557,-3.764454,3.318127,3.046034,-9.146920,2.142271,1.379713,1.875202,1.337805,-2.479712,4.860855,-3.426245,4.164551,7.374866,3.791948,-0.040106,-4.316486,2.581976,2.522449,-0.203695,2.024645,-1.016891,8.164022,1
2.664103,-0.274055,6.595364,1.201042,7.841684,1.992083,2.535275,2.698750,-5.900215,1.596712,0.621578,-1.528711,4.303406,3.068876,-3.833859,1.363281,-2.730593,0.116781,-6.230449,2.811750,1.654139,6.429716,-5.584888,3.670061,9.720984,4.565968,8.611195,-2.230982,-3.223116,9.715153,1
-3.216240,0.116274,2.302586,1.633039,0.942255,5.299702,2.643879,-1.235212,1.582602,-5.001244,6.304710,-4.820346,-2.028515,0.084082,-2.496195,1.771978,2.515310,-5.245729,-6.747094,1.470097,0.631420,0.814648,-0.861237,6.674105,0.015259,-0.257645,5.721497,-5.698127,-8.557739,2.774866,1
10.994577,1.235929,-0.916504,-0.614994,1.369978,-1.932085,-5.201844,5.096296,1.917925,6.906479,0.133684,2.860893,1.197989,-0.309147,0.011879,0.362547,-3.315037,-0.291616,-0.705366,-1.160162,-0.011330,-4.003942,-5.207085,2.524002,-0.040216,0.408361,5.782223,11.510479,-5.076916,7.335499,1
6.142857,-3.663216,-3.278475,3.291882,-3.371010,0.246897,-2.830872,-2.043018,1.869530,0.081114,-2.411795,2.517729,-5.104575,1.751820,4.232466,-1.682753,2.075104,5.774124,2.321724,-3.129650,-0.185236,1.318312,-8.652084,-0.564322,0.739435,-6.809885,-7.963740,11.231131,2.264957,2.047218,1
0.610197,-2.824875,-1.491383,-1.096334,0.785688,-0.588835,3.951262,2.447842,0.182699,-2.456173,-5.450150,1.650219,-0.146288,2.837284,0.508368,-1.163588,-2.728952,-1.225662,-0.787451,4.253256,-12.064476,8.270182,1.066896,0.291441,6.489258,1.661421,3.796478,4.077389,4.450727,-3.109112,1
-2.276917,-7.242277,4.345505,0.533018,-2.875137,4.201700,1.240438,-2.459398,3.726870,-0.927029,-5.621189,6.278736,4.758978,-2.587883,-1.430059,3.651909,-5.418222,1.615490,4.848934,2.690151,-11.312284,-1.807539,-0.291878,-1.950542,1.940502,6.824623,2.267029,-4.173436,3.550112,-1.465149,1
-0.056574,0.005308,7.053152,-6.569877,-0.927835,1.434332,-0.968477,3.241343,6.863234,0.024729,0.133472,-3.287636,0.069372,3.358629,-0.611197,4.727028,4.304363,6.668598,-2.730099,1.743301,-2.510422,1.896366,-6.096004,-3.684618,6.298136,2.889956,-1.572060,6.660458,-2.728209,-2.413761,1
2.732059,-2.338039,1.659735,-2.741592,0.473034,8.087606,-5.562971,4.425827,4.806194,2.703501,5.077791,3.202890,-4.998535,-5.393374,-5.677144,8.872408,0.812239,0.754267,-0.114658,2.806988,-3.445700,2.263968,3.473547,3.788881,-1.658941,5.977962,10.175795,-1.187513,1.661932,1.722261,1
-2.470413,7.434134,0.796877,5.398588,-3.514116,-0.955545,0.771652,8.960831,5.135834,4.066690,0.985035,0.282009,2.087244,4.918776,1.669275,-1.473017,1.831017,4.069933,2.517895,3.985538,6.382929,-5.096084,-4.955427,2.495403,1.202433,3.638281,-9.443583,-0.529369,9.083263,6.922813,1
4.964172,7.826260,1.139595,-1.999481,4.902542,4.379295,-3.427200,-4.568178,-1.683294,2.139441,-1.854240,-0.860304,-2.893658,-3.128956,1.626471,-3.653463,9.042719,0.043287,-0.376360,-5.892049,11.933834,6.090076,4.247231,5.336559,-7.977081,-2.048744,2.677439,-5.730486,5.488247,3.779364,1
2.750582,2.310822,3.687317,-3.356543,8.128778,-0.209888,-0.092194,-2.076370,-0.313129,-1.224562,2.926956,-7.086886,2.629332,-5.025651,-0.341356,2.626507,-1.884377,-1.388023,-2.118078,7.640902,-0.172552,3.815939,2.524014,-1.325907,2.390392,3.218328,1.903074,-7.231076,3.883907,0.745718,1
-4.791283,-1.698515,0.160688,1.830879,5.317902,5.946537,-1.484453,7.168287,-0.490559,2.165939,-0.176157,-5.827256,-2.647619,1.285862,-4.130126,-0.309908,3.567636,2.080929,6.435919,-1.088556,-4.840470,0.681490,-4.036172,-2.501221,9.605516,4.200850,0.142389,14.497414,0.180349,2.848555,1
4.942690,-0.099369,13.104782,4.087692,-3.213161,-1.517567,-2.225113,2.155411,-2.240494,2.921125,5.227640,0.910000,-5.828919,2.893990,1.236591,4.681042,-0.975803,-3.523954,2.154530,0.900488,6.225910,4.641600,-4.604568,-2.111946,5.580030,7.086956,1.589109,-0.237135,3.301718,4.427385,1
5.315748,-2.392347,-0.144402,0.968287,4.043320,-0.036474,6.002903,6.594145,1.151957,-2.930244,4.602337,-5.263414,5.197489,-4.324485,2.358181,-0.111206,8.310093,-2.756893,-5.369572,-1.385050,3.702204,-0.283405,-1.873053,-4.024524,3.215229,-0.755169,4.136295,2.509556,7.450251,0.928089,1
1.981850,-0.031521,-1.931637,5.661421,-3.125786,-2.856232,1.005123,-3.325737,8.404497,-1.079332,1.883469,1.560431,-1.973059,-1.989000,-4.438947,-3.572387,-7.896682,0.328444,-0.156099,6.284712,3.788548,-6.583516,0.948051,-2.915279,-1.833689,-2.430540,-3.707519,3.106270,5.116135,3.153027,1
3.563686,5.534830,1.185083,6.112591,5.144472,-0.756041,3.523945,3.944719,-5.241668,-5.452676,-2.514019,1.086020,0.042505,4.522293,2.129349,-10.346786,-3.998563,-0.462442,-3.136259,8.227879,4.273664,3.227900,0.514292,-2.639240,2.212637,3.829895,-2.645052,1.040462,0.150618,3.458944,1
2.029129,-0.590702,-3.414186,0.826561,6.547045,2.792730,1.048477,-2.776045,-2.677273,4.171978,4.498646,-2.665117,-0.871811,1.704878,0.778309,-4.202502,-6.313745,3.289871,3.162985,4.730366,9.152845,-0.060537,1.543570,-4.114515,-1.348080,4.713196,1.869589,1.830393,3.176060,6.448057,1
-5.476366,2.630178,3.550003,2.641695,3.352617,6.540436,-0.655264,-1.438253,-1.974768,-1.365158,-3.527359,1.382242,-7.315177,3.184568,1.382578,-1.830021,9.346247,7.660982,-4.534492,1.820822,4.045122,7.231077,1.818672,3.134272,-0.646990,9.061117,1.934298,2.733423,1.235485,-0.030436,1
1.112267,1.956957,-8.999112,2.441397,-3.217985,-1.245613,0.184914,2.398149,0.091600,3.638067,-5.177543,-4.238587,1.470181,2.348528,2.102139,-0.095547,1.110088,2.578400,3.375210,1.411314,-0.300270,1.506506,-3.301220,2.405586,-2.240435,3.498911,-1.095160,7.458075,-1.955801,-6.595691,1
-2.750061,-6.947539,-0.614380,-0.948975,5.700817,-0.250553,-2.015337,6.139053,4.078798,-2.055895,6.630196,3.096828,6.434702,5.028542,7.828833,-6.691216,7.779123,-1.805714,2.551836,1.088135,6.414415,-5.187183,4.640739,-3.050728,4.166836,-3.762297,-2.448420,5.854568,1.018686,8.247061,1
-1.855278,-0.974308,3.999935,6.154758,2.755501,-0.626743,3.760155,1.924654,-2.503059,-2.540035,5.093636,2.617720,7.213533,8.381090,-2.439571,-0.298635,-2.288952,-0.519741,9.924341,1.764530,9.688467,-6.229333,1.715790,-4.438390,5.687157,-2.285753,-2.688683,-2.030083,2.817221,2.704031,1
-0.830383,0.103542,1.278221,-0.825190,5.004957,-2.322191,-0.629587,1.912861,-7.609251,-1.567335,12.342236,-8.953250,4.873972,0.683126,0.860998,3.777649,-4.441833,2.691048,-4.217191,-5.337271,5.003538,-2.400597,0.857389,-4.474895,-1.050970,-4.198652,5.809603,0.850519,3.748220,-5.703487,1
-4.369976,-0.713970,-3.502268,-2.916534,1.150660,-1.940840,0.148073,7.031958,0.830761,-3.927324,-1.059116,-2.257784,3.714863,2.352499,-7.880725,-4.843245,3.958633,-1.208757,7.204462,-1.581045,3.355991,-0.458860,-2.597919,-4.503473,-0.720200,2.877287,-2.360556,1.148649,3.635651,7.512226,1
3.462847,-2.536179,5.013210,1.376019,-3.865243,3.115335,6.456974,2.219833,1.958263,0.745373,4.517351,3.559387,0.528093,2.799234,9.198902,-6.554263,1.962326,-5.692959,-3.695929,3.082026,1.537800,4.251072,2.847113,5.076885,-0.270826,4.834885,3.101238,4.633595,-0.725573,1.624849,1
-1.067432,16.226864,4.415035,0.193804,2.190973,-0.937052,4.259308,-1.966785,0.046173,0.187931,-2.873596,-4.981344,-0.792843,-2.738167,-3.355938,4.368467,-4.588994,13.694008,6.631945,0.910883,5.311972,4.608685,-4.371538,-7.548763,-0.829119,0.505760,7.373278,-1.908867,-1.180811,-1.799246,1
-2.430758,-4.244119,-5.893100,0.488928,-5.533206,2.236359,-1.671347,7.411249,-5.874286,3.414534,3.071222,2.322487,-2.248375,-4.230703,0.431917,-1.490923,5.351925,9.470097,11.024130,4.003149,0.799543,-1.747509,-1.107256,0.235672,-0.774418,2.041473,1.873896,6.707312,6.088137,0.859835,1
-1.666626,-0.534708,-0.071199,-1.395769,6.115345,2.158714,-0.003933,6.573618,1.632639,5.849106,-0.635279,-5.616240,1.447422,5.577814,-5.973494,-0.622684,0.665956,5.579573,1.516844,3.372959,0.946064,5.379139,2.501747,-2.112309,-2.486977,-0.402266,6.767504,0.966169,1.641096,1.936487,1
0.594406,4.304892,-0.653418,0.278574,5.644215,2.347099,2.791925,-5.578060,-0.750460,7.111433,-0.064926,-2.881090,0.580063,5.176792,-0.595629,-2.027607,6.336056,6.675951,-7.300145,-6.091825,1.778875,-1.169622,4.830482,-4.347963,4.370251,-2.723612,3.193035,-5.664671,2.537018,-5.380824,1
-2.137447,-3.395348,1.238585,0.645905,-1.701151,2.741287,-0.974363,0.510572,7.879156,2.343380,5.932545,-3.367867,3.832424,-2.795160,3.140142,3.587158,-3.286018,-0.571346,-2.380083,-4.602008,-0.053965,-0.094646,1.798767,-0.596275,4.608181,5.490005,-5.967412,-3.225492,-0.352558,-1.479780,1
7.636909,-0.237173,-0.598824,-2.905840,-4.593215,6.560369,-0.927801,-2.226145,2.088005,-1.273994,5.961870,2.433630,3.732677,8.804800,1.137274,4.688272,1.706026,7.495155,-3.947224,6.079290,2.089384,1.064241,1.696602,0.019945,0.238474,1.596142,-4.618635,-5.964924,3.985775,6.906790,1
-0.715837,7.648512,-9.313722,4.907593,0.428953,8.537647,7.012280,3.207634,-1.566925,3.511003,-0.532713,9.212984,4.577541,0.344282,7.474419,-2.967714,9.450537,-3.339088,3.435608,-0.314062,4.540966,-1.457291,-1.096804,-4.948695,-2.934101,5.315466,-1.444466,-5.752619,6.472481,5.231895,1
-1.816898,2.878967,-8.453065,-4.002714,2.091215,0.658901,3.068766,5.576242,3.549438,-0.703671,4.899197,-6.901043,-2.657194,-0.459249,3.237495,5.730118,-2.161083,3.232685,-1.663191,8.791555,8.363823,2.854572,2.148275,0.565460,1.820101,3.435738,3.433998,7.735180,0.080618,-1.932819,1
-0.431234,7.603939,-8.801360,-8.626501,-0.425934,-5.797502,-3.099003,2.657478,-1.996172,-0.946062,4.263672,1.782177,-2.792709,-4.599313,0.044390,-3.759824,-1.591179,5.341082,-8.419087,-3.764074,10.174263,-1.727720,-4.060431,0.824558,2.582823,-0.073576,3.269135,-1.695108,1.605349,-1.864328,1
3.547560,2.148474,-7.280132,0.234507,-2.139984,-5.630713,2.077383,1.736803,2.829647,0.003475,-2.439367,-2.593401,-0.613623,3.213564,-1.878330,2.745646,-1.477072,-3.628847,6.230104,4.610378,3.175629,5.462667,2.256536,3.220129,6.646652,1.695488,-2.554874,4.149035,-4.292240,1.140911,1
4.231754,5.879929,-4.738278,9.464146,-4.954219,3.788668,-0.909918,4.905796,8.444244,6.669216,3.691925,2.773726,1.914324,1.451885,-0.011528,-4.326369,0.114546,-3.374317,-0.577946,-2.308935,1.505686,2.452587,-1.971254,-4.280714,0.067516,2.403074,0.076752,1.759241,-0.360460,-2.807484,1
-1.386864,1.997709,-2.123587,-2.873440,5.857147,-3.881736,4.159763,1.894342,4.681078,-3.500093,4.577885,-0.128721,8.201019,10.518000,-0.481430,7.744827,2.856512,1.231459,-2.346169,-1.351418,4.399652,3.596317,0.544109,1.820850,5.872482,6.537149,2.184687,4.960329,-0.051722,3.386326,1
5.108021,0.438215,0.706177,0.508821,7.232359,-1.867321,2.485973,5.745600,1.621231,-0.959574,3.082367,-4.141813,-2.740192,3.578266,6.391575,4.263699,7.684160,-4.538527,4.782442,0.797974,-2.618118,-2.096388,3.463259,-3.425636,3.397913,0.866121,-1.377768,3.719843,3.210526,-4.124259,1
2.269308,2.475210,-2.316244,3.158411,0.659588,-2.405104,4.821466,2.083309,2.231659,6.229136,4.021147,-0.062496,1.716995,-0.500914,-2.474567,-0.017181,4.585430,1.298126,-0.842060,-3.896768,2.625515,4.008421,2.603285,-2.904522,5.210941,-0.655687,0.926540,-0.697334,6.669580,9.633596,1
4.762512,3.445904,3.633327,6.711462,-0.630415,-1.801588,0.689535,2.581665,-3.227039,3.049494,1.400467,-6.832329,6.868454,-2.310417,-2.414934,3.353613,-0.503504,-0.205656,2.718914,1.461491,9.754726,-0.698139,-4.269474,6.516773,6.304865,-0.321953,-2.314398,-0.588570,3.121853,2.875862,1
0.663164,-6.222821,1.896011,10.429422,-0.599930,3.763981,7.026459,-2.619926,0.198383,2.510008,-11.580349,-3.577302,-4.845234,9.666590,3.256142,-3.657573,-2.393681,-1.967348,1.942583,-2.546684,5.537420,1.486734,3.346476,-0.784300,3.716738,1.277458,-1.835087,1.539583,-3.445133,-0.982691,1
2.765985,-12.017260,8.076982,0.142931,0.791952,3.363764,4.885008,5.286839,2.447481,2.270569,4.160574,-3.742247,-1.311096,0.725632,-2.481503,2.065054,4.614180,-6.593788,-0.948202,0.964882,-2.409615,2.596560,-3.961621,6.636585,4.193174,3.322847,-5.173839,2.009474,-0.359547,6.263943,1
0.756969,-6.230297,3.511278,1.087547,-1.434418,10.948841,1.117186,2.835751,1.199284,0.751928,4.300583,-2.481256,11.343201,-8.350716,0.980705,-0.661077,1.981060,4.379322,1.983730,-5.349032,-1.842896,-1.598999,-7.315611,-4.048267,1.556538,-2.445457,-3.079006,-7.456480,-3.541158,0.327141,1
2.352190,-0.841518,3.692814,0.352154,4.801292,5.906464,6.126915,-1.594028,-0.772598,-6.067825,-1.169147,1.050108,-7.799966,9.025402,0.395582,-4.959090,-0.350019,0.748432,4.062117,-0.830866,4.174543,2.237593,-1.001772,1.845037,6.499935,5.172140,9.001694,3.539282,-0.905495,4.267046,1
4.731930,-3.600728,4.254911,-0.913200,-1.800472,-0.131176,6.957315,-4.329552,0.054222,8.848524,2.585300,-0.082874,-0.404274,-3.618559,7.230776,-1.321098,-5.316806,2.049057,3.332338,-1.082335,0.122274,3.791136,-5.554614,-2.665970,7.966663,5.151388,1.640795,5.042908,10.786394,2.137671,1
0.026293,-0.977978,0.763279,-1.261297,7.696976,0.493143,3.857412,-2.526350,3.719015,3.843224,-0.382668,-4.372143,6.072508,-1.124607,10.313671,11.122711,0.456148,-1.305521,-3.538271,0.983644,0.611620,7.647913,2.554317,-2.035976,-1.688684,5.723019,0.519102,0.475756,1.199894,6.261850,1
-0.432806,-3.252890,0.120600,2.321667,7.566208,-2.530600,8.342199,3.245541,-3.777945,-1.922205,3.241543,4.839689,0.065525,0.176109,-3.226856,1.815395,9.821966,-4.564779,3.354910,3.258724,0.604124,2.298153,1.066360,7.582973,-4.849603,0.016584,-6.412004,4.988119,2.150070,-1.007399,1
2.041376,3.393608,-8.738635,-0.587383,0.961987,5.885305,-1.136755,4.731596,2.476320,0.768442,5.899553,0.517506,0.509289,-2.490923,2.360992,8.085211,-0.359518,0.315474,3.846384,-8.383062,4.981878,-1.470165,-0.635914,-5.170378,-4.171890,1.341759,3.303894,2.432114,1.028263,-4.166299,1
2.653042,1.360838,-11.666813,1.383520,-5.164639,4.821766,1.637714,4.567541,5.452751,-1.405329,3.701603,2.241327,-2.606632,7.222494,6.183477,4.451097,-7.768501,4.111280,-0.809969,3.023352,3.837486,3.055862,4.674036,4.075464,0.858414,-3.271423,2.820395,5.077551,-1.410482,8.302917,1
1.530611,6.060829,0.293591,-2.811384,-0.728680,2.359131,4.731613,-7.088402,2.368965,5.345057,2.311897,6.634485,-5.727590,4.904926,-4.562869,3.052757,3.954430,5.331274,-7.709295,-1.371025,6.016560,1.087835,-3.178513,-2.196272,-1.306362,3.171495,-4.875536,3.511503,2.231970,3.565189,1
2.780378,5.786293,0.911118,6.541109,-6.948672,0.659515,-0.042963,6.801256,2.228319,1.455370,1.193182,0.837650,6.170650,-0.870693,6.698534,-3.670654,-3.313263,-1.856855,-0.262209,-3.093849,4.496407,1.384212,7.875580,2.203896,-3.979177,-3.043148,0.909571,5.432407,-3.386745,3.257530,1
1.806627,3.953032,4.336231,8.064325,-3.701369,-0.015745,9.136366,4.761005,-5.674055,-8.703099,1.582655,-4.483336,0.731102,-2.063183,0.308723,3.984585,1.552794,-1.620625,-3.559528,-3.408096,-6.398560,0.063778,6.540546,-0.112576,0.878672,9.514568,1.102940,-0.138205,3.241549,2.976526,1
-3.035730,6.144176,-7.118890,-0.274117,-1.540155,4.499186,1.736437,2.430490,9.574703,-1.175493,6.959414,1.241560,-6.725551,7.061302,-4.299603,3.473740,-2.909536,6.073097,-6.442273,-4.681817,-0.297760,5.230885,-1.006599,-2.735006,-1.400354,3.901287,-1.262793,9.628275,-6.665405,-3.328495,1
-3.797126,-4.509118,1.427044,7.595272,5.904478,-1.474581,1.820837,1.537668,5.802078,-3.899554,4.875059,-0.142109,-2.108570,1.183525,-4.271026,3.223789,-3.291422,-0.874348,1.579746,-2.334902,0.261307,-0.811447,1.095284,4.539980,0.761213,-4.273723,-5.219646,-4.415654,1.503336,-0.627457,1
4.497210,-8.399797,-8.601700,1.796200,-1.917891,-1.939413,3.932560,3.497013,3.141489,-2.871176,0.032227,3.130978,-6.185148,3.167198,-4.158788,4.529808,-5.523972,6.432741,8.872055,-9.570906,-1.502136,2.826637,0.000175,1.436695,1.576881,-1.543749,2.243593,1.295591,-1.146984,-4.056884,1
-1.635170,0.121714,-2.847729,0.459480,-6.277928,1.729483,4.851860,-11.963692,3.978266,-5.130386,4.239370,-1.423626,0.708128,0.281401,8.124104,-11.061554,-0.400412,-2.459074,4.162884,7.121468,6.818914,13.129475,-1.248734,2.942808,4.974337,6.381067,4.403236,-0.164816,-2.452049,2.578974,1
-0.518717,3.023649,-2.324335,6.981329,4.982811,-2.704121,6.091597,2.602985,5.925091,3.543234,7.173054,1.136473,-1.392895,-6.604383,3.275055,-3.858549,-5.117429,6.825005,4.349266,5.251732,4.540968,-3.274872,7.054783,8.742313,4.844717,6.637091,1.383709,8.910812,0.940283,2.251461,1
2.303743,-0.596329,3.589102,-4.503153,-3.097616,1.813036,7.452509,3.677935,-1.086548,-1.491184,2.209635,2.889843,5.494478,2.043531,3.136229,5.816317,-1.199242,0.115074,4.444286,1.482489,8.866228,-1.836590,-0.167160,-3.679962,9.997147,1.442930,1.252747,4.448805,1.241552,0.609970,1
3.586905,-2.107069,-4.625218,5.614393,8.107899,4.273066,2.784763,2.060102,-0.729586,1.597198,-1.659592,2.109762,-4.467211,0.753233,7.681946,5.089891,-4.636599,5.331947,-0.800631,3.890430,0.960613,-1.852974,3.969837,-4.122370,4.943024,2.377880,6.934776,-0.717501,2.689663,9.052460,1
-2.379808,-4.887519,4.508265,-0.817911,-6.474469,-0.906065,6.567574,-0.980293,-4.233440,4.256086,0.787790,-2.650303,-2.299114,5.455057,-3.154545,-1.677883,-1.462526,2.186369,4.971884,1.945274,6.503941,3.079927,-7.519300,1.145906,2.006374,0.076290,-0.301096,-1.011341,-4.747612,8.765659,1
-2.753931,13.984543,-2.849417,-2.424631,2.991520,3.401810,7.045643,-3.021112,0.096746,-2.424196,-3.545412,-1.277670,-0.894520,4.119640,3.700151,6.906353,0.155767,-2.819277,-2.141708,1.023336,-8.998938,-4.913896,-4.795686,7.412050,-6.651093,-3.836943,-0.587469,5.216845,-3.179352,-1.244913,1
6.606554,3.698540,2.934679,-2.873459,3.855894,-3.881453,4.854622,2.579905,0.199945,5.470425,6.921070,4.145903,2.003551,7.043713,5.803560,-6.109552,-9.538486,-2.683073,0.099072,1.344534,7.753519,4.363958,-5.274980,-0.224461,3.997587,3.744411,8.419989,-1.944557,3.579477,5.749565,1
2.368275,1.830563,-2.933472,-2.745222,2.606098,5.022127,2.172924,-1.231297,-3.960041,-0.737593,-1.327826,4.393682,-0.461697,4.416143,0.506676,4.242455,-1.189678,7.132145,1.227709,4.101313,-5.672509,-1.995697,0.156504,2.969824,-5.196336,-1.497547,1.271168,2.990515,0.457815,2.248182,1
-4.362072,-0.014513,-1.135223,5.671633,12.522884,-3.140425,1.158403,4.873873,6.141554,-0.961359,2.248051,-0.010397,0.985754,-1.008560,1.410578,11.356056,-0.505093,-3.720470,4.994911,5.972486,8.517479,-2.555929,6.584059,5.578680,4.326508,2.894423,4.336069,4.795645,5.079170,6.806293,1
2.828594,-1.602943,-3.869795,8.437202,-0.643715,5.264454,4.817942,0.861231,9.682510,-0.695223,4.517061,8.135809,-8.259968,4.997465,0.677244,-3.948743,9.486595,-3.865612,9.356388,0.832054,3.485710,-2.110670,6.040686,5.583866,1.850275,8.238543,-2.806425,7.555941,5.709324,-0.593826,1
2.942572,0.374826,0.248400,0.872398,-3.188227,-3.054445,-6.650706,4.863676,4.028934,1.863426,-5.159741,-2.617567,5.642185,0.772749,-6.703716,2.286562,-3.936541,5.614857,-6.721089,11.747787,3.105352,-0.738588,7.670450,-1.464260,-4.253662,2.654598,5.629204,-2.600698,2.604935,-0.459032,1
-0.068384,5.542465,5.296410,-3.649299,5.640387,-2.167280,0.354076,8.092594,-5.378464,-4.451276,4.018303,0.753231,4.680601,-3.560062,-0.312727,-4.997756,-0.889158,0.412159,0.253578,-2.363083,0.855413,-3.487103,-5.794825,3.574797,0.269394,1.873016,-4.018086,-4.330215,0.670483,-1.308268,1
6.176298,9.129011,-1.963346,9.831871,4.396074,3.256800,-5.421741,-2.181475,7.570765,3.838854,-3.629336,-2.638920,-0.844931,-3.309723,1.914373,-0.437109,-3.221476,2.230614,-1.296434,13.558437,-0.307224,-2.270969,3.152569,-3.362207,-2.579472,-4.063060,1.163044,9.617407,3.206230,-0.484337,1
2.778488,0.155565,4.258444,-3.911298,-6.690693,7.158239,2.617733,0.926601,2.015121,0.287203,-1.785763,3.487827,-6.281499,-0.357992,2.131763,-0.297003,1.597197,7.390642,-3.548455,-5.545596,3.027742,6.935846,6.228991,7.071995,4.133818,0.042336,-9.982037,-2.373957,5.627171,-1.022587,1
-2.476524,-2.020920,3.930916,5.846764,-2.650841,-5.581682,6.529594,-0.254101,0.892960,-5.934662,6.668663,5.433861,11.039642,4.687092,2.742537,6.511871,-4.038872,0.130869,2.843266,-0.936071,2.597961,-1.578222,3.629869,3.244419,2.226997,2.010038,-4.120859,-0.350986,-0.328482,-0.297113,1
-1.320576,-1.051958,4.295155,-0.357744,0.515434,3.188547,0.017542,0.771679,0.252913,1.868834,1.400455,-4.037659,1.165417,-2.081242,2.093861,1.479094,-1.552603,5.087154,-3.536858,0.677956,2.758284,-1.092239,-0.578329,3.945173,7.602774,-4.144328,-7.632873,2.624529,3.116825,-5.264525,1
-1.985514,1.061020,0.450113,-1.000040,-2.970966,1.250360,-4.357441,-0.723743,-1.200531,-8.439607,-5.039226,3.396666,-3.101402,2.483667,-0.707415,5.884613,-3.078552,-1.622316,-3.205421,2.810724,4.801325,5.098650,-1.380520,8.329676,-2.426685,3.219320,5.385508,0.100819,7.592241,-0.227493,1
0.196709,8.755758,1.197252,-4.737672,-3.824522,-4.647955,3.657656,2.800760,0.006876,-0.310350,3.697262,3.545906,6.588375,2.199800,-0.907551,-1.333845,-0.813643,-0.946833,5.659313,4.733337,-3.171696,1.041697,2.953470,-4.093367,1.876074,3.283031,-2.382782,2.506338,2.577463,-5.009878,1
-1.465900,3.279999,2.151543,-6.613600,5.069748,0.159767,3.314619,-2.158655,-1.651424,-2.848959,9.031796,3.568691,-1.537121,2.891254,1.303246,5.359282,2.234531,1.671450,1.189865,7.658482,3.630232,0.368057,6.968943,3.264736,7.722826,2.094151,-3.714725,-0.945448,-0.972733,1.639929,1
4.430113,7.796108,0.765835,0.983618,4.120502,6.005302,1.149271,1.373985,-0.933613,4.168787,-1.468588,4.847961,-2.578279,1.290911,4.543072,2.625696,-0.022076,-0.281919,0.744324,6.362661,4.945848,8.059597,-1.011532,1.068012,-6.617910,2.219637,2.727213,1.006001,1.071173,-0.537245,1
-4.820900,-1.534536,-1.555195,0.019241,2.082336,4.443001,-4.547212,-0.377121,-1.525696,8.795752,3.742102,7.800871,2.456083,0.577831,-2.397171,-3.347977,-1.631872,3.028339,-1.816792,3.716938,0.378080,1.269665,-0.705921,0.888849,3.647955,0.354731,2.038345,13.980087,3.070837,0.346966,1
8.852287,-3.665756,-1.374186,4.367014,0.001650,-1.640490,8.071894,-1.452293,-6.954981,7.346041,1.221226,4.051256,2.083021,4.903965,2.602913,2.815643,-1.122278,3.129320,5.237814,-1.910557,1.787146,-4.771943,2.546120,3.730146,-1.101376,5.912479,1.115646,1.654922,5.657511,-2.368544,1
0.484346,-0.349480,2.862066,0.532080,1.289970,4.728813,-1.834858,-4.254985,-1.310986,-4.090857,-0.107866,-1.182507,7.003893,3.403795,-2.828962,3.092693,-0.381306,-2.207758,8.294334,1.490166,2.771774,-4.408946,1.074192,-1.962433,-0.336308,4.292810,3.974472,2.077330,0.784138,1.352921,1
-2.462236,-1.049910,4.414179,-8.504470,-6.069547,0.404722,-0.919781,-2.821568,-5.847841,-3.978262,0.979012,-0.302977,1.876314,-0.559469,-4.115217,1.743835,-5.198691,-4.880542,1.688093,-5.639811,-0.047552,-4.758671,4.309061,9.764975,-5.323298,2.580803,-2.058533,0.093874,-2.683277,4.779457,1
6.821180,-2.991302,6.707376,-4.250498,4.095295,-5.072977,-0.171209,1.071798,-2.121933,9.174377,2.274832,0.755085,0.747017,-0.779631,-4.685737,-0.468536,6.058773,-4.808962,-2.535408,-2.722496,5.752554,11.846075,1.038340,5.488926,-0.323263,1.131527,-5.771986,-0.700220,-2.397110,2.275282,1
0.667622,0.364422,4.291956,0.600136,5.659286,-0.345804,2.704550,-8.054853,3.910692,0.333055,-4.646946,5.131891,4.559143,-1.903107,-7.170550,-1.569075,-5.986560,-8.425896,9.339855,-0.655922,-1.577831,-5.994291,3.126612,-4.229432,-6.133884,5.194473,2.169010,-4.930419,8.435322,1.326813,1
-3.304050,6.981230,-7.296553,-3.128166,-1.012657,3.544115,4.006268,5.503567,-3.115648,-7.497449,2.440796,-2.484262,1.855721,-0.657099,10.094881,2.051548,3.953024,-7.133286,-1.312927,-7.431462,2.533936,-3.361927,-2.804888,2.940073,1.425724,-4.688910,-3.933996,-2.448576,3.468967,4.969877,0
-5.210892,-0.472498,-1.957310,-0.883066,-4.575195,-5.254730,-5.651195,-0.876446,-1.003773,2.774298,-2.257544,-1.031893,-2.439514,3.830236,-5.671919,2.575083,2.009230,5.561869,-4.453508,-6.767794,-6.381827,-2.232428,5.135744,-0.233906,1.136837,-2.092386,-1.419125,-11.526723,0.785097,-3.828285,0
1.570524,0.378712,-3.305960,1.953283,1.299425,-2.842548,6.366497,1.905052,-3.753664,5.861626,-3.198072,5.581390,-0.591442,-2.868855,-10.608149,1.427776,5.248051,-2.753948,1.992081,-0.986460,-3.050131,2.639900,-4.084513,-0.539814,-6.045519,-2.189093,2.139513,-3.725880,0.672283,-7.096553,0
-5.356503,-2.112587,0.246868,-1.757820,-1.000536,2.727797,-4.515720,-0.037956,-2.531780,1.606239,4.830370,-2.908712,2.638441,-0.885061,-5.773329,-0.967581,1.249548,1.228296,6.688089,-7.879916,-3.376844,-0.221001,-5.898083,-3.641596,2.031208,3.355665,3.348545,0.289936,1.355272,-5.182898,0
3.564146,-0.526657,2.533876,2.377708,2.288918,-5.915058,-3.622255,-1.469439,-1.308788,-1.299061,-2.862257,-1.127625,-3.104856,2.293200,-0.628584,6.947811,-0.183304,-0.560410,-5.740083,-1.682497,-0.727030,-3.588964,-4.316839,2.158985,3.059803,-1.314302,-4.707283,-4.221989,0.299711,-1.987593,0
1.383755,-4.831280,-9.544136,-4.188606,-6.699126,3.520489,-1.044830,2.698174,7.517094,1.292648,-5.980653,4.532415,-0.069481,-4.962299,-4.796577,2.465996,-5.511543,0.360493,-0.683006,7.966160,3.883293,-2.436415,-0.007812,0.488039,-4.243229,-2.352625,2.210642,1.615961,-7.294267,1.575121,0
-2.558277,-1.699224,-1.184650,2.992878,-3.238302,1.202127,0.513647,-0.098429,-6.744685,0.079206,1.265200,-2.038246,0.326324,-12.136032,-0.913820,4.148336,-5.367231,4.913792,-5.921190,6.951250,-1.883959,-0.418821,-10.654482,1.005535,0.788300,-3.299555,-3.396040,-3.909529,-1.254778,-3.605257,0
-4.663067,-6.699768,6.497536,2.305439,-1.335485,4.582306,3.301367,-3.513258,0.865934,-5.905237,8.467588,-0.251041,-8.702819,-2.005293,3.971682,-0.885851,-0.079165,-6.471636,-5.165674,4.136038,1.794769,-2.957384,-1.364079,-0.155058,1.284576,4.732967,-2.236172,3.348597,-4.231197,-1.178816,0
-3.302628,1.665569,3.616934,-1.991261,1.240047,1.852407,-1.645224,3.333017,-0.827955,5.141117,-2.329340,2.600384,-0.682625,0.426880,7.596994,1.189907,1.759575,-8.039574,-3.087570,-2.482573,4.852076,0.351915,0.672457,-1.004318,-6.866349,1.310946,-1.371597,-2.976059,3.094402,-1.321699,0
5.125555,-1.334301,-0.023029,0.029024,-1.855289,-6.485714,-4.771208,0.243183,2.737062,6.551870,-5.371908,-9.315356,0.434633,-5.849790,2.233555,0.251184,-2.686924,6.124863,-0.293333,-6.466130,-1.343271,-1.878195,2.216824,-0.545792,-5.924119,-0.732405,-3.314842,-1.856768,-0.807570,-4.694517,0
4.733519,-8.810345,3.552599,3.013800,2.774242,4.575367,1.793343,1.112734,1.924389,-0.369961,5.859158,-8.046269,1.603006,-2.924154,3.853968,1.018471,-8.454139,-8.646065,3.307457,6.972401,-5.659203,-2.076292,-7.269571,-6.728301,-4.255577,0.562002,3.924221,-6.626018,1.143480,-7.707105,0
-3.273317,-0.138136,-0.821804,-1.118788,4.876751,1.552851,-1.531900,-2.526192,-11.534873,1.440424,3.653423,5.189516,5.844744,-2.155308,-2.159525,-12.111482,-2.555559,6.192348,-0.486856,-0.083229,2.800055,8.783934,-7.150803,0.237310,-6.652719,-0.525536,-4.566826,7.225321,-10.555386,-1.902788,0
0.434252,1.419090,6.392736,-1.881907,0.002819,1.304823,4.528955,-1.150888,-2.989067,-5.458443,2.408554,4.792139,-13.544907,-2.115345,3.457048,-9.039104,-1.418762,-0.123926,2.270830,2.813890,0.087753,3.232889,-4.821978,6.813992,0.842741,0.120770,-0.871960,1.005680,-6.881668,-1.524109,0
-0.632586,-5.083982,-0.037458,1.315639,-3.087793,-7.134633,5.591080,-8.036400,-0.079237,-2.713516,0.359972,0.392628,5.426655,3.395449,-6.021937,-0.430788,2.229784,-3.121861,-3.272505,3.551634,-5.580482,-8.981022,2.259064,2.195534,0.805450,-1.847223,7.158007,10.852867,-6.536469,-5.088387,0
-5.655211,2.091318,5.992121,-4.700434,5.615614,0.715239,0.266777,-5.309858,-4.909330,-2.553713,-0.850208,-3.162922,-2.419573,2.069666,-2.591743,5.001011,7.504486,-6.786711,-7.199584,-0.416067,-0.502142,4.293232,-2.597631,2.752064,1.058002,1.472548,-8.305326,-4.284359,-1.899038,1.660326,0
-3.860912,-7.807261,8.353363,0.089424,0.787090,-4.206816,3.628397,2.900940,0.398035,-3.821037,-1.839758,0.748592,-3.516304,-5.134893,-5.197613,-2.664011,-2.732857,2.811609,-0.566622,0.006884,-6.364595,-5.407900,-8.398857,6.564165,0.209320,-6.673622,-1.746172,-6.301868,1.694544,-1.074192,0
0.910957,-0.722591,4.263752,0.406914,3.286608,1.294596,2.183260,-11.293812,-10.961149,1.129179,5.773085,-9.482509,-7.200908,0.945883,2.384277,-8.834941,-1.406038,-0.948982,-2.204948,-2.413136,0.091833,-3.871288,3.046133,-2.752417,-0.475052,-1.284288,-9.214394,4.387760,-3.738667,-2.645155,0
-5.405823,-1.038660,1.113697,-4.655266,2.765778,-3.326443,1.040770,1.730085,0.855844,0.551979,0.170101,1.830318,-4.389944,-3.040663,0.501223,0.619089,-4.064659,2.872004,-1.562561,-4.025539,0.403381,-4.836645,-1.471016,-11.133989,2.653584,0.718651,-4.841717,7.561277,4.421875,2.236553,0
-13.890085,1.098492,5.030670,1.664461,-8.932305,-0.189856,-5.392546,-3.479364,-2.111879,-0.254345,3.371895,0.013763,4.057940,2.077303,0.682692,-7.142825,-4.398157,0.209463,-5.057974,-0.555731,1.970379,-3.079010,-1.399544,0.518356,2.107048,1.851379,-5.214819,-1.454809,4.076389,2.655521,0
-8.138322,8.245564,-3.264704,1.900133,-1.472433,-3.260004,-3.449324,3.588539,4.071108,-7.198591,-9.321395,-6.808691,-8.880292,-5.774806,-0.090958,-7.074027,-8.087100,1.143887,-1.495670,-2.114849,6.147999,0.907169,0.358686,8.749678,5.263138,-5.047729,-13.697180,-1.667873,1.351746,-1.394642,0
-11.914127,-0.798353,2.296165,2.127682,2.393217,-4.853575,5.247646,1.559338,1.909861,4.385496,-1.870398,3.610823,-7.464020,-2.782801,-5.472614,-11.715803,-5.570429,-9.372246,-3.374552,-6.995133,-2.807911,-3.067703,-6.253698,0.595861,3.859022,-3.998846,-1.403505,-5.013130,0.160173,-4.601793,0
0.731588,-5.374037,-0.550591,-2.214642,1.071566,3.896959,-2.734680,4.629410,-1.964207,-3.579185,4.641928,-4.531471,-1.686584,-2.333414,-3.491846,0.703796,2.435734,6.378141,8.637615,-0.589762,2.222244,2.573067,-2.242893,0.731983,-8.430960,0.611982,1.260073,-9.321710,-1.782862,-2.173946,0
-4.153215,5.814281,-6.322609,-5.367033,2.417253,-4.357290,0.649574,2.525606,-3.152767,-2.667677,5.420528,-3.868093,-0.282255,-9.015230,2.322044,-7.798532,-8.004315,-5.397196,4.879738,-4.906336,-7.209897,2.329508,-2.624695,-1.994080,1.643806,4.094107,2.408619,5.203976,11.605152,1.471029,0
0.498571,4.114622,8.610210,-0.488773,-6.482377,-1.624603,4.644245,-4.117418,-2.976698,-1.159496,-0.387558,3.174690,-1.516617,2.110926,-2.203428,-5.910948,-1.105070,-3.626701,-4.588207,-0.440489,-3.807957,-4.868998,6.622326,-4.404324,-0.873470,-1.768047,-7.599356,1.823835,-2.078949,2.481071,0
1.487833,3.372742,3.266775,1.326704,-2.311260,6.413237,-0.311995,-0.287678,0.034992,1.640936,-5.908745,-5.793131,3.144039,-4.919941,-0.889557,5.899700,-4.000824,4.323784,-7.199115,1.203180,2.478846,-4.235813,3.533182,2.147099,-5.455906,-4.022463,4.854460,1.675495,-8.200978,-5.071642,0
3.908255,-2.851328,1.748047,0.819876,-3.148087,1.720070,4.829086,-4.743242,-1.466255,-5.934013,0.396257,0.820532,3.610537,1.989077,-4.960253,-0.593510,-5.615414,0.146992,4.232206,4.011200,5.892082,-1.163229,-4.519718,-1.376900,5.243164,2.788300,-5.016567,4.378822,-7.634984,-5.040451,0
4.154570,-4.887356,-4.889877,3.246004,-7.893797,3.626053,-7.467684,1.434021,1.831354,-1.473442,-1.620367,-0.416586,-5.064249,-2.034840,2.590900,2.544933,1.161062,-6.050624,-3.531647,-4.863146,1.168819,-4.663040,-1.929731,-11.087669,-2.660206,-8.864964,2.620577,-1.259119,3.289017,0.033813,0
-2.452541,6.130806,-2.290697,4.852890,1.321411,-2.107456,-7.231726,-4.770027,-0.869654,-2.100807,-7.939598,4.601126,3.151619,2.529097,-3.784182,-2.904871,1.212727,-6.407046,-6.071673,-4.100197,0.984537,-2.051264,-4.292286,6.140749,-4.256216,0.632565,-0.133833,-1.105688,-1.813110,-5.544395,0
-7.975186,3.628141,-4.987293,-4.877499,-0.698790,-2.625546,-1.682167,1.789804,-0.616730,-6.810678,-4.992416,-3.087009,-3.227741,3.474386,1.107540,-3.842424,-2.389360,-2.354746,-6.933551,-0.514071,1.738579,0.525621,-1.477917,-7.562611,3.182198,1.787043,-3.668127,1.237055,-2.161036,-0.718445,0
-5.072247,1.007019,-2.419004,8.508041,-8.779626,1.741142,-0.825254,-2.052404,4.094158,0.744221,2.615557,4.213697,4.605679,2.406124,3.361441,-3.354492,-1.147642,3.626059,-4.754665,8.039497,-1.660540,4.965229,-5.435856,-3.559374,-4.628702,-2.652121,3.230177,-4.540705,-2.227680,-2.817850,0
-3.091791,-0.604504,1.113977,0.250027,0.802004,-2.669806,6.538733,-5.113157,0.295309,0.202188,-0.432871,-9.010682,-8.478374,-10.728686,9.306545,-2.394758,-7.828007,3.075636,-5.080408,6.485645,-4.149446,-0.733900,3.005098,-0.148829,0.311831,-5.731676,-3.075226,4.201729,4.983017,4.688824,0
-3.027973,-3.378977,-5.961123,-5.151667,-0.588120,1.775213,-0.586000,8.522053,-0.798244,-3.769695,2.452688,0.479153,-2.689631,7.397615,2.626945,2.227072,-0.599850,0.276766,-4.944082,6.274925,-8.901102,3.270424,-3.741232,-3.731617,7.271376,1.148207,6.240452,-5.575453,-1.034136,3.751335,0
1.462065,1.218899,-2.841829,6.900534,-2.153048,-3.871073,4.003950,4.113003,7.641123,-4.768024,8.834118,-0.602163,-3.055267,-3.814011,-0.252430,2.373913,1.311876,0.568016,-0.417059,5.498827,-6.602782,4.295776,-0.053606,-0.549021,5.777288,0.174322,-2.222206,-0.763224,-4.234236,-8.324778,0
-1.018194,-1.542250,-4.162348,-1.855024,-5.602057,4.536634,-1.813745,0.117752,-0.785484,-1.942019,-10.033258,-5.870427,-5.270872,-1.024139,-0.265224,3.854031,-2.338474,-2.952591,5.921560,-3.549791,-3.242842,-2.201424,-5.183128,-3.922523,-4.280159,0.011606,0.976484,-3.290401,-6.481124,-4.438625,0
-0.723778,8.885889,3.049198,2.333921,-3.782349,2.858265,-7.366677,1.534800,8.224106,0.657637,-0.426956,-6.094553,-4.487513,-1.339403,-8.793412,-5.211958,-4.755825,0.607391,-8.016229,-5.333439,1.013279,-4.144299,4.067913,4.155699,3.044506,-5.353470,1.698624,-1.455887,3.854799,0.668848,0
-2.882265,1.914484,-4.365620,-0.205198,-0.879644,-1.296597,-3.340137,2.036423,-2.218885,4.455610,3.457661,-8.144374,-5.142239,0.832563,10.543228,-0.086111,-0.752308,0.695192,4.747704,0.247049,3.404568,6.891691,-5.169741,9.315702,4.510271,-0.560287,3.169641,0.412781,-5.125031,-5.792059,0
0.780298,-5.413788,0.079872,-6.484219,-5.238434,-7.859770,-5.395899,-4.371687,-4.017160,4.785988,-6.426906,0.359888,1.020506,5.013395,4.019989,6.470531,-1.255564,-3.841375,-6.935308,-2.991180,3.749264,5.501305,4.499390,-1.877079,0.842180,2.446386,8.338650,-1.771622,1.410172,3.349543,0
-2.257488,1.138533,0.173697,-3.684340,7.129406,0.897072,6.672508,0.438160,-3.760084,-2.795452,3.988934,-3.585255,-9.530240,1.284809,-2.130203,1.440737,-6.628230,-1.609869,0.150309,-0.541512,3.008801,-3.612844,-5.890100,-4.485529,8.297947,-5.023457,-3.605873,-6.695958,-1.946852,-4.765511,0
0.778299,-3.491125,-5.475988,4.549030,-5.122223,0.629467,-0.309805,-10.736773,-2.040045,-1.815390,-10.957682,-2.341948,-5.278519,-4.023844,-2.553797,-0.966505,-6.295699,-2.728067,-0.520033,-1.559879,-2.596605,-2.472897,-6.427986,-6.291317,4.032804,-5.499430,-3.884686,-2.792290,3.751541,1.050442,0
-4.837910,4.686800,0.215771,-6.309917,-4.324448,-9.713900,4.952366,-3.993221,5.314802,3.509983,1.273392,-0.590893,3.081556,6.354662,-3.952276,-2.053478,-2.186583,-3.053690,0.993380,-3.816292,-0.826244,-1.418783,1.376028,3.559008,4.887402,-3.536819,-2.595366,3.104473,1.038422,2.398609,0
2.740086,-7.365559,2.808619,-12.295578,7.057005,-3.204052,2.474159,0.962242,3.059645,-2.750311,-5.145086,-2.097122,5.339447,-4.529684,-4.779310,2.258919,-4.581352,0.386959,1.119852,0.517429,-2.392578,-4.682411,2.533636,1.381054,-10.469642,-2.262640,0.641447,-9.382274,-3.541775,-8.204160,0
-2.151279,-0.593708,0.937897,-1.688492,-7.219749,7.550657,-2.285686,0.899532,-0.672989,-0.448963,0.677603,-0.034664,-5.387741,1.318798,0.018423,-2.879705,4.479240,-0.984304,-3.594997,-0.491407,-2.106421,0.762190,0.584291,1.315233,1.863495,-2.088530,-3.215050,-1.181343,7.340328,4.348871,0
-6.289783,2.748827,-6.129500,-4.588528,0.551546,-2.523026,-5.573733,-3.472057,3.935705,1.451107,-2.618269,-1.876411,-0.395523,1.139097,-1.570234,-3.076887,0.110582,-7.913206,-1.661207,-4.842323,0.293276,4.795837,5.291979,-2.514215,-5.260353,5.876091,5.924492,1.735752,-1.656847,1.909290,0
4.193226,5.335653,-3.808451,0.999207,8.329838,6.567942,2.108683,-7.326298,-5.480703,5.746216,0.020473,-4.740280,1.822367,-1.629738,-0.729891,-6.594053,4.614393,-3.197998,9.049463,-5.110760,-2.315779,-6.138021,0.780130,-1.153143,-1.212515,-3.157656,-3.112411,2.641127,-0.892132,-4.552561,0
-1.903721,0.266964,-3.290712,-1.064650,-4.348063,-6.037278,3.282974,0.048027,0.335592,-4.513994,1.075987,-4.438084,-3.571327,-5.344759,-9.011147,-5.555029,-3.195934,-3.713099,1.596794,-0.568020,-0.147560,-0.087685,4.776243,-6.176280,2.221855,-0.283825,-6.150809,-1.480888,2.989147,-7.268403,0
2.058506,-8.486454,-3.012350,2.492069,2.131079,3.759161,5.899061,-4.533342,-0.298664,-3.190063,0.114616,-2.860682,4.592562,-8.872505,0.438448,-1.202814,-7.269465,-3.451477,0.888346,1.267426,-0.539598,-3.381945,-5.412022,-2.192419,-2.961521,-1.909231,-4.701717,1.431599,1.804213,1.031111,0
-2.041517,-3.828888,-7.206605,-4.089827,6.097790,1.887074,-3.163992,-4.352161,0.812185,-4.760857,2.489170,-2.753923,-7.536895,2.927500,-0.207331,2.902391,-4.525925,-0.272490,7.296232,-3.271204,-4.045383,-5.582362,-0.580318,0.288925,-1.103678,-1.734123,-1.163996,7.675011,-4.515137,-1.020920,0
-4.745434,2.070379,0.119581,0.535227,-15.276119,4.280548,-1.076145,-0.427176,1.051006,1.146389,-0.450684,-1.718685,0.596577,1.196463,0.038862,-0.101431,-4.045277,2.866987,-3.410303,-2.927870,-2.775188,-5.635161,-2.219681,-0.707853,3.507359,2.647030,-3.865629,-0.365135,3.612837,-4.349159,0
-1.563931,-5.296314,1.287706,1.289099,-0.277687,-0.572733,6.001974,-3.969101,-0.405016,-4.930162,8.575941,-3.177881,-0.777950,-2.118151,-3.300999,-0.798840,-1.989557,-1.433477,3.172144,-1.097462,-4.340382,0.183628,2.744982,0.671309,0.994761,7.051943,-6.877192,-4.125662,2.694597,0.299135,0
3.061296,-1.411860,8.527750,-6.392308,2.639002,-4.814495,-6.746888,-6.442863,-5.976868,1.385336,7.173992,-7.727793,-2.937384,2.648098,2.521414,1.418676,-1.490549,1.256777,-0.048010,-1.847752,-3.859028,-5.624415,-0.362694,-5.160402,6.548954,1.181004,-4.863302,4.362694,4.846737,3.687292,0
2.497900,3.422928,-1.211498,-4.662619,-1.521809,0.342855,-5.337032,-5.835379,6.498396,-2.596106,-2.988464,1.102163,-2.332870,-4.647127,-5.670501,0.449949,0.902304,-0.300257,3.032413,-0.763206,0.402691,1.140814,-1.658751,-3.889767,2.107077,0.982704,4.996887,-6.168311,-0.926394,-7.782654,0
-4.545185,-0.970495,-3.475733,-2.054398,-6.865086,0.413893,-1.474977,-4.655159,-8.902505,-6.408152,0.078138,1.347160,3.518305,4.727097,-5.558241,-7.839460,-4.390345,-1.197041,-3.054642,-2.165928,-7.464478,-1.470371,-0.520346,-7.643369,-4.219910,-1.371964,-2.698915,-3.774097,2.536640,0.377380,0
-5.620857,-2.502321,2.558832,-2.122042,-2.831280,-0.419003,2.876091,2.730858,-6.035484,-7.818738,-2.143307,0.437489,10.096828,-1.145765,1.929394,1.294981,-6.906528,-3.688330,4.871595,0.353611,1.488279,1.298750,-0.799900,-5.229614,0.881994,2.750862,0.197327,-0.881632,-2.370380,5.684048,0
0.391346,-1.204958,-2.751307,3.705143,1.381220,-4.879339,-11.159154,-1.412945,1.298454,3.407349,-1.693489,-4.266804,-1.169067,-1.533028,-0.212694,0.736391,-3.112154,0.349348,-6.805291,-2.769361,1.585428,2.760559,0.902882,4.390211,-1.660151,0.347916,0.726858,0.343649,-2.792894,6.790806,0
1.364960,-2.994658,-7.446647,-4.106647,2.024969,4.408434,-7.366632,-5.813700,-2.051394,1.261381,-7.984412,-0.837725,10.730244,-0.581726,-1.083601,-1.340635,-4.453888,1.082941,-1.063450,5.566982,-2.414865,2.064205,-0.510910,1.878590,-2.260677,-2.472570,-0.637096,-5.378984,3.111275,-4.053373,0
-1.705084,-2.208645,-3.658459,-0.179575,-1.231062,1.421267,-1.595858,1.967505,3.214815,-5.903920,-2.198606,5.999430,3.663334,-3.391632,-3.307503,-4.060509,-3.480278,-0.446012,1.994425,2.989126,0.860582,-4.719933,-6.438948,0.603374,-6.013292,0.238480,0.366085,2.184250,-7.087543,-1.492489,0
3.798939,-1.476645,2.819292,-4.789721,3.782139,-3.193985,-5.901217,-2.279037,-1.927586,0.230621,3.887676,0.416456,-7.205125,-1.459652,0.285973,-4.536554,-1.316433,-2.517483,5.488070,4.909361,-3.813814,-3.211700,0.449717,6.567186,0.278856,-4.512707,1.811953,1.914036,3.490583,-3.164246,0
7.744919,-0.594223,-0.060740,-0.713362,3.108089,-1.352308,-4.377426,-4.360458,-2.525236,1.059437,-3.292351,1.228598,0.201454,0.351425,1.456936,1.623659,-8.351010,-0.776455,3.051386,2.957325,1.970490,0.424257,-2.574999,-2.432003,1.702517,-0.187851,-2.148821,-1.822247,-5.843770,0.297094,0
3.418215,0.366627,3.252920,-3.881121,-4.992060,-1.303431,-0.949947,-3.290571,-1.044474,1.038000,-7.935066,-10.018562,1.768051,6.727789,-0.517071,-10.665029,-2.088261,1.205441,-4.166695,-2.297535,4.043249,-0.591028,-0.594173,-1.380558,-2.509096,0.411777,0.241146,-0.002970,-6.962616,-4.798647,0
5.973005,-6.287861,-2.963585,4.141907,-9.310484,5.348478,3.414618,-6.983498,-1.148043,0.243076,-2.766829,0.762747,-4.055824,-4.799824,-1.813683,-0.598436,2.340849,-2.857868,0.179327,-3.260000,-1.514488,-7.949012,-1.708529,3.899801,-3.398071,2.005810,0.020847,-2.507318,-6.307823,-2.446461,0
2.726526,-5.707339,4.954006,-4.182602,-9.770045,-0.208790,-5.206629,-3.883821,-11.980062,-6.377368,2.273932,-0.971701,0.745693,-7.819901,1.208738,-6.808319,1.204666,2.935390,-4.750828,0.798426,0.720459,-2.134634,-5.949177,-3.270775,1.455492,1.292673,-5.712727,-1.367033,4.487410,-0.285480,0
0.840755,-0.361416,-11.496191,-3.559502,-3.149216,1.363562,-5.245424,-1.037796,0.625902,-8.557864,-1.111727,-1.849535,-1.697344,0.378561,3.071352,4.549452,-3.867405,0.907431,3.005087,2.167759,-5.464260,4.120687,-3.800734,-5.612886,-3.139410,1.596905,3.183081,-0.094084,-3.519934,0.915966,0
-7.056398,-6.771181,3.857437,-3.393969,0.893286,-2.715136,-4.469193,-0.478926,-4.557034,-3.078245,-4.742992,0.443966,-0.796518,-4.860683,-0.502953,0.324373,-6.761887,-5.432301,2.989130,-0.175831,0.012396,1.153290,3.554205,-10.451781,-2.578274,-0.797424,1.366385,1.271959,-2.476364,0.034737,0
-4.036749,-0.202654,-4.031178,0.644079,1.063602,-3.036419,-4.032507,1.346498,-2.524807,-0.423786,1.337698,4.158857,-8.890857,1.024586,13.077286,2.516354,-1.245920,1.983498,5.956837,-5.685018,4.637661,-1.217695,-2.946863,-9.342048,-1.748924,-0.344002,-2.770576,2.750957,2.745388,7.291609,0
-4.200975,3.235579,-7.054457,-8.603359,-4.050760,2.607462,2.016972,-5.996305,0.629715,-2.645466,-4.854694,-4.165716,10.026834,3.486784,-2.758270,-5.122717,-5.382544,9.013031,-4.730339,-0.206425,-1.458387,-0.752357,3.563446,4.313082,3.132401,-3.719418,-2.181667,7.302839,8.085211,-1.820955,0
2.790087,0.992456,-3.687809,2.440874,4.424435,-6.640708,-5.553909,-1.856604,3.162344,-3.053549,3.162245,-0.938080,-3.683050,-1.510273,3.360039,-1.417074,-2.396219,1.416286,-1.631426,4.096745,1.620911,-1.018745,0.082991,8.978590,2.642370,-1.051037,4.059652,0.159063,0.534809,-2.410215,0
-1.618799,-4.820696,-3.039856,2.811829,0.369528,3.521761,-2.275137,0.990608,-8.048850,-1.549984,-4.302404,-2.284452,1.622204,-1.159670,-2.774595,1.466383,3.728666,2.678581,-3.215281,-7.400785,6.875584,-4.875240,-3.139553,-7.336453,-1.458883,-6.848823,3.461191,-1.561617,1.835703,-0.468769,0
-2.314554,2.371572,-0.244238,-9.689703,-4.107687,-3.270670,-0.326971,5.066536,-3.777952,1.013863,2.864454,-5.538649,-0.281769,-7.681053,-0.912580,-5.627286,2.501427,4.579496,3.552301,-2.231728,1.582693,-6.620519,2.602055,0.553993,-1.925512,3.798004,-0.897066,-0.871214,2.988291,-3.497192,0
-4.298269,-1.654392,-0.227428,-2.805679,-0.977573,3.953285,-4.987848,2.414852,-11.206516,-1.377689,-5.183479,-0.238541,6.550932,4.286909,-0.992603,-4.177866,3.749928,-0.201237,-3.429131,4.137703,-5.716897,-2.774563,1.759949,4.118416,-7.989994,-1.409304,-0.005835,-1.562376,-3.651937,-14.304573,0
4.929735,3.909773,-0.577044,-1.385939,-3.836163,-2.894594,1.065268,5.279400,5.563469,-0.369726,-0.893957,-0.176304,-5.270018,1.612177,-1.231403,-2.867491,-1.766432,3.673260,-5.178894,-6.712754,6.097462,-4.580229,7.399576,0.418612,-0.276203,-5.482676,9.064884,1.416895,-7.633593,10.520969,0
-0.861034,-5.624363,2.691244,3.336033,-2.269663,-8.796456,2.300919,5.532534,-3.351017,3.344883,1.281973,4.972673,0.886932,0.782623,-0.666437,0.307230,4.305590,-1.170078,3.933203,-6.395410,0.412001,1.474405,-3.434195,-0.152540,-1.603628,-5.231781,-0.097364,5.551165,-2.301115,-5.166954,0
-8.045981,-4.485365,-3.433226,0.526684,0.459743,0.030409,-1.899902,-0.604671,2.454224,-2.428490,-1.326416,-4.113651,2.919724,-5.181442,-4.842768,0.784945,1.621557,-5.569688,-6.413432,-5.441656,-3.748714,-2.241972,6.482079,3.421043,0.439682,1.579369,-2.349583,-7.050589,-12.814688,0.605984,0
1.791309,4.249237,3.605597,-3.387360,2.934256,3.313698,5.265146,-0.281427,-1.441952,-1.720663,-2.490818,-4.479025,-4.291609,-1.431330,3.446789,0.833834,-0.419743,-2.709953,-6.902411,-2.376339,-6.387818,2.294151,2.135811,-10.093551,2.039333,-3.718792,-3.319641,1.053608,0.099819,-6.654103,0
-8.858712,-1.387678,-3.100386,-7.256728,-0.549212,2.017544,-3.925385,-1.716959,0.579269,-2.797459,1.782608,-5.889841,-1.841791,-4.532417,-1.155613,-2.489094,4.516432,-4.155069,3.907854,-5.598284,-1.708843,-5.157005,-0.989780,9.279345,-2.673206,-0.109430,-3.159742,-6.431321,-3.427458,0.062637,0
-1.519058,3.986620,-0.211115,-4.287294,4.980274,0.015045,2.912716,-3.754595,0.600454,-0.156706,3.527555,-3.272728,-2.981497,-6.113000,2.685453,4.801771,-1.474247,-0.583010,11.328606,-6.097412,-2.106415,-5.151398,-6.884382,-8.173408,1.693628,-0.848322,0.614901,-3.381346,-0.480808,-0.531397,0
2.221516,-1.442936,-2.685366,-6.684281,0.161421,-1.027660,-1.510487,0.105497,4.119349,-4.307665,-3.316652,-0.778807,-5.981811,-8.403759,-2.080889,-5.194023,-0.787317,-3.302433,-0.695778,-4.054022,1.029522,8.758074,-2.681137,-1.780117,5.407286,-1.688364,-7.965365,-0.577576,1.740337,1.969120,0
-7.173649,-0.484917,2.273455,-3.829855,3.610462,0.386232,-3.855751,4.620071,-3.903337,-8.686296,-3.636932,-5.044695,5.598406,-0.370485,1.904406,0.272917,-1.847118,-3.506355,-6.629524,1.014433,-7.709838,2.344397,-5.711224,-3.021013,-1.075285,-1.220081,-2.325739,-2.184946,-4.653534,2.910072,0
-0.191486,0.715071,0.234140,6.509817,3.065430,1.213718,-1.479877,-0.673185,-3.740210,-0.120802,-4.752274,-0.134087,-2.292011,-4.569002,-4.849310,4.478676,-6.270329,2.077923,-5.417135,1.221226,-2.134531,-5.424139,-5.606750,2.391287,-4.850763,-5.743128,-4.602974,-1.272701,-5.407814,-1.264822,0
-0.524862,7.080751,-2.024836,-2.855732,-2.795322,2.588657,-4.947519,-4.217222,4.743757,-6.055365,-1.286051,2.350407,0.965155,0.589504,-0.240694,0.574244,-3.174431,0.399803,-2.919239,-8.179903,3.121378,-0.867504,-2.100504,-3.874018,-7.791008,-2.229244,-9.209888,-7.132284,2.368534,-3.498550,0
0.401173,-3.754051,-2.461557,-6.740868,0.243353,2.223183,-1.648794,-7.076407,9.602833,2.052845,2.340393,-2.122076,-0.584625,-2.934299,2.688704,-1.629551,-0.946814,-1.939848,-4.410618,-2.488829,-2.910545,8.767790,2.285946,6.212688,1.020382,1.279964,0.891241,-3.656528,4.560820,4.265425,0
8.206400,-5.219053,-3.354652,2.375751,2.458727,3.997557,0.947882,-10.305231,-1.211531,-2.578066,-3.392307,2.060434,-5.150602,5.919619,0.721704,-0.467258,-0.696205,-1.588739,-1.647917,-0.587406,2.093527,2.361864,-1.661152,1.269566,-6.663574,-4.914347,-1.695890,-3.009596,-1.971178,-4.269749,0
-2.900331,-6.728721,1.461422,-1.805704,-5.166439,5.364223,-1.806913,-0.405279,-1.337196,-7.418672,-1.168653,-0.740847,3.922031,1.718012,-4.482891,-5.256674,-1.338934,2.675825,0.628414,3.337021,5.370031,4.321751,-0.036514,-0.896872,3.223988,-3.570406,3.374788,-2.913099,6.620111,0.394932,0
1.170862,-11.484105,-0.485691,-2.360605,7.319397,-8.161386,-2.306124,-6.388856,-2.220795,2.108959,3.254684,6.077560,6.042963,4.288595,3.552958,-4.488842,2.503859,-3.589882,-3.264330,-6.106718,-1.929541,-4.824799,1.032278,5.508802,2.013866,1.135483,-0.137632,0.883900,0.060905,-7.554606,0
-1.263498,3.106186,0.355574,4.543949,1.482618,-4.266783,4.170551,1.672783,3.318451,4.395685,-2.302614,1.286890,1.981924,2.234385,-3.346647,-2.569530,-5.726125,2.593817,-3.109816,5.566292,-2.944969,-2.363718,0.142683,-5.039825,0.073597,-3.256172,7.072155,-0.000244,-4.056786,-6.092999,0
-3.236172,-2.940819,-6.596802,3.864784,6.745354,0.915785,-5.449770,-2.335075,-4.264702,3.469278,1.160828,-0.688801,3.795393,-4.780088,-5.749588,-3.985100,-0.122175,-4.824455,-0.644508,-2.895252,-0.747437,2.824211,-6.462096,3.772478,9.112616,1.552759,1.353811,-1.514908,-3.815508,-12.192200,0
5.504593,-4.537807,-5.717275,0.301102,0.318836,-2.427721,-7.235737,1.820616,-8.964527,-2.113443,4.829527,-3.213675,-2.138029,-4.270960,-0.180737,-1.065758,4.464960,-7.444682,1.315826,-1.613214,-2.192383,-5.016581,1.138084,-2.525494,1.988783,-1.269112,-0.183426,2.677427,-8.921211,-0.004826,0
0.728636,-7.530843,2.362461,0.186752,-1.052736,-1.230646,4.972815,1.192026,-1.119102,-2.204967,-1.976616,4.309559,-4.921864,1.643677,1.395126,1.185778,6.343187,-4.820131,-1.640816,5.239824,2.659922,9.602051,-2.382380,4.242002,-7.450638,-10.675234,-3.077116,-2.269567,-0.468044,-4.334852,0
-1.542208,-2.265779,1.347248,-2.050016,0.240009,-4.854496,4.732460,3.141712,-2.347776,-4.316605,2.533449,2.274435,-4.069830,3.645794,2.687513,-0.637043,-2.476475,1.099466,-10.555702,2.558451,-3.725595,5.722860,0.676838,0.361639,1.182667,8.181849,4.834568,4.930511,1.374537,1.331253,0
1.002247,-0.019545,-3.702988,0.078684,-1.542929,-2.530451,-5.208878,5.952799,-1.919424,-3.837572,-5.828358,5.701206,0.512300,0.187189,1.480385,0.190523,2.651009,-3.958382,-2.197042,-3.597971,-1.994940,-3.893782,-5.082907,-3.912464,1.704836,0.258911,2.021078,-2.296391,2.206192,-10.954237,0
-6.308187,0.856558,-6.706019,-5.389322,-1.376024,5.575726,1.032961,-0.127974,-4.610727,0.936924,-4.578463,-0.087755,-1.216599,3.730194,-1.909760,-1.043320,0.789351,-7.755948,0.003571,-3.208059,-1.592779,-0.790581,3.252932,1.859020,-4.558296,-2.585476,-2.577518,-2.130245,-1.645861,-5.890635,0
-8.223929,5.617401,2.089540,1.430552,-9.842866,-2.939140,5.836346,-6.492496,3.588068,8.663031,-3.697649,-0.061205,-2.267700,-10.767406,-2.120615,5.356731,-0.440557,-0.818108,7.954521,-1.850454,0.710363,-5.540135,-3.063326,3.875538,8.512924,5.798777,-0.568670,5.389191,0.209242,6.248583,0
-2.113495,-2.831190,0.451124,1.757746,-8.723308,-1.187565,2.809952,-8.551641,-2.954704,-5.003265,6.015865,-2.520182,-0.626232,-4.006756,4.226393,1.767565,0.470076,-3.737322,5.119532,-1.465178,-0.890015,-4.877590,2.368683,3.718401,-1.438061,-6.633705,-1.978601,-3.018387,6.255468,0.305431,0
-7.688511,4.532854,-2.689278,-6.683057,5.925270,6.707523,-11.629560,-6.708369,3.964062,-2.925709,-2.701418,0.839897,-6.584581,-1.737652,-3.828838,1.266403,1.467300,1.004084,-3.948458,0.839285,-8.818016,-7.088368,3.164768,0.485619,-3.435467,-0.249830,-5.994181,-0.840620,3.466162,1.583866,0
-2.915396,-2.857607,-0.715593,0.288418,-7.410295,-0.159742,-3.093946,4.810179,-6.169118,-0.391169,-0.092962,2.165440,8.691940,-5.771357,9.304096,1.407131,3.262228,-1.657133,8.711279,4.423878,5.364874,0.595242,-5.748151,-6.057559,2.607939,1.099842,4.964842,-2.475288,-6.399194,-4.041731,0
-0.123751,-0.353718,-3.968315,4.255444,-2.818869,0.897036,-0.335144,1.545780,4.853188,1.417858,0.040079,-1.088028,2.341705,-2.104675,-1.597576,-0.524105,6.365593,-5.617228,-9.587208,2.518473,6.457830,4.912865,-8.135552,-1.499496,-1.345091,-0.966190,-0.836351,-0.747213,-2.429823,2.233036,0
0.654480,1.921085,0.508953,-4.030985,-0.126881,0.542706,1.750351,-1.512320,1.317087,0.102200,-1.233665,-1.306097,-6.948828,-4.028011,-6.220822,2.008690,-3.050323,2.010506,-1.602299,1.470665,-1.386589,0.245674,1.014456,0.527281,5.580864,2.931780,-3.990324,-3.000313,3.649269,0.989697,0
8.090076,-2.642277,2.241522,3.042044,-3.385664,6.336044,-1.779959,-5.854838,-0.516138,0.155535,-0.601034,-1.388678,4.188335,-0.843111,-6.657187,-1.808372,0.666878,1.614828,0.682880,-1.289837,5.215456,-5.066120,-10.176387,-0.082514,-5.234512,-1.605148,-5.789496,-0.302422,-0.635307,-3.396549,0
-1.249739,-8.530683,2.853432,3.009460,0.103035,-3.465748,1.638395,5.535986,-1.736174,-2.825836,6.464027,2.442423,-5.693221,-4.633236,-2.895054,4.587076,-3.244486,-6.836228,-2.587742,-3.633631,-2.185808,-1.721363,3.711903,2.518015,-10.127442,-3.768038,-1.353739,3.975815,2.952410,-7.272662,0
-0.862448,-0.619518,4.245756,-7.605535,-1.849667,-2.515694,5.941433,-2.726355,-1.404419,3.326073,0.881203,-2.330837,3.260786,-5.389521,-3.611279,-3.376213,-2.202372,1.502172,-2.560984,-7.903839,-8.188992,3.529718,-0.074896,-6.836077,2.829983,0.694122,-0.371271,-7.758869,-1.210777,0.206629,0
1.439371,-3.028715,0.842724,-5.450045,1.229340,5.339970,-2.799301,-1.778313,-0.929581,-10.233496,-2.455626,0.640869,4.097254,1.189547,-3.289707,-0.159271,3.009857,-9.424128,-6.428063,4.262934,-1.740690,-3.105150,-0.646820,5.413134,-2.023994,-4.575443,3.610420,-6.227782,8.400448,-2.182642,0
4.809660,-11.375772,-8.059068,0.096502,1.559408,1.791914,2.674757,-3.062901,3.636465,-4.114408,-1.421185,-0.476385,0.139936,-4.623743,-1.745358,1.433956,-0.164387,-0.657175,-5.414246,-3.494932,-2.578960,-8.220220,-5.428562,-2.047192,3.151102,-0.248564,-5.747239,4.604807,-6.964307,-2.142681,0
9.564854,-0.469254,1.911167,-0.324135,-6.465942,-2.165554,-7.935825,-9.557655,1.424677,-8.993577,3.832479,0.653389,-1.735716,-1.011732,-3.655951,-0.631147,-1.257061,-5.750826,-1.774336,-1.967194,2.605797,-4.676588,1.889648,0.746456,2.610800,0.508696,-7.608310,-0.800407,-0.883410,2.997089,0
2.550114,-1.616547,-5.230497,1.089830,5.496321,1.477768,0.461782,-0.832750,0.175884,-0.899754,0.099430,-3.626709,-7.903234,-2.518511,3.402435,-0.943335,-0.171185,-2.378937,-4.720842,3.955132,-7.182511,-5.687749,-9.925748,-1.899057,-0.968519,4.605944,-5.746090,-1.772360,3.666538,2.814655,0
-5.226080,-2.407200,0.948851,4.031469,-0.452738,-5.152866,-5.869812,-5.327887,-0.661160,-4.607359,3.205393,-1.128859,0.000917,-4.745150,-2.015427,-14.650754,-5.352373,3.875359,-13.462073,-3.124647,1.636421,-0.921595,-2.651665,-0.086466,5.586477,-2.411129,2.027821,0.642605,0.951214,-4.563391,0
1.246605,1.054699,3.424873,-2.649147,-0.855198,1.708488,3.350306,-2.075176,-0.109165,4.805941,4.908066,-4.598467,3.795649,0.665497,-6.614902,-5.024136,4.631092,11.441368,-2.397495,-0.467209,-7.475712,-2.938442,-0.384516,-8.701818,-3.156139,-0.220945,2.411774,-10.251960,-1.260887,1.237307,0
-1.993633,-3.664516,-3.575018,-3.820147,0.347424,-1.973541,-6.225450,-8.998435,4.993608,-2.972706,-1.706793,-0.423981,2.802870,1.152172,-1.662392,-0.322880,1.402412,-5.763736,0.220272,-3.060081,-1.242260,1.555185,0.587509,-5.905676,0.446712,0.005554,-3.195520,0.784832,-0.257219,-5.664481,0
-5.358318,-1.788160,1.450014,-0.281633,4.934416,-13.128573,-1.623886,-1.510908,3.721867,-2.566662,6.683529,-0.693596,4.070044,2.595381,-1.192522,3.761053,-2.642828,4.260284,-4.955250,-2.117779,1.616486,-5.407148,2.596832,-3.689993,-4.838818,-3.044043,-6.292484,-3.437166,-4.066013,0.855398,0
-1.881195,-9.315840,1.011564,7.162596,2.573158,-5.095398,-2.795897,-4.324209,3.132933,3.843010,6.565506,0.337046,-0.607700,0.068249,-6.450532,0.807232,-2.168354,-3.298977,4.211420,-4.829155,-4.973635,-3.714821,2.749113,-2.765972,-7.499647,-3.091116,-9.174652,1.703793,-4.165236,2.859308,0
-7.950552,-9.239574,-3.714874,7.181469,-1.956188,-9.457249,-0.775656,7.394835,-3.909035,2.784866,-7.185183,3.939993,1.942009,1.408308,-2.473701,-8.540642,1.438797,5.152605,0.219799,-1.924191,4.676786,-6.685347,4.054281,-3.088078,-1.109369,-4.848522,2.222374,3.539074,1.978968,3.841351,0
-3.088764,-1.259752,-4.244026,3.097349,2.599728,-8.675225,-5.863420,0.610060,6.065712,-7.485120,-2.266665,-9.653399,-2.801744,-3.149204,6.167624,-4.107260,-2.550144,1.599699,-1.293468,-4.278414,3.168743,0.606279,2.636538,2.487846,2.025564,-4.154259,2.222330,2.345871,3.272676,-1.731667,0
4.173054,-3.355907,-5.045069,-5.535791,-6.246280,3.856815,2.683693,-1.804932,0.510696,-6.322707,1.134600,3.586737,2.789585,2.317238,3.280266,3.477413,2.795763,-6.058892,1.440729,-4.920004,-1.378553,-0.380335,3.914404,-3.369482,-1.189781,-0.804552,2.967430,1.182049,4.116236,-0.746498,0
7.677414,-8.206937,2.004847,0.487610,5.306053,1.287212,-8.353027,1.184845,3.853123,5.826660,-8.829166,6.687912,0.981102,2.105974,-7.983855,-8.301289,-2.050037,-4.978018,-4.128082,1.916676,-1.296089,0.169622,-4.324305,-6.162494,-2.023066,7.690998,-4.177809,5.486565,5.561056,3.691187,0
-6.738101,-1.239334,-6.496473,5.125748,-2.998787,9.258585,-4.318670,1.625563,-5.001770,3.753908,0.503626,4.864235,-1.112448,2.300146,-9.152315,2.318623,-3.357409,4.156885,-3.883213,-5.374832,3.249233,-5.128420,-2.661957,2.608904,-3.313185,1.051229,-0.249908,-6.140947,6.242506,-0.617006,0
4.533470,-10.846510,4.003527,-0.044878,-2.447384,-0.104574,-4.283541,3.671413,-7.043692,3.570417,2.710133,5.632370,1.579117,-2.382351,3.786303,-0.955530,-2.253004,-6.195330,0.958681,-2.803770,2.932121,-8.458385,3.847141,-4.825239,-2.287956,-2.625217,-9.613980,3.557266,3.340202,-1.382902,0
4.639822,4.345251,5.732920,-6.460332,-2.781660,6.343338,-9.432939,-3.328587,-0.506365,-1.829010,-2.311983,5.136356,-0.771271,-0.283426,3.592028,-5.547295,-4.305038,-3.451681,1.864264,-0.565760,2.853992,3.355972,2.555754,-1.324615,-7.505183,-4.709400,-8.061248,11.630566,2.797430,-2.187908,0
-3.450661,-4.323391,5.545563,1.226837,-4.258890,-5.138781,-5.449987,3.180143,1.389168,-3.315380,2.491009,3.731615,-1.202963,4.305805,-5.164705,-5.148243,1.953928,4.737705,-3.797327,-2.970289,4.449409,-6.985564,0.170609,-5.120596,-0.484287,-4.023493,-5.377800,2.355860,-0.795965,-4.758572,0
2.606075,1.549458,3.731815,-0.306936,4.236422,-4.315704,-2.103094,-2.755680,0.595757,6.654343,-1.029308,-3.051859,-1.421848,-4.111460,-0.217463,-1.927408,-7.561728,3.613672,-1.111267,-1.491650,2.753756,-1.951355,-0.546026,-8.029379,-6.132304,1.193542,-0.243481,-0.510632,-3.774130,-9.020576,0
2.275997,-2.235229,-3.347507,-13.677927,-1.265919,5.298077,-3.625616,1.461802,3.651262,5.079382,-2.517498,-5.345867,1.556847,0.796532,-2.953299,1.787849,-2.277645,3.730005,-4.460442,-3.472652,-10.118157,-1.517920,-4.913147,-3.877001,0.623695,-3.524174,3.296270,-0.148661,3.591827,-6.090368,0
-6.779418,-0.160391,7.458008,-2.702526,-4.729313,-2.720787,-3.920723,1.597208,-8.124725,-3.573141,-3.936579,1.903799,-5.009678,1.896345,-2.594007,-6.684185,-4.965118,-2.218763,-0.263199,1.516169,-1.577250,6.272097,-1.580111,0.043501,-5.467245,-7.059487,6.372469,-2.426594,5.739687,0.178097,0
3.283508,4.334787,-5.187233,-0.831310,-2.345875,8.149237,3.790861,1.669395,-5.267059,-8.310342,-2.417845,-2.454203,0.192917,-0.204828,-4.784504,2.565584,1.554249,3.997423,9.734905,2.196232,-1.618441,-4.853666,-3.035439,-5.579024,-5.281315,-2.605909,-2.211023,6.466660,0.902025,-5.014526,0
-3.694151,1.748299,-3.459970,-0.896461,-1.871426,-0.809160,0.672279,-5.443075,0.628853,-0.256969,-1.667789,2.439947,2.947954,1.424170,-0.278332,-6.194407,1.431618,1.686543,4.855661,-0.335091,2.462667,-5.936199,-2.076214,-9.554062,-3.254833,6.840408,5.271780,-5.064026,-4.089676,-2.717140,0
-1.669914,-4.210701,-5.255186,0.271456,-6.245190,6.937952,-2.164679,-0.318142,-4.692404,3.725842,-4.874020,-3.090660,-0.399782,-3.704937,-3.706419,4.405375,-0.036259,4.031218,-0.765944,-0.665798,-5.957456,-8.486256,-4.870901,-11.446359,1.660143,2.270178,-0.373375,-0.871586,2.003031,-0.285437,0
-4.280067,-3.000713,5.680952,-4.532097,-1.849854,-0.933012,0.958706,-6.471858,4.886831,3.343763,-4.528830,-1.672909,-4.775745,8.219315,-1.451391,2.482073,0.663395,3.172653,3.326271,3.015244,0.783245,1.768562,-2.750523,-0.136271,0.705557,1.466633,-3.260612,-5.709555,-4.476187,-0.137714,0
0.302626,-10.438133,-5.480553,-3.236073,-4.724400,6.724588,5.320791,-2.061424,-1.359940,1.225557,3.720455,-3.575041,-3.745092,4.239193,-2.456459,-4.454893,-3.062580,-2.237101,3.128252,-2.439434,5.975508,-4.645550,-2.425917,-6.261345,-9.705525,-0.867273,5.464352,1.246187,4.425606,1.363674,0
0.423525,-6.146330,0.999290,-6.550133,3.659014,-2.877468,-4.080156,-1.049109,2.329712,2.701855,-1.618364,-5.341650,1.703842,-8.174809,0.033321,10.317093,-7.001430,1.486111,-0.564085,0.909035,-3.581024,-2.752651,-0.740145,-1.061502,3.667290,-3.820925,3.964142,-0.589468,5.873468,-2.367704,0
