200 0.204598 0.199897 0.202182 0.192773 0.267500 0.270000 0.243500
400 0.143477 0.142096 0.154394 0.138398 0.210000 0.210000 0.203500
600 0.136280 0.125856 0.137419 0.118670 0.210000 0.240000 0.192000
800 0.134648 0.125483 0.137553 0.117740 0.205000 0.260000 0.193000
1000 0.134437 0.126369 0.138606 0.119371 0.207500 0.210000 0.193500
1200 0.133208 0.128775 0.141483 0.122237 0.202500 0.190000 0.190000
1400 0.132896 0.127181 0.138682 0.118364 0.200000 0.270000 0.184500
1600 0.130798 0.131170 0.145261 0.126473 0.205000 0.210000 0.189500
1800 0.129387 0.124695 0.136422 0.115386 0.200000 0.250000 0.185000
2000 0.132312 0.123552 0.136336 0.116450 0.197500 0.230000 0.188500
2200 0.131873 0.123247 0.135881 0.115865 0.202500 0.210000 0.188000
2400 0.131379 0.126293 0.139940 0.120608 0.200000 0.210000 0.184000
2600 0.127653 0.136735 0.146718 0.123912 0.212500 0.270000 0.185500
2800 0.128738 0.122150 0.135976 0.115382 0.195000 0.220000 0.181000
3000 0.130593 0.130058 0.140233 0.118243 0.215000 0.260000 0.175000
3200 0.127073 0.153484 0.170944 0.151357 0.195000 0.230000 0.191500
3400 0.126388 0.135914 0.153024 0.132039 0.180000 0.200000 0.183500
3600 0.126547 0.119725 0.133498 0.112752 0.177500 0.190000 0.170000
3800 0.125459 0.117509 0.127526 0.107203 0.180000 0.230000 0.161500
4000 0.120569 0.115585 0.127571 0.107759 0.172500 0.190000 0.157500
4200 0.122808 0.116158 0.127285 0.108548 0.170000 0.190000 0.152500
4400 0.122533 0.112518 0.121655 0.102994 0.165000 0.190000 0.147500
4600 0.115929 0.127844 0.140088 0.121476 0.162500 0.170000 0.158000
4800 0.118713 0.115767 0.125230 0.108815 0.165000 0.170000 0.158500
5000 0.120819 0.120707 0.126369 0.108735 0.170000 0.240000 0.144000
5200 0.120959 0.121319 0.127860 0.109740 0.190000 0.240000 0.153000
5400 0.117614 0.117095 0.122606 0.105639 0.175000 0.190000 0.150000
5600 0.120304 0.123292 0.133705 0.117008 0.160000 0.180000 0.155500
5800 0.121151 0.111364 0.119512 0.102096 0.157500 0.170000 0.145500
6000 0.119971 0.111452 0.118392 0.101578 0.160000 0.180000 0.147000
6200 0.121109 0.113355 0.121977 0.106407 0.157500 0.180000 0.151500
6400 0.117887 0.113564 0.120961 0.106164 0.152500 0.170000 0.146500
6600 0.118149 0.106951 0.113331 0.098184 0.140000 0.150000 0.130500
6800 0.114552 0.116243 0.122744 0.111232 0.157500 0.180000 0.160000
7000 0.097503 0.098588 0.100467 0.088851 0.125000 0.140000 0.110000
7200 0.088745 0.080808 0.083697 0.077304 0.105000 0.090000 0.096500
7400 0.080408 0.089764 0.090607 0.085231 0.105000 0.130000 0.089500
7600 0.075461 0.065793 0.065165 0.069525 0.052500 0.040000 0.068500
7800 0.071639 0.063384 0.064517 0.067037 0.050000 0.030000 0.056500
8000 0.075496 0.069766 0.069798 0.076727 0.055000 0.060000 0.070500
8200 0.069700 0.069763 0.068413 0.076047 0.060000 0.060000 0.069500
8400 0.073170 0.064609 0.063039 0.066149 0.052500 0.040000 0.055500
8600 0.069383 0.061133 0.063033 0.065842 0.047500 0.040000 0.062000
8800 0.069996 0.062855 0.063696 0.068228 0.050000 0.050000 0.065500
9000 0.071815 0.060584 0.055815 0.063740 0.040000 0.030000 0.051500
9200 0.068411 0.059510 0.057365 0.063276 0.042500 0.030000 0.053500
9400 0.066927 0.060106 0.060206 0.066056 0.055000 0.040000 0.068000
9600 0.070035 0.073878 0.071820 0.081980 0.070000 0.070000 0.087000
9800 0.066534 0.060862 0.060116 0.063889 0.065000 0.040000 0.059500
10000 0.072401 0.058029 0.059680 0.061682 0.055000 0.050000 0.059500
10200 0.067053 0.070658 0.077436 0.073778 0.060000 0.090000 0.070500
10400 0.067047 0.063843 0.062260 0.064595 0.057500 0.040000 0.057500
10600 0.068266 0.057872 0.056246 0.059615 0.050000 0.040000 0.050500
10800 0.065465 0.072969 0.072285 0.072446 0.077500 0.100000 0.077500
11000 0.068013 0.059757 0.059928 0.061296 0.052500 0.070000 0.056500
11200 0.067560 0.067856 0.064001 0.073027 0.052500 0.050000 0.066500
11400 0.068114 0.062902 0.062802 0.067535 0.067500 0.060000 0.072000
11600 0.069384 0.057438 0.055810 0.060752 0.050000 0.040000 0.056500
11800 0.069001 0.075962 0.074981 0.076661 0.087500 0.100000 0.088000
12000 0.068959 0.057785 0.056420 0.060147 0.057500 0.030000 0.056500
12200 0.068684 0.057691 0.056927 0.059304 0.062500 0.050000 0.055500
12400 0.065164 0.069071 0.066939 0.071253 0.077500 0.100000 0.082500
12600 0.067355 0.070655 0.064084 0.076514 0.065000 0.050000 0.067500
12800 0.069001 0.058104 0.057202 0.062021 0.060000 0.030000 0.065000
13000 0.068714 0.087173 0.079023 0.094961 0.080000 0.090000 0.104000
13200 0.067280 0.058978 0.055937 0.062453 0.047500 0.030000 0.058500
13400 0.067993 0.058680 0.058311 0.061197 0.055000 0.050000 0.058000
13600 0.067053 0.065009 0.065117 0.071025 0.077500 0.060000 0.075000
13800 0.068779 0.059210 0.058941 0.064396 0.060000 0.080000 0.066500
14000 0.069167 0.071158 0.069110 0.078023 0.077500 0.060000 0.086000
14200 0.068668 0.061116 0.058879 0.066361 0.060000 0.050000 0.070500
14400 0.070649 0.057785 0.053673 0.059173 0.047500 0.040000 0.053500
14600 0.065604 0.057382 0.055154 0.059914 0.060000 0.030000 0.061500
14800 0.067891 0.058150 0.059274 0.061201 0.057500 0.080000 0.059000
15000 0.069148 0.058970 0.053679 0.059900 0.047500 0.040000 0.053000
15200 0.069133 0.056649 0.053255 0.058279 0.050000 0.030000 0.053000
15400 0.068844 0.072727 0.075738 0.073559 0.077500 0.090000 0.080000
15600 0.069349 0.061941 0.056725 0.065824 0.047500 0.030000 0.063000
15800 0.067308 0.064689 0.062543 0.070166 0.072500 0.050000 0.070000
16000 0.066146 0.071371 0.070648 0.071115 0.062500 0.080000 0.068000
16200 0.068817 0.067403 0.070747 0.068151 0.060000 0.080000 0.068500
16400 0.068665 0.064082 0.060498 0.063672 0.067500 0.050000 0.058500
16600 0.069960 0.058620 0.056398 0.058966 0.055000 0.040000 0.053000
16800 0.069224 0.091413 0.088485 0.089716 0.092500 0.110000 0.093000
17000 0.067342 0.061568 0.059428 0.061426 0.067500 0.060000 0.064000
17200 0.065997 0.062242 0.056539 0.066297 0.047500 0.030000 0.065000
17400 0.066846 0.057770 0.053711 0.059710 0.052500 0.030000 0.057500
17600 0.070960 0.073455 0.072829 0.072889 0.075000 0.090000 0.075500
17800 0.069505 0.058817 0.052610 0.058468 0.050000 0.020000 0.053000
18000 0.068832 0.071708 0.063613 0.076365 0.060000 0.040000 0.067500
18200 0.069403 0.074350 0.066368 0.080157 0.062500 0.050000 0.078500
18400 0.068473 0.058776 0.054030 0.062949 0.050000 0.030000 0.062000
18600 0.069569 0.056719 0.052952 0.058455 0.052500 0.030000 0.056000
18800 0.066862 0.059096 0.056644 0.060305 0.055000 0.050000 0.057000
19000 0.067326 0.066923 0.066449 0.071933 0.080000 0.060000 0.085500
19200 0.066985 0.073481 0.077602 0.073676 0.065000 0.090000 0.070500
19400 0.067186 0.058043 0.056759 0.061285 0.057500 0.070000 0.058500
19600 0.071085 0.060060 0.056529 0.064089 0.052500 0.040000 0.062000
19800 0.066770 0.062040 0.056967 0.063294 0.070000 0.070000 0.064000
20000 0.069905 0.059043 0.052883 0.061670 0.052500 0.030000 0.054500
20200 0.069126 0.064791 0.059581 0.068188 0.062500 0.040000 0.063500
20400 0.062654 0.062764 0.060214 0.067380 0.072500 0.050000 0.070500
20600 0.068421 0.078843 0.079372 0.078175 0.072500 0.090000 0.080000
20800 0.066728 0.057343 0.053625 0.060491 0.047500 0.040000 0.056000
21000 0.071027 0.058797 0.057332 0.060922 0.067500 0.040000 0.063500
21200 0.070037 0.065920 0.066767 0.066113 0.067500 0.080000 0.070000
21400 0.065629 0.062413 0.056428 0.062361 0.070000 0.050000 0.061000
21600 0.065481 0.069756 0.069598 0.070516 0.087500 0.100000 0.083500
21800 0.068748 0.063348 0.060175 0.068839 0.062500 0.050000 0.069500
22000 0.067716 0.064358 0.063183 0.065186 0.077500 0.080000 0.074500
22200 0.065533 0.058081 0.054362 0.061102 0.052500 0.030000 0.059000
22400 0.067490 0.059046 0.056760 0.063295 0.057500 0.030000 0.062000
22600 0.068750 0.060088 0.056197 0.060700 0.055000 0.050000 0.059000
22800 0.068886 0.060138 0.054606 0.062765 0.052500 0.030000 0.060000
23000 0.067046 0.110264 0.104907 0.106380 0.095000 0.120000 0.100500
23200 0.068641 0.063696 0.057942 0.068413 0.062500 0.040000 0.069000
23400 0.067617 0.060600 0.055112 0.064457 0.055000 0.030000 0.059000
23600 0.068492 0.088272 0.087771 0.086251 0.085000 0.100000 0.083000
23800 0.067959 0.058398 0.051973 0.059640 0.050000 0.030000 0.050000
24000 0.064736 0.058042 0.053913 0.061063 0.050000 0.030000 0.054500
24200 0.069345 0.070301 0.065897 0.075858 0.070000 0.060000 0.074000
24400 0.065348 0.074332 0.071787 0.079570 0.075000 0.060000 0.083000
24600 0.069097 0.056861 0.054385 0.059501 0.055000 0.030000 0.055000
24800 0.068797 0.057413 0.052254 0.059532 0.052500 0.020000 0.051000
25000 0.068269 0.057153 0.053719 0.059949 0.060000 0.030000 0.058500
25200 0.070504 0.059932 0.054059 0.063383 0.050000 0.030000 0.061500
25400 0.066530 0.061905 0.057556 0.066703 0.052500 0.030000 0.066500
25600 0.067024 0.081161 0.077323 0.080298 0.090000 0.100000 0.086500
25800 0.068023 0.060288 0.053217 0.063070 0.047500 0.020000 0.058000
26000 0.067025 0.068957 0.068346 0.068834 0.065000 0.080000 0.065000
26200 0.067305 0.061977 0.063484 0.065106 0.067500 0.090000 0.070000
26400 0.069499 0.059142 0.052992 0.059989 0.052500 0.030000 0.057000
26600 0.070753 0.059594 0.058041 0.064282 0.057500 0.040000 0.069500
26800 0.065550 0.079749 0.073841 0.086364 0.070000 0.080000 0.089000
27000 0.067218 0.070160 0.068824 0.074150 0.075000 0.060000 0.074500
27200 0.071513 0.060308 0.056708 0.061180 0.060000 0.070000 0.061500
27400 0.067063 0.060872 0.061891 0.063135 0.065000 0.080000 0.066000
27600 0.069081 0.057605 0.053856 0.060435 0.052500 0.030000 0.057500
27800 0.067679 0.057563 0.056919 0.060521 0.060000 0.060000 0.059000
28000 0.068126 0.057880 0.058296 0.059121 0.057500 0.060000 0.054500
28200 0.068520 0.059721 0.056282 0.062149 0.057500 0.060000 0.061000
28400 0.069699 0.074097 0.070437 0.079870 0.070000 0.060000 0.074500
28600 0.066830 0.059236 0.053273 0.061316 0.050000 0.030000 0.055500
28800 0.063722 0.057072 0.056758 0.060735 0.055000 0.030000 0.064500
29000 0.067780 0.057366 0.057002 0.059729 0.060000 0.030000 0.061500
29200 0.063697 0.064686 0.062706 0.067870 0.070000 0.060000 0.068000
29400 0.066950 0.115156 0.117950 0.113949 0.110000 0.140000 0.112000
29600 0.067725 0.059846 0.057932 0.064341 0.060000 0.040000 0.069000
29800 0.068968 0.064153 0.060732 0.069144 0.067500 0.050000 0.069500
30000 0.067659 0.063534 0.059023 0.067713 0.057500 0.050000 0.065000
30200 0.064170 0.059046 0.056140 0.059308 0.062500 0.050000 0.056500
30400 0.067230 0.061670 0.060366 0.062326 0.060000 0.070000 0.060000
30600 0.065486 0.067480 0.065263 0.070197 0.072500 0.060000 0.069000
30800 0.067974 0.057805 0.053074 0.059151 0.050000 0.030000 0.053500
31000 0.068486 0.058633 0.055146 0.062942 0.050000 0.030000 0.063500
31200 0.068299 0.065942 0.065007 0.066620 0.080000 0.090000 0.077000
31400 0.069496 0.058621 0.053770 0.060767 0.047500 0.030000 0.054500
31600 0.068618 0.071091 0.067324 0.077641 0.072500 0.060000 0.082500
31800 0.067709 0.060858 0.059965 0.062210 0.062500 0.080000 0.062500
32000 0.069494 0.065811 0.056560 0.068429 0.042500 0.020000 0.054000
32200 0.065753 0.086017 0.080318 0.093767 0.085000 0.080000 0.102500
32400 0.070334 0.060376 0.059159 0.062183 0.072500 0.040000 0.067000
32600 0.068268 0.065708 0.060693 0.070520 0.060000 0.050000 0.071000
32800 0.066457 0.062998 0.056833 0.066122 0.057500 0.040000 0.056000
33000 0.068841 0.056514 0.055461 0.059326 0.055000 0.050000 0.057000
33200 0.067289 0.065004 0.058584 0.069248 0.055000 0.040000 0.065500
33400 0.067624 0.059956 0.055784 0.060626 0.055000 0.050000 0.058000
33600 0.069232 0.068404 0.063536 0.073114 0.065000 0.050000 0.062000
33800 0.065429 0.114447 0.116205 0.111112 0.107500 0.120000 0.103500
34000 0.067530 0.058061 0.054391 0.058508 0.057500 0.030000 0.057000
34200 0.068752 0.057018 0.053119 0.060323 0.057500 0.030000 0.054500
34400 0.066658 0.057028 0.054022 0.058684 0.057500 0.040000 0.057500
34600 0.066985 0.059431 0.053681 0.059375 0.052500 0.030000 0.058500
34800 0.068746 0.063075 0.060132 0.067648 0.067500 0.050000 0.068000
35000 0.067717 0.057027 0.054968 0.060265 0.057500 0.050000 0.054000
35200 0.066628 0.062753 0.058286 0.062467 0.075000 0.050000 0.063000
35400 0.067872 0.057506 0.056630 0.060148 0.060000 0.040000 0.055500
35600 0.068023 0.060349 0.059650 0.061059 0.055000 0.040000 0.057500
35800 0.069876 0.057244 0.053586 0.060292 0.052500 0.030000 0.060500
36000 0.068419 0.080973 0.074892 0.088475 0.087500 0.070000 0.096500
36200 0.067929 0.062983 0.063711 0.064914 0.065000 0.080000 0.070500
36400 0.067684 0.057330 0.056228 0.061314 0.055000 0.030000 0.062500
36600 0.064132 0.068603 0.069845 0.070338 0.077500 0.090000 0.077000
36800 0.069107 0.059753 0.054130 0.062789 0.047500 0.030000 0.058000
37000 0.069610 0.058754 0.055225 0.059558 0.057500 0.050000 0.060500
37200 0.069043 0.073540 0.066155 0.079872 0.057500 0.060000 0.083500
37400 0.066091 0.074038 0.076019 0.072521 0.072500 0.080000 0.070500
37600 0.067781 0.059491 0.056083 0.061731 0.057500 0.070000 0.060000
37800 0.067394 0.066271 0.067028 0.067234 0.067500 0.080000 0.072500
38000 0.067032 0.070330 0.060346 0.072977 0.057500 0.030000 0.058000
38200 0.065020 0.056503 0.053848 0.058892 0.060000 0.030000 0.057500
38400 0.068556 0.069628 0.059254 0.073157 0.047500 0.030000 0.065500
38600 0.068293 0.059847 0.062472 0.063206 0.062500 0.090000 0.064500
38800 0.068742 0.064372 0.064891 0.067112 0.070000 0.090000 0.074500
39000 0.067226 0.065314 0.060698 0.069263 0.065000 0.050000 0.062500
39200 0.068907 0.069355 0.067098 0.068964 0.065000 0.070000 0.065000
39400 0.064664 0.071816 0.061273 0.076462 0.050000 0.050000 0.077500
39600 0.068501 0.057461 0.058324 0.060326 0.060000 0.070000 0.057500
39800 0.069507 0.062057 0.057613 0.061459 0.067500 0.050000 0.059000
40000 0.067575 0.079769 0.084038 0.081103 0.072500 0.090000 0.080500
